day13/0203.jpg 614 355 684 357 769 368 842 379 643 524 768 535 640 356 803 375
day14/0307.jpg 553 413 624 408 694 400 766 396 621 563 731 553 584 410 734 395
day31/0551.jpg 533 337 592 339 672 336 732 334 592 479 693 476 569 335 701 329
day13/0517.jpg 578 470 634 477 699 482 754 489 606 601 703 608 607 467 729 482
day23/0310.jpg 520 408 582 407 656 399 724 394 577 563 687 549 545 403 690 391
day26/0077.jpg 556 299 631 301 716 298 790 301 607 467 741 465 596 298 760 293
day36/0423.jpg 568 296 638 300 726 304 793 311 620 459 736 463 610 296 767 305
day37/0016.jpg 469 362 543 359 621 361 698 364 520 528 644 522 500 358 657 360
day25/0310.jpg 540 320 620 326 707 327 796 331 584 511 724 520 571 317 745 324
day09/0324.jpg 518 323 576 324 638 321 696 320 577 443 667 440 548 324 669 316
day15/0009.jpg 500 383 572 388 642 387 711 384 556 532 666 531 537 383 682 382
day05/0272.jpg 530 312 604 313 690 318 761 319 583 486 703 485 558 313 720 312
day02/0350.jpg 574 446 633 448 704 445 765 447 624 591 724 587 597 445 728 441
day31/0071.jpg 499 370 582 375 666 370 745 366 565 553 695 545 533 369 702 364
day28/0665.jpg 533 281 595 282 656 279 719 281 576 409 674 402 568 276 692 277
day32/0150.jpg 525 354 599 357 688 357 755 354 577 527 698 525 558 351 721 350
day23/0201.jpg 620 420 687 423 758 430 816 433 659 570 766 581 650 418 783 428
day35/0452.jpg 530 345 599 345 679 345 747 345 579 507 699 502 563 341 714 341
day14/0376.jpg 501 253 574 250 648 240 719 237 556 404 671 400 529 249 683 237
day04/0605.jpg 545 356 616 364 688 362 753 362 590 519 712 521 575 355 719 358
day22/0437.jpg 512 380 584 384 674 386 746 391 562 553 686 558 552 378 713 387
day24/0461.jpg 575 437 634 425 697 404 757 391 647 551 747 526 605 429 732 398
day36/0581.jpg 545 334 607 336 675 333 737 333 594 472 700 465 574 336 705 332
day25/0008.jpg 523 341 596 341 675 336 750 334 579 503 698 502 554 337 714 332
day34/0296.jpg 555 375 621 372 689 367 757 372 603 510 713 508 591 372 730 368
day33/0396.jpg 472 278 547 284 627 280 712 280 524 446 656 442 511 278 672 276
day19/0585.jpg 508 352 569 340 628 334 695 334 556 466 656 453 540 344 667 331
day10/0364.jpg 585 288 660 280 738 269 814 265 654 436 773 414 624 280 776 263
day26/0071.jpg 538 312 619 304 701 298 775 302 600 476 726 470 574 304 736 300
day18/0315.jpg 567 381 631 386 696 387 758 392 608 523 720 525 596 380 728 388
day39/0271.jpg 519 328 592 331 670 328 744 330 574 494 692 493 560 325 719 323
day27/0525.jpg 511 345 595 351 673 353 750 355 568 525 697 523 562 343 725 352
day04/1055.jpg 612 340 680 341 746 346 815 350 652 483 764 487 641 339 780 344
day34/0341.jpg 567 308 659 307 749 312 833 322 622 494 763 500 612 302 797 321
day39/0108.jpg 471 381 541 384 614 381 687 380 514 534 631 531 502 379 641 375
day10/0895.jpg 591 277 664 275 740 269 812 268 652 426 769 426 631 273 779 268
day23/0194.jpg 535 353 606 356 683 359 754 361 574 515 692 521 574 348 728 357
day05/0096.jpg 511 397 573 405 636 413 691 418 548 534 642 542 544 397 664 409
day37/0439.jpg 473 360 550 364 639 362 718 362 525 535 655 536 514 357 683 356
day01/0121.jpg 626 374 703 384 774 392 831 396 674 541 782 547 662 374 805 392
day38/0425.jpg 597 306 660 306 730 306 785 310 648 441 744 440 631 306 760 308
day30/0369.jpg 504 340 584 342 667 342 750 347 553 516 691 520 543 339 713 340
day30/0184.jpg 548 379 622 376 696 375 768 374 601 540 718 536 580 376 732 371
day30/0603.jpg 483 320 554 324 635 325 716 325 529 488 653 481 516 317 672 316
day25/0190.jpg 481 391 557 389 628 385 708 380 538 548 660 544 524 389 676 380
day37/0138.jpg 498 376 579 381 661 379 740 377 556 556 691 558 540 376 704 373
day29/0209.jpg 562 344 624 346 692 352 752 357 597 476 704 480 596 343 723 352
day08/0437.jpg 445 445 507 444 564 436 620 436 505 563 591 557 476 439 592 435
day08/0642.jpg 477 332 553 336 639 348 714 354 526 508 644 510 517 333 679 347
day09/0064.jpg 532 371 592 369 660 370 719 376 572 498 674 496 557 370 686 369
day30/0528.jpg 582 312 653 323 730 332 791 340 619 468 735 479 619 316 760 336
day13/0479.jpg 624 289 709 279 789 280 876 282 686 456 822 452 664 281 836 278
day10/0198.jpg 655 462 716 463 780 460 840 456 710 602 803 596 685 463 814 456
day02/0046.jpg 513 416 586 418 665 416 738 417 561 585 684 592 544 415 703 414
day10/0570.jpg 555 368 626 358 703 351 776 356 613 521 732 510 587 361 740 353
day32/0318.jpg 466 350 524 349 588 340 648 339 514 474 606 468 500 348 621 341
day13/0418.jpg 484 351 545 348 609 341 679 341 534 486 640 480 510 348 646 338
day05/0134.jpg 559 394 630 393 706 393 776 392 612 552 721 550 600 393 744 396
day17/0330.jpg 545 355 624 354 704 351 779 348 600 526 724 526 578 350 733 345
day13/0462.jpg 596 281 664 268 734 253 814 249 649 428 775 413 619 273 772 252
day06/0114.jpg 556 384 615 386 668 385 725 387 588 508 686 515 584 380 704 385
day33/0030.jpg 472 312 551 308 638 304 720 301 536 480 659 473 506 306 671 300
day19/0215.jpg 517 354 591 355 664 355 740 350 567 512 683 509 546 349 702 345
day20/0028.jpg 524 324 602 324 679 316 755 316 591 493 707 484 559 324 716 315
day23/0230.jpg 520 422 602 423 688 417 773 414 584 602 714 603 563 420 734 413
day05/0283.jpg 567 320 629 321 704 324 768 324 608 464 715 465 596 317 732 320
day04/0834.jpg 480 304 551 310 619 311 674 312 536 456 632 457 507 302 644 308
day38/0326.jpg 541 387 616 388 688 387 760 382 590 548 713 543 572 384 720 377
day13/0290.jpg 504 387 577 384 658 379 731 376 565 551 684 542 543 381 702 376
day25/0147.jpg 553 300 626 301 701 301 768 304 604 453 720 460 586 299 732 302
day18/0153.jpg 574 392 657 392 745 389 830 390 632 583 768 578 616 389 797 384
day24/0292.jpg 545 422 609 419 684 412 750 413 600 565 704 560 578 416 721 412
day17/0722.jpg 576 396 656 392 740 399 816 412 627 562 750 571 612 394 781 407
day20/0210.jpg 504 364 578 370 658 371 736 369 550 544 672 547 535 368 696 369
day23/0299.jpg 536 376 608 376 684 378 762 380 576 540 699 542 571 376 725 380
day21/0325.jpg 577 300 655 302 731 299 816 292 633 473 760 469 622 292 783 288
day21/0428.jpg 526 401 602 398 679 395 750 396 595 556 704 552 564 394 720 390
day08/0088.jpg 614 356 695 353 768 347 851 342 684 520 804 512 659 349 816 340
day38/0701.jpg 531 316 608 321 690 321 763 325 580 488 707 484 568 313 730 320
day18/0053.jpg 529 376 596 376 666 372 730 372 580 516 691 513 560 372 701 372
day38/0201.jpg 542 365 614 358 683 356 765 363 591 506 712 497 578 356 730 355
day22/0557.jpg 569 402 644 394 724 384 798 379 637 561 755 554 600 394 760 377
day28/0582.jpg 459 348 530 342 606 335 687 330 513 500 637 484 488 340 647 329
day15/0364.jpg 549 374 623 372 703 369 783 369 604 533 723 541 583 371 740 368
day23/0634.jpg 568 436 644 432 718 427 792 424 631 590 746 580 610 429 758 420
day05/0161.jpg 494 312 570 322 656 324 729 324 544 493 669 497 526 314 694 321
day28/0448.jpg 522 410 603 406 682 398 760 394 588 571 717 561 563 403 728 391
day01/0219.jpg 518 425 579 424 647 417 708 412 567 564 667 557 542 422 675 414
day38/0396.jpg 492 357 559 356 629 352 696 351 542 504 654 496 520 355 662 350
day18/0239.jpg 498 369 565 356 635 339 704 326 567 497 679 470 527 360 666 328
day06/0437.jpg 564 397 639 396 720 398 800 398 616 573 746 579 601 392 768 397
day07/0074.jpg 531 461 600 455 671 444 738 435 600 604 707 588 564 452 707 434
day04/0526.jpg 523 311 597 314 668 314 739 310 576 468 683 468 557 310 705 310
day30/0070.jpg 456 404 532 401 606 396 683 395 506 562 632 558 486 401 645 392
day04/1123.jpg 594 417 658 410 725 403 797 398 647 556 752 544 632 409 770 399
day18/0381.jpg 624 322 696 324 779 324 845 328 675 475 800 479 661 324 816 324
day23/0437.jpg 534 363 602 368 675 363 748 358 581 496 708 491 568 364 714 359
day24/0571.jpg 547 461 600 457 665 451 719 444 596 582 688 574 571 457 686 444
day19/0561.jpg 444 339 503 334 572 329 638 335 480 464 580 462 467 332 602 328
day28/0731.jpg 555 375 628 370 704 373 781 376 603 528 725 527 595 368 747 370
day34/0759.jpg 495 355 585 354 673 352 754 352 574 541 706 536 546 351 720 348
day13/0697.jpg 539 368 601 364 668 361 738 365 587 493 682 487 568 365 700 366
day04/0688.jpg 548 322 627 331 700 333 764 331 604 488 708 490 578 324 724 329
day20/0180.jpg 541 369 617 369 693 359 776 346 608 540 728 533 580 366 740 349
day18/0355.jpg 570 323 659 318 748 324 828 328 639 507 768 500 620 312 793 320
day38/0140.jpg 535 443 606 448 681 446 748 453 582 602 695 599 570 447 715 446
day27/0057.jpg 524 402 601 397 689 398 774 402 576 578 717 584 567 397 732 400
day13/0729.jpg 627 408 690 408 753 415 824 420 669 544 771 550 660 410 796 417
day03/0704.jpg 621 420 687 424 759 424 820 418 679 580 772 582 652 421 791 418
day17/0236.jpg 561 344 646 348 724 345 791 352 621 514 740 512 608 340 762 347
day36/0291.jpg 537 320 619 320 702 317 775 318 605 496 734 488 582 316 746 317
day38/0840.jpg 469 361 552 365 620 364 706 366 525 533 647 533 508 360 666 355
day24/0866.jpg 501 424 579 419 663 401 748 398 580 603 713 587 541 419 712 398
day10/0650.jpg 491 341 562 336 642 326 712 323 546 491 668 484 528 335 676 323
day30/0170.jpg 507 299 582 302 674 304 754 304 560 480 684 482 539 297 712 300
day13/0613.jpg 480 400 553 397 636 396 708 393 533 562 651 556 507 396 664 394
day06/0431.jpg 560 392 643 397 726 397 804 397 620 574 743 578 599 391 763 389
day34/0119.jpg 559 380 632 379 709 376 785 376 614 540 737 536 598 376 749 372
day17/1014.jpg 579 326 659 330 736 322 815 328 634 498 761 498 616 328 776 324
day35/0199.jpg 519 352 592 348 664 344 740 339 582 508 696 500 559 345 712 339
day22/0776.jpg 492 341 571 338 660 330 747 329 546 524 680 513 534 340 702 324
day30/0221.jpg 553 291 633 290 724 298 804 300 604 467 738 470 590 291 762 296
day15/0346.jpg 546 426 620 418 702 399 780 388 629 588 764 560 584 426 739 393
day34/0278.jpg 550 392 625 385 708 379 792 372 603 560 750 549 579 388 745 373
day36/0021.jpg 546 264 625 261 721 259 800 259 612 447 751 439 585 262 759 256
day21/0450.jpg 564 308 636 309 718 308 793 315 624 477 740 479 600 308 763 309
day06/0586.jpg 560 415 618 416 674 412 730 415 605 536 700 534 585 410 700 408
day08/0496.jpg 531 286 596 296 659 301 716 308 568 424 678 436 565 291 689 306
day31/0705.jpg 421 393 507 391 595 376 680 369 507 579 636 569 465 388 639 372
day04/0488.jpg 632 404 693 406 752 405 812 406 676 532 766 534 657 402 778 400
day08/0159.jpg 660 395 744 409 828 416 898 422 705 580 840 596 703 400 867 418
day21/0468.jpg 502 311 578 311 660 306 747 303 562 491 689 486 536 308 708 303
day08/0610.jpg 487 352 552 355 622 350 686 351 540 500 639 492 516 355 656 350
day03/1026.jpg 578 348 651 351 732 345 803 340 640 522 756 517 609 348 764 342
day24/0898.jpg 546 402 623 400 703 394 787 394 615 576 747 563 588 399 753 387
day23/0586.jpg 580 389 657 395 744 395 823 396 632 572 760 574 618 391 782 394
day27/0503.jpg 564 355 646 364 730 372 814 375 614 549 751 556 606 354 779 366
day21/0600.jpg 605 276 684 284 768 288 838 288 661 448 773 462 636 273 799 284
day01/0901.jpg 537 468 594 467 660 460 715 460 583 595 676 589 561 464 687 459
day24/0615.jpg 592 480 647 485 704 488 764 492 624 608 712 612 618 481 738 488
day31/0331.jpg 480 292 557 294 635 288 716 284 545 464 666 455 512 288 675 281
day02/0378.jpg 521 415 599 416 680 408 761 401 594 592 712 584 554 416 716 402
day13/0671.jpg 480 400 548 402 622 403 696 408 526 554 637 556 516 396 664 403
day04/0391.jpg 580 300 649 309 720 312 784 315 625 456 726 458 620 302 756 311
day16/0623.jpg 556 445 608 451 666 454 716 456 592 560 675 565 584 445 691 456
day34/0100.jpg 567 340 641 344 716 343 791 342 617 505 739 504 598 340 752 339
day31/0367.jpg 449 344 529 346 620 337 701 335 502 524 647 522 481 340 654 332
day25/0070.jpg 500 372 571 375 645 372 709 374 551 530 666 524 532 372 677 368
day35/0220.jpg 473 355 552 356 635 357 714 354 527 531 658 528 510 355 674 352
day25/0691.jpg 488 295 560 296 634 291 711 296 537 449 655 448 527 292 677 289
day20/0169.jpg 554 363 632 362 711 353 787 348 621 535 745 526 593 360 756 348
day36/0466.jpg 500 329 578 336 667 341 743 343 545 511 676 516 532 330 699 340
day27/0363.jpg 488 387 569 386 655 380 741 380 552 569 688 559 525 383 700 375
day08/0615.jpg 477 350 545 354 613 345 677 346 530 498 636 492 514 345 648 341
day08/0614.jpg 482 352 546 352 614 348 685 349 534 496 636 495 517 351 656 342
day23/0570.jpg 570 426 645 424 724 419 801 419 630 585 754 575 613 422 768 417
day04/0720.jpg 521 313 593 314 677 316 744 317 573 476 689 476 552 308 703 313
day11/0516.jpg 604 335 672 336 751 334 823 334 659 496 776 493 638 330 789 332
day08/0105.jpg 435 472 505 474 586 461 660 450 511 632 622 614 464 472 620 452
day32/0425.jpg 506 372 585 368 668 362 743 364 568 548 690 544 541 372 706 363
day21/0408.jpg 583 349 661 347 748 346 825 356 632 520 764 527 619 344 787 351
day32/0232.jpg 554 384 644 388 736 388 819 387 618 589 759 588 604 386 789 387
day22/0658.jpg 598 381 684 385 770 392 840 398 649 559 784 564 635 382 798 394
day26/0650.jpg 517 415 584 410 655 408 719 408 567 557 679 558 547 409 688 408
day04/0165.jpg 541 380 603 387 660 384 724 387 584 515 674 520 573 380 700 382
day03/0490.jpg 612 321 685 334 764 340 828 351 651 488 765 502 648 320 801 340
day06/0593.jpg 566 416 622 419 679 418 732 421 610 537 700 541 591 416 705 416
day24/0604.jpg 604 468 659 476 723 488 779 493 634 599 728 612 632 472 751 487
day03/0494.jpg 570 324 642 335 716 339 788 353 608 486 724 499 608 327 754 345
day02/0639.jpg 554 418 612 418 672 419 727 423 590 545 686 546 580 419 697 420
day22/0416.jpg 504 449 565 448 641 440 711 432 565 599 665 588 534 446 678 434
day29/0269.jpg 531 378 611 378 699 380 776 383 584 557 715 558 559 378 734 378
day09/0820.jpg 653 274 707 267 774 260 828 255 707 384 797 372 677 267 796 254
day36/0708.jpg 412 404 490 400 567 399 651 393 468 577 594 573 449 398 611 393
day17/0980.jpg 546 357 620 359 688 360 762 368 592 512 708 517 584 354 731 363
day08/0748.jpg 588 288 660 289 732 294 802 300 634 439 754 443 626 288 773 296
day03/0470.jpg 580 438 637 436 700 428 756 425 635 557 733 544 609 436 732 424
day23/0188.jpg 523 351 597 352 676 356 748 356 565 512 695 515 562 345 713 352
day09/0940.jpg 590 312 660 294 740 272 820 257 672 460 799 428 622 304 775 267
day25/0212.jpg 560 445 636 442 715 436 780 431 620 598 748 589 596 441 745 430
day34/0448.jpg 524 331 608 329 692 326 776 331 584 515 725 507 563 327 738 325
day32/0115.jpg 554 407 615 410 692 410 751 412 601 548 708 553 585 410 720 410
day39/0032.jpg 545 304 630 300 711 300 791 296 610 482 737 476 577 299 744 293
day26/0198.jpg 595 392 651 392 706 388 760 388 644 506 731 501 621 389 735 384
day35/0183.jpg 497 347 562 339 636 331 708 326 554 496 666 483 524 341 670 324
day03/0943.jpg 522 370 583 362 652 346 716 335 587 504 687 490 551 361 680 340
day38/0488.jpg 564 384 643 380 724 376 797 373 628 551 765 541 608 378 768 369
day37/0134.jpg 532 381 610 382 698 382 772 382 589 560 726 556 575 380 740 380
day25/0666.jpg 501 328 584 330 661 326 744 332 556 500 678 502 548 324 716 328
day38/0835.jpg 452 366 527 362 607 354 681 348 514 531 642 526 488 360 651 350
day25/0716.jpg 471 374 540 374 611 368 685 367 528 530 644 523 508 372 654 364
day30/0462.jpg 495 288 569 280 651 278 721 279 547 444 668 428 521 279 680 274
day25/0401.jpg 560 440 608 443 667 440 717 440 599 555 686 552 584 439 693 439
day38/0226.jpg 592 431 664 427 739 422 812 421 657 579 768 568 630 428 776 421
day14/0298.jpg 512 336 586 336 662 335 740 340 560 496 682 493 551 333 706 336
day04/0271.jpg 519 451 578 452 641 448 693 452 565 578 656 576 548 448 670 448
day09/0202.jpg 544 364 595 342 652 319 710 305 604 452 700 416 562 350 681 307
day23/0484.jpg 624 404 699 412 774 417 847 424 664 572 785 582 653 405 804 415
day09/0945.jpg 576 241 652 235 736 228 806 226 640 396 767 389 617 234 774 225
day06/0648.jpg 381 390 448 387 516 382 587 370 447 536 549 526 413 385 556 370
day36/0447.jpg 548 304 620 310 701 316 774 320 585 464 710 472 584 305 739 316
day16/0665.jpg 564 332 621 331 682 326 738 330 608 446 702 442 596 328 714 324
day16/0903.jpg 551 261 634 264 721 261 812 259 604 452 744 451 584 257 762 255
day08/0082.jpg 642 370 724 366 806 358 877 352 724 540 841 525 684 368 844 352
day26/0690.jpg 569 458 638 457 701 456 768 465 612 594 720 597 607 456 740 461
day18/0324.jpg 522 324 596 332 682 336 756 342 562 491 686 500 556 326 713 335
day09/0135.jpg 600 356 670 352 734 350 799 348 654 492 758 487 628 352 763 344
day26/0280.jpg 560 413 632 408 717 408 788 409 620 577 745 577 597 408 755 407
day04/0608.jpg 527 361 594 358 668 355 736 354 580 512 686 506 552 357 696 354
day33/0500.jpg 576 386 657 383 744 383 818 382 632 552 767 548 623 382 784 381
day28/0510.jpg 484 364 560 360 637 356 715 358 543 528 664 522 525 360 680 356
day12/0497.jpg 588 365 659 360 733 357 806 358 649 517 767 508 619 359 767 353
day04/1211.jpg 573 384 645 381 720 380 789 380 629 541 739 540 604 382 756 378
day12/0195.jpg 501 352 574 352 648 346 727 339 560 520 680 511 528 346 684 337
day24/0528.jpg 568 440 628 440 691 436 753 440 610 567 706 566 599 439 724 435
day10/0853.jpg 554 248 625 248 700 240 781 242 609 401 726 397 588 244 742 237
day35/0123.jpg 594 312 678 318 766 324 856 328 652 502 785 508 638 314 812 326
day38/0785.jpg 512 273 596 279 681 284 758 288 555 450 695 460 544 274 713 283
day20/0235.jpg 531 316 603 314 677 312 752 308 581 471 705 468 572 311 720 308
day35/0098.jpg 509 358 583 363 664 360 735 365 566 532 684 528 545 354 698 361
day34/0230.jpg 532 307 612 305 697 302 776 302 598 482 729 475 565 300 730 295
day16/0209.jpg 545 402 615 393 694 389 770 394 595 558 711 556 583 396 734 391
day34/0576.jpg 479 384 560 380 644 373 728 368 540 560 674 551 512 376 683 363
day13/0214.jpg 617 360 698 368 779 380 859 384 655 541 789 553 662 360 830 376
day11/0356.jpg 555 484 608 488 668 488 720 489 599 612 683 609 580 484 693 483
day26/0112.jpg 591 390 650 392 716 387 781 389 633 530 728 529 623 387 754 387
day28/0642.jpg 424 345 498 345 579 343 662 343 475 513 601 516 459 341 620 339
day17/0002.jpg 514 359 584 359 651 357 727 354 558 508 670 506 542 356 687 351
day22/0727.jpg 502 346 581 351 669 353 741 356 555 527 678 530 532 349 701 353
day16/0066.jpg 524 343 596 345 668 341 745 345 569 500 695 497 562 339 715 345
day06/0330.jpg 481 404 547 400 609 398 672 389 541 541 638 530 512 398 637 391
day32/0175.jpg 548 392 629 399 717 402 800 394 610 579 741 579 594 392 760 395
day17/0788.jpg 499 454 570 443 636 433 706 423 576 599 679 580 539 443 679 426
day32/0152.jpg 525 368 604 366 680 356 758 350 596 533 718 519 562 364 716 351
day28/0561.jpg 539 394 617 390 701 385 783 381 604 566 734 557 575 383 748 379
day03/0787.jpg 569 454 627 453 681 445 732 437 620 568 700 562 598 449 706 441
day38/0213.jpg 550 422 621 417 699 415 777 418 609 583 732 579 582 421 740 416
day23/0645.jpg 576 357 650 358 718 356 796 356 633 508 741 510 616 353 763 350
day17/0538.jpg 525 401 594 408 672 407 747 409 570 570 687 572 555 401 713 404
day37/0152.jpg 546 458 612 462 682 460 749 457 589 598 706 600 587 458 720 458
day08/0679.jpg 537 427 589 421 645 413 700 409 582 538 668 529 558 422 670 411
day19/0210.jpg 527 357 602 353 677 352 754 353 575 514 701 516 564 351 719 354
day36/0323.jpg 461 309 547 320 637 323 726 328 508 512 657 520 502 316 682 328
day39/0317.jpg 479 293 554 296 642 295 714 295 536 464 651 461 525 291 683 295
day06/0692.jpg 496 316 556 314 620 312 683 304 545 443 643 438 529 311 653 304
day20/0026.jpg 529 330 604 323 680 320 754 316 588 494 705 484 554 324 710 317
day30/0481.jpg 531 300 606 299 677 300 749 299 594 446 715 445 567 294 719 297
day03/0381.jpg 458 461 529 459 608 441 675 429 534 614 640 603 490 458 641 433
day14/0382.jpg 574 242 644 240 716 237 782 241 618 381 733 382 600 241 745 240
day17/0233.jpg 566 353 643 353 727 358 801 361 618 520 741 520 602 351 762 354
day21/0124.jpg 545 329 617 331 695 328 772 327 594 494 725 492 572 326 727 324
day03/0023.jpg 558 418 635 426 709 431 786 431 610 591 723 600 603 416 751 430
day29/0719.jpg 506 291 581 290 663 285 735 293 570 460 685 456 539 291 697 288
day39/0327.jpg 518 324 598 326 680 324 759 329 572 496 699 500 549 321 720 325
day35/0550.jpg 470 363 551 364 628 359 711 358 523 533 654 530 508 358 673 362
day01/0208.jpg 566 409 627 413 695 413 758 414 608 550 714 550 600 408 726 408
day26/0454.jpg 556 314 632 317 721 325 792 336 602 483 723 490 593 314 758 327
day10/0332.jpg 595 454 653 454 714 450 770 452 637 574 729 573 628 454 746 450
day35/0145.jpg 593 324 673 336 753 341 822 348 642 508 763 512 635 328 794 345
day01/0320.jpg 498 447 565 448 634 438 700 432 563 591 657 583 536 444 675 434
day10/0835.jpg 606 329 666 318 739 315 804 313 660 451 765 439 634 324 770 311
day15/0391.jpg 446 380 520 372 601 363 677 362 503 538 625 531 481 376 637 363
day19/0600.jpg 516 358 576 350 633 341 701 341 566 474 662 464 542 350 671 340
day12/0435.jpg 561 419 631 425 700 425 775 424 607 577 724 579 588 418 735 417
day09/0783.jpg 578 348 639 352 709 358 768 355 616 479 724 487 606 347 736 353
day26/0469.jpg 545 353 620 352 712 353 793 361 599 531 716 533 585 347 756 353
day04/0599.jpg 555 442 615 445 680 445 734 444 601 576 697 575 580 444 704 443
day25/0392.jpg 512 362 565 351 626 333 682 325 571 476 662 454 534 351 655 329
day33/0710.jpg 601 348 675 351 760 362 832 372 634 503 768 516 637 347 798 365
day17/0818.jpg 542 335 628 340 712 335 796 336 604 525 744 529 591 334 767 332
day27/0268.jpg 523 434 604 430 676 420 750 420 583 596 708 580 560 427 716 422
day04/0127.jpg 532 430 595 429 657 429 721 429 574 568 673 568 557 428 688 426
day34/0681.jpg 531 349 608 354 690 357 776 360 574 521 708 526 564 347 733 351
day24/0833.jpg 605 270 679 275 755 281 824 283 652 428 771 437 649 271 791 279
day36/0427.jpg 522 302 597 306 673 306 745 308 568 466 687 470 554 300 705 304
day18/0150.jpg 570 391 656 391 745 390 831 387 631 577 771 576 613 388 787 383
day04/0227.jpg 560 482 617 483 682 479 740 479 603 613 700 612 588 478 716 478
day13/0265.jpg 598 341 671 344 739 345 811 360 635 487 754 496 634 338 779 352
day24/1071.jpg 530 379 600 380 687 376 768 375 586 552 708 550 568 378 733 375
day28/0382.jpg 566 421 641 416 718 408 792 403 636 587 754 577 604 416 759 404
day08/0092.jpg 620 353 698 350 778 345 850 340 686 520 811 515 647 348 809 339
day28/0508.jpg 504 368 587 366 660 365 741 370 562 534 683 532 545 361 708 367
day15/0202.jpg 591 375 671 377 758 379 840 387 641 541 784 545 633 375 800 381
day10/0163.jpg 502 416 566 413 639 410 704 409 555 566 655 558 533 415 675 408
day30/0219.jpg 558 350 634 353 717 354 785 355 607 515 733 520 594 346 752 351
day04/0216.jpg 542 375 615 383 687 382 758 386 591 539 702 539 582 379 730 384
day35/0215.jpg 495 355 573 351 657 351 736 354 550 525 683 522 521 353 695 351
day05/0005.jpg 556 312 625 305 692 301 766 303 609 458 718 451 587 304 734 298
day17/0414.jpg 529 324 604 325 679 324 750 329 578 479 690 483 571 319 716 324
day05/0210.jpg 535 285 606 289 683 292 753 301 571 437 689 449 568 279 718 291
day03/0906.jpg 557 329 625 332 700 330 768 327 616 488 720 484 588 328 737 322
day13/0680.jpg 467 399 540 398 607 404 687 404 512 554 620 552 510 396 655 397
day21/0165.jpg 504 297 575 293 640 290 712 287 553 437 670 435 530 291 670 284
day19/0556.jpg 530 354 605 355 686 357 758 358 585 523 705 526 560 350 718 354
day26/0229.jpg 490 351 556 351 628 345 700 345 545 506 650 504 519 345 662 342
day13/0503.jpg 557 463 614 466 673 465 735 468 591 585 689 585 583 459 702 462
day17/0756.jpg 605 468 669 466 736 462 807 463 653 609 753 608 638 464 780 461
day26/0585.jpg 514 321 593 317 678 311 759 305 577 489 704 485 554 315 723 304
day22/0131.jpg 597 383 650 386 716 387 771 391 634 500 721 508 629 379 748 387
day16/0737.jpg 662 347 735 347 806 359 865 370 716 478 820 489 699 342 836 361
day31/0680.jpg 456 404 521 395 601 377 679 369 516 557 643 543 486 398 640 370
day10/0185.jpg 649 482 708 475 779 470 840 463 704 617 812 610 682 475 811 463
day17/0762.jpg 527 400 598 398 670 401 741 408 566 552 679 553 561 399 708 404
day25/0467.jpg 537 380 603 376 672 375 741 369 590 522 699 522 561 379 703 370
day28/0077.jpg 508 382 581 383 658 382 728 379 562 546 670 544 546 380 698 378
day36/0026.jpg 498 306 580 306 674 301 753 300 564 492 695 485 532 305 707 298
day17/0272.jpg 566 418 620 416 683 416 741 412 604 537 696 535 593 410 711 412
day35/0236.jpg 642 383 712 386 791 387 870 390 695 539 812 546 679 379 838 388
day15/0120.jpg 515 381 586 380 665 378 733 378 566 538 675 530 547 377 693 372
day21/0492.jpg 575 315 656 314 733 314 816 318 630 487 757 487 616 312 774 315
day12/0270.jpg 509 441 577 432 640 419 699 417 576 558 670 551 544 429 675 418
day33/0154.jpg 441 327 508 326 603 325 677 325 505 495 621 491 478 325 645 325
day32/0063.jpg 486 354 568 360 657 356 746 354 538 545 677 542 531 357 705 353
day03/0981.jpg 544 355 615 354 689 352 765 349 611 508 703 505 579 350 733 345
day29/0394.jpg 530 429 588 436 669 432 727 433 583 582 700 575 558 433 708 430
day13/0209.jpg 614 355 687 362 772 370 849 379 655 538 786 551 640 353 808 371
day13/0400.jpg 458 379 525 379 595 370 659 363 521 533 645 524 486 383 629 360
day31/0285.jpg 537 369 611 366 694 357 771 355 594 536 719 528 571 364 735 354
day25/0353.jpg 498 359 572 359 652 355 720 354 570 527 684 519 530 357 691 350
day32/0385.jpg 495 323 562 325 643 320 720 316 560 489 670 491 538 325 680 316
day26/0252.jpg 543 333 621 333 710 328 783 329 612 498 718 508 576 330 753 328
day16/0326.jpg 566 475 624 483 680 483 730 487 602 591 689 598 590 475 696 481
day15/0442.jpg 565 379 632 379 699 377 766 370 610 520 724 514 598 378 729 374
day25/0476.jpg 545 383 612 385 680 383 762 381 594 531 700 529 576 380 722 376
day29/0140.jpg 595 269 670 277 747 276 821 283 654 437 770 442 631 275 791 281
day38/0281.jpg 555 284 625 283 695 282 772 291 592 422 717 432 587 283 739 286
day06/0269.jpg 483 395 552 400 627 400 687 396 534 550 633 546 516 395 651 392
day16/0754.jpg 539 432 597 429 658 420 713 415 589 550 683 544 566 427 686 415
day23/0539.jpg 565 350 641 350 716 350 791 350 621 521 728 522 589 346 748 354
day32/0507.jpg 525 345 594 337 670 334 743 332 586 498 709 484 557 338 708 329
day16/0419.jpg 529 323 597 320 668 325 737 324 571 475 691 478 553 322 702 320
day32/0504.jpg 506 352 576 343 655 337 723 334 570 495 691 491 537 350 687 334
day16/0408.jpg 489 340 564 335 642 324 707 318 547 491 670 490 518 334 678 319
day30/0163.jpg 512 294 585 288 674 287 741 287 572 463 691 455 545 290 711 292
day22/0194.jpg 506 331 582 328 670 318 745 306 579 507 702 496 537 324 701 308
day17/0398.jpg 533 495 583 499 636 494 688 495 568 605 654 602 558 493 657 493
day24/0480.jpg 573 435 636 437 697 437 758 432 624 574 713 573 601 437 731 434
day04/1069.jpg 610 358 675 357 745 354 813 351 666 507 770 499 640 354 782 351
day24/0149.jpg 531 421 598 415 670 396 727 387 591 550 714 534 555 412 698 391
day22/0123.jpg 600 375 658 373 716 379 773 386 640 486 717 500 623 376 737 379
day25/0286.jpg 541 378 608 368 691 366 763 369 591 521 701 520 571 369 721 367
day13/0163.jpg 505 367 583 366 650 354 729 350 570 516 684 510 539 363 692 353
day36/0394.jpg 462 322 526 312 611 300 685 300 527 465 640 458 492 309 645 300
day16/0093.jpg 567 375 637 375 711 373 791 370 616 540 737 538 595 370 750 368
day23/0075.jpg 570 363 649 364 731 361 808 362 615 520 753 528 607 360 775 355
day13/0572.jpg 602 436 666 442 726 445 782 451 640 570 718 572 633 435 756 445
day34/0618.jpg 543 388 620 386 700 379 778 379 600 558 737 551 574 390 737 377
day24/0427.jpg 525 366 604 358 691 350 772 345 600 533 740 530 565 360 727 344
day32/0391.jpg 475 337 537 335 613 323 690 316 532 484 653 484 501 336 647 319
day19/0288.jpg 577 429 647 421 730 416 784 412 649 583 766 570 606 426 758 415
day39/0073.jpg 455 383 531 381 608 384 698 382 507 554 637 540 488 382 648 370
day16/0497.jpg 490 339 558 337 636 331 718 337 546 500 658 494 523 335 684 332
day34/0130.jpg 494 323 568 320 653 312 750 310 565 503 700 483 530 318 701 302
day29/0521.jpg 573 282 647 278 737 279 817 287 617 445 749 445 608 280 778 280
day04/0429.jpg 546 340 612 341 697 337 759 341 595 496 696 491 579 338 725 336
day29/0686.jpg 495 343 564 347 646 341 713 337 545 501 660 501 525 341 670 333
day24/0549.jpg 556 362 620 363 700 365 762 364 596 516 719 509 587 359 730 362
day17/0196.jpg 583 445 650 443 725 442 807 443 625 598 751 597 612 442 770 442
day16/1061.jpg 582 349 648 347 724 350 793 358 628 491 735 508 614 346 758 352
day38/0435.jpg 581 309 632 311 705 308 774 310 634 448 727 440 600 307 737 302
day15/0433.jpg 493 368 561 365 635 360 697 357 549 517 658 496 525 366 670 353
day02/0393.jpg 570 409 642 412 720 416 787 418 633 579 741 587 603 413 750 414
day03/0799.jpg 583 372 648 375 734 383 806 380 637 540 746 537 620 372 781 383
day26/0154.jpg 506 329 575 326 654 311 717 310 569 480 683 472 537 318 690 307
day02/0212.jpg 481 398 537 408 606 400 662 400 525 539 623 538 509 400 635 399
day31/0499.jpg 492 367 573 368 666 367 745 364 549 557 682 555 528 365 708 368
day04/0832.jpg 483 302 548 309 619 313 680 314 538 460 637 455 516 305 654 313
day20/0070.jpg 559 325 644 322 719 318 800 317 623 491 749 496 592 315 762 316
day17/0399.jpg 531 499 584 500 637 495 685 495 573 606 654 608 553 493 657 491
day38/1012.jpg 487 398 563 400 642 395 708 395 543 558 661 548 532 394 673 391
day28/0438.jpg 550 363 625 359 708 349 775 343 620 525 734 520 581 360 741 342
day24/0562.jpg 568 370 631 373 708 370 766 369 616 503 739 508 597 370 726 370
day15/0347.jpg 492 433 554 417 628 391 706 376 575 578 685 557 517 423 667 383
day31/0502.jpg 527 354 604 356 700 366 786 369 571 554 703 559 571 358 747 366
day06/0281.jpg 535 364 602 366 669 365 732 364 587 501 687 503 570 362 703 362
day34/0153.jpg 547 329 627 328 718 328 804 329 604 523 744 512 583 330 770 326
day29/0239.jpg 485 341 562 335 664 333 748 338 540 527 671 519 518 335 695 333
day17/0602.jpg 551 317 629 329 722 341 799 345 601 504 712 521 588 322 759 341
day39/0030.jpg 533 304 608 299 688 294 776 295 588 479 721 470 562 303 731 296
day19/0400.jpg 509 332 591 331 678 327 763 321 572 513 700 509 557 328 731 324
day30/0554.jpg 491 337 564 341 644 337 717 336 537 487 658 489 525 334 675 340
day08/0310.jpg 565 487 618 487 681 479 734 476 623 600 722 595 588 487 706 475
day30/0137.jpg 520 407 600 416 683 421 759 422 575 582 690 591 565 409 725 424
day33/0388.jpg 452 272 525 272 609 267 683 267 500 437 635 437 485 273 640 262
day10/0274.jpg 664 467 724 463 794 452 850 441 731 600 825 586 694 464 823 443
day03/0312.jpg 579 350 653 358 732 362 801 371 618 516 731 523 619 350 770 363
day08/0142.jpg 565 368 635 369 704 358 775 355 620 500 741 495 600 367 740 355
day16/0687.jpg 551 370 607 362 679 365 733 362 600 498 699 494 578 360 703 362
day09/0090.jpg 629 327 696 327 768 321 829 313 676 472 784 474 651 320 795 314
day08/0693.jpg 569 425 629 425 684 420 745 417 616 544 708 550 591 420 715 418
day26/0449.jpg 490 433 554 440 616 436 682 438 535 583 639 577 519 433 647 434
day34/0204.jpg 467 322 545 327 629 323 712 322 525 506 652 508 502 321 673 318
day33/0530.jpg 496 338 580 330 658 326 728 327 553 506 687 506 529 329 700 327
day35/0250.jpg 493 367 569 372 658 375 740 378 529 551 661 557 523 368 699 375
day04/0736.jpg 479 338 553 335 622 326 692 321 541 491 647 488 512 335 657 322
day14/0348.jpg 481 329 549 323 625 319 690 318 539 469 652 464 512 320 655 316
day01/0291.jpg 530 460 596 459 667 458 738 451 592 616 692 610 564 461 707 453
day06/0313.jpg 578 390 640 388 709 388 775 386 623 533 727 530 610 382 745 383
day36/0483.jpg 478 275 544 286 616 282 690 284 522 435 624 431 503 280 655 283
day17/1039.jpg 548 309 628 313 720 316 791 313 610 488 737 497 588 304 754 311
day36/0741.jpg 540 292 613 291 692 291 751 297 600 436 713 432 571 287 724 296
day16/0529.jpg 499 328 566 331 641 321 705 323 559 463 672 468 530 332 683 325
day32/0230.jpg 546 377 632 384 724 380 816 377 620 579 745 577 587 375 776 379
day24/0489.jpg 575 354 649 359 727 365 800 372 630 514 741 518 614 359 761 362
day19/0542.jpg 564 352 633 353 727 362 801 362 613 532 741 540 602 351 767 360
day34/0220.jpg 484 315 571 320 658 324 739 322 547 500 675 504 526 317 700 321
day12/0138.jpg 495 279 562 281 642 277 720 273 545 443 656 437 523 272 676 271
day17/0246.jpg 539 397 601 395 680 385 757 382 583 548 708 541 562 396 725 383
day29/0717.jpg 524 288 593 290 683 292 763 295 587 460 691 458 557 286 724 294
day09/0303.jpg 557 405 633 409 716 415 785 413 615 575 732 580 602 403 757 413
day35/0274.jpg 485 342 555 342 622 335 691 337 537 486 644 483 506 342 654 335
day31/0005.jpg 441 317 514 312 585 305 669 298 493 479 615 472 473 313 623 298
day38/0535.jpg 555 390 639 396 726 394 806 390 620 578 747 578 591 387 766 390
day02/0496.jpg 554 363 623 366 694 362 758 359 610 520 715 516 580 360 723 355
day29/0588.jpg 540 290 609 295 686 284 749 287 595 441 703 438 580 291 722 280
day35/0434.jpg 506 344 578 345 657 343 729 343 556 505 669 508 539 337 697 339
day14/0095.jpg 514 353 585 354 665 351 727 354 571 506 683 507 547 353 695 353
day24/0928.jpg 528 378 608 377 701 370 784 366 586 556 729 556 575 374 752 366
day34/0058.jpg 520 299 604 299 691 296 775 293 595 471 726 453 558 292 732 294
day30/0249.jpg 520 305 594 316 682 320 758 325 567 478 690 486 556 311 727 322
day16/0238.jpg 612 439 675 430 745 420 819 408 677 571 789 554 640 435 779 408
day37/0064.jpg 478 387 550 386 632 385 702 383 533 554 648 547 512 386 667 382
day27/0430.jpg 552 359 625 361 708 357 779 356 610 533 724 533 581 358 745 349
day31/0638.jpg 495 355 575 358 662 355 746 354 555 550 694 556 527 350 690 351
day03/0660.jpg 415 408 482 416 555 412 631 412 467 577 578 579 447 409 597 409
day18/0145.jpg 586 384 662 389 750 385 834 390 645 568 777 566 619 386 791 387
day08/0315.jpg 554 473 603 475 660 472 702 471 591 582 679 571 580 470 679 466
day17/0206.jpg 562 410 633 408 713 403 780 400 610 572 732 562 591 406 738 398
day08/0321.jpg 545 360 612 362 683 362 753 367 578 515 708 516 572 361 715 361
day24/0197.jpg 588 363 663 372 742 369 818 371 639 541 765 541 624 366 790 369
day01/0100.jpg 536 362 605 362 688 366 740 370 598 519 704 523 575 359 713 368
day06/0306.jpg 586 383 646 385 721 383 784 387 633 528 735 529 620 380 757 383
day06/0436.jpg 559 397 646 400 724 396 804 398 630 574 746 581 607 390 764 391
day10/0781.jpg 537 408 609 409 686 408 758 407 598 557 704 552 570 406 716 401
day38/1001.jpg 535 358 600 354 681 357 744 358 590 507 712 503 567 351 709 356
day11/0366.jpg 607 344 666 348 734 351 805 358 641 477 738 479 634 343 764 350
day30/0429.jpg 478 360 569 363 653 365 753 369 512 526 689 529 518 358 695 364
day36/0120.jpg 454 299 535 296 620 287 703 290 520 465 645 465 495 291 669 287
day26/0514.jpg 500 362 563 352 639 341 716 333 568 516 668 500 527 356 672 334
day10/0470.jpg 537 439 595 437 662 432 716 431 591 568 676 563 561 433 687 428
day33/0162.jpg 611 367 691 368 770 363 842 362 673 529 795 525 653 366 804 361
day28/0686.jpg 483 389 553 383 629 379 700 378 537 537 657 531 513 386 663 375
day34/0319.jpg 470 361 549 360 635 356 713 354 529 536 651 538 506 358 674 351
day03/1036.jpg 555 344 625 341 708 326 777 313 631 503 739 490 591 338 745 314
day38/0615.jpg 491 385 567 388 671 390 752 388 550 579 683 578 533 388 708 387
day37/0072.jpg 497 378 569 385 653 383 725 386 550 552 671 553 531 379 688 382
day33/0259.jpg 532 391 596 393 665 395 728 393 584 537 688 532 565 391 699 389
day14/0313.jpg 567 402 635 401 711 399 774 396 617 559 740 548 601 397 753 395
day17/0116.jpg 535 390 607 391 678 386 753 399 564 541 684 540 569 387 712 392
day29/0391.jpg 516 437 583 436 648 429 720 435 568 576 668 580 540 436 687 432
day22/0329.jpg 588 400 663 406 731 407 807 399 634 556 753 562 616 401 772 397
day10/0329.jpg 595 448 654 450 711 447 780 450 640 577 726 578 624 448 751 444
day29/0495.jpg 600 247 674 256 752 254 823 256 648 403 750 408 634 244 782 250
day23/0565.jpg 577 426 648 424 729 419 798 420 647 586 761 586 617 425 770 417
day17/0130.jpg 605 430 672 431 737 438 792 436 653 566 746 564 633 430 760 436
day23/0086.jpg 535 373 615 378 697 370 762 368 592 540 732 541 573 373 732 369
day18/0447.jpg 540 390 609 390 698 384 773 389 589 559 714 560 580 390 733 385
day17/0072.jpg 515 312 582 309 648 303 714 310 566 457 671 452 536 308 682 301
day12/0468.jpg 562 319 629 316 701 315 769 311 618 466 732 463 588 317 731 310
day34/0382.jpg 590 378 673 374 752 364 825 364 662 549 789 540 632 372 793 365
day13/0221.jpg 699 415 761 402 828 399 888 397 765 536 869 519 727 413 856 394
day12/0181.jpg 504 330 565 328 641 321 707 320 550 488 664 485 532 330 680 320
day36/0334.jpg 444 308 519 316 612 310 700 316 496 499 626 500 479 314 660 311
day31/0311.jpg 482 343 551 341 636 339 704 342 524 499 653 504 516 338 674 338
day16/0673.jpg 568 328 626 329 689 326 752 330 632 444 720 437 600 328 724 324
day33/0349.jpg 435 310 500 308 597 296 674 304 492 476 617 464 462 305 620 293
day24/0306.jpg 572 384 635 379 717 374 779 375 626 528 736 525 598 383 746 372
day02/0512.jpg 533 413 601 420 672 416 744 420 591 577 690 579 563 412 707 415
day17/0426.jpg 584 355 657 352 737 357 824 364 630 522 752 526 618 352 768 356
day06/0210.jpg 594 388 669 390 740 384 812 385 648 543 760 548 624 386 776 385
day17/0949.jpg 513 328 588 328 672 316 759 324 566 494 708 494 544 326 714 322
day08/0334.jpg 544 360 612 362 690 368 766 374 592 518 696 516 586 360 724 367
day02/0017.jpg 560 435 630 440 692 434 753 436 616 581 714 576 593 438 724 430
day16/0691.jpg 543 363 610 358 671 360 728 355 600 495 696 486 577 358 708 359
day10/0512.jpg 532 448 597 449 674 440 740 435 588 599 685 592 569 444 708 435
day33/0015.jpg 502 380 584 389 665 382 756 386 564 571 688 568 541 380 712 382
day16/0619.jpg 580 370 652 369 736 364 808 365 637 530 755 520 616 367 776 360
day27/0603.jpg 566 388 633 387 698 381 770 376 620 527 726 529 592 383 732 373
day03/0971.jpg 567 348 636 352 708 353 776 348 632 507 730 504 609 348 750 350
day02/0002.jpg 614 432 682 438 742 437 801 440 668 583 764 578 647 432 776 433
day35/0595.jpg 544 376 620 378 704 379 780 374 610 559 737 554 574 377 736 370
day05/0369.jpg 521 391 584 394 671 391 745 393 555 559 684 561 548 388 700 390
day06/0694.jpg 495 316 554 316 615 312 673 311 548 443 635 442 527 318 650 308
day10/0143.jpg 590 462 640 470 698 472 755 471 628 591 706 589 608 465 722 468
day21/0311.jpg 550 351 619 343 686 337 758 336 600 494 714 482 577 346 716 334
day21/0364.jpg 547 343 623 338 704 339 781 343 602 503 728 508 582 343 742 341
day16/0727.jpg 543 427 613 436 673 440 724 440 589 564 683 565 576 432 694 437
day27/0616.jpg 572 411 640 406 712 397 781 402 620 556 733 548 603 404 760 400
day02/0144.jpg 498 414 570 416 640 412 728 418 561 586 663 583 536 412 692 417
day12/0151.jpg 484 316 547 317 614 316 676 319 536 447 632 447 514 316 652 316
day22/0738.jpg 504 356 570 364 656 361 737 368 558 523 666 532 540 360 701 372
day39/0132.jpg 495 425 568 430 653 432 721 434 542 604 660 600 519 428 680 432
day30/0248.jpg 523 310 598 310 686 313 752 326 561 476 682 483 558 312 720 321
day33/0562.jpg 526 336 601 328 682 317 748 309 599 496 728 476 565 330 720 312
day34/0695.jpg 538 356 620 370 702 371 780 383 589 534 716 544 581 358 743 372
day35/0716.jpg 522 316 594 316 677 312 746 312 584 478 692 475 556 315 713 312
day18/0126.jpg 565 373 637 378 710 377 792 386 612 532 730 539 607 372 754 377
day36/0267.jpg 489 328 568 330 645 332 720 331 547 496 662 497 533 329 689 328
day22/0653.jpg 606 380 684 385 765 386 836 398 658 558 772 564 640 384 794 391
day09/0364.jpg 599 332 663 342 728 348 784 356 636 461 734 476 629 333 754 352
day39/0117.jpg 496 384 566 384 635 384 711 389 540 536 648 540 524 379 670 383
day02/0270.jpg 634 476 699 477 764 473 813 469 701 613 789 605 664 476 788 468
day28/0614.jpg 537 349 611 348 692 342 768 340 602 522 723 515 574 345 732 333
day25/0570.jpg 575 317 653 317 733 318 806 325 642 492 758 493 606 319 774 320
day26/0211.jpg 505 350 566 344 644 336 700 328 566 498 668 487 530 346 668 331
day33/0489.jpg 525 377 591 369 678 367 753 360 583 532 713 528 555 372 709 363
day38/0923.jpg 497 399 570 396 642 390 710 396 556 549 660 541 527 400 680 396
day12/0094.jpg 579 224 641 224 713 226 779 234 623 368 728 372 608 221 740 227
day09/0304.jpg 567 407 640 409 720 412 793 417 616 574 736 576 602 404 756 416
day02/0041.jpg 550 416 619 420 700 417 784 425 604 584 716 588 580 416 741 418
day09/0850.jpg 642 284 716 304 789 321 856 335 667 462 784 490 676 292 824 327
day29/0125.jpg 597 264 672 265 740 267 816 268 652 425 769 423 628 261 783 266
day36/0780.jpg 485 372 552 373 629 365 698 364 551 527 659 520 512 372 664 361
day11/0316.jpg 508 374 570 384 633 391 688 398 545 514 643 524 532 373 656 392
day03/0978.jpg 539 348 610 352 681 349 749 348 600 504 696 501 574 348 717 346
day28/0076.jpg 511 378 587 388 656 382 728 382 565 546 672 537 545 380 696 380
day04/0211.jpg 540 377 610 385 688 386 760 390 592 543 692 541 573 376 726 384
day10/0507.jpg 528 452 599 453 668 445 731 437 599 600 686 592 564 452 703 438
day17/0234.jpg 566 357 641 354 718 355 792 361 621 523 731 519 604 354 754 358
day08/0424.jpg 449 444 501 450 564 449 615 453 492 572 577 571 473 445 588 449
day31/0599.jpg 524 332 610 337 700 332 778 338 588 508 728 508 568 334 739 335
day21/0396.jpg 608 321 686 320 766 324 839 331 652 488 780 498 639 321 801 327
day26/0273.jpg 523 345 596 344 682 340 769 340 582 522 705 512 567 345 731 340
day17/0188.jpg 578 449 647 446 721 442 790 446 629 602 740 594 603 447 750 441
day15/0061.jpg 530 329 597 328 664 321 732 322 572 464 678 456 556 326 692 320
day01/0117.jpg 538 374 603 379 678 372 748 371 591 531 681 528 563 371 711 364
day31/0212.jpg 434 274 515 279 603 279 689 283 491 465 620 464 475 273 652 278
day34/0467.jpg 572 291 660 291 735 290 805 294 627 464 752 465 608 288 776 285
day23/0125.jpg 552 344 631 344 710 340 786 347 611 507 731 512 592 342 745 340
day14/0350.jpg 492 329 558 328 628 320 700 320 546 476 650 466 523 322 664 317
day01/0216.jpg 503 432 564 428 628 420 688 414 550 568 650 562 529 429 658 414
day35/0018.jpg 483 373 548 375 633 376 696 376 539 531 654 528 516 372 661 374
day24/1015.jpg 543 324 614 327 690 324 771 321 598 492 711 487 568 325 729 322
day09/0792.jpg 580 348 642 354 704 356 760 363 619 479 718 484 610 349 732 358
day04/1079.jpg 608 358 680 353 744 348 808 353 665 503 767 494 640 352 776 349
day24/0290.jpg 547 420 610 418 682 413 749 413 601 560 712 560 570 417 710 411
day23/0439.jpg 531 364 600 372 669 365 739 365 596 518 695 520 567 365 716 360
day24/0161.jpg 592 324 668 330 753 330 821 334 642 496 771 497 626 323 785 330
day24/1035.jpg 524 304 589 302 662 295 726 299 580 455 686 449 551 302 690 294
day19/0443.jpg 587 402 656 404 724 391 792 388 654 544 756 540 626 400 764 388
day13/0193.jpg 607 378 680 386 752 379 818 389 662 531 768 532 634 380 784 383
day13/0383.jpg 470 388 537 381 609 373 684 367 541 536 652 525 499 384 644 368
day36/0518.jpg 511 295 576 297 660 296 726 296 564 440 668 448 540 297 679 296
day22/0398.jpg 512 377 577 382 653 375 716 376 573 532 677 531 536 376 681 370
day39/0285.jpg 552 396 630 397 713 398 780 402 604 559 733 568 586 396 744 396
day06/0425.jpg 567 390 646 396 726 394 797 398 633 568 729 575 600 393 767 397
day33/0166.jpg 584 376 652 380 733 375 799 384 634 533 745 538 623 377 770 380
day24/0617.jpg 592 478 643 484 708 484 759 496 624 607 708 611 612 480 734 490
day31/0602.jpg 572 308 649 307 740 300 816 297 636 471 772 463 608 307 786 300
day20/0075.jpg 568 323 643 322 724 315 814 315 620 494 748 492 596 319 753 313
day23/0845.jpg 616 336 692 345 778 348 866 346 671 529 790 538 660 338 828 344
day13/0023.jpg 560 423 624 423 706 413 766 417 627 575 735 568 589 420 742 412
day02/0148.jpg 541 392 619 399 694 398 769 402 592 568 712 569 578 392 736 398
day23/0657.jpg 572 364 633 361 708 358 787 356 630 516 728 516 601 361 749 356
day29/0366.jpg 528 400 600 396 680 383 754 393 576 564 699 567 556 399 709 392
day28/0584.jpg 476 357 549 349 629 342 703 338 536 522 658 505 509 352 666 328
day39/0350.jpg 458 328 525 327 595 322 672 324 511 480 621 481 487 325 642 319
day38/0970.jpg 507 338 579 336 657 333 733 335 568 509 692 504 544 337 701 337
day32/0364.jpg 503 338 591 338 686 336 764 343 563 525 711 524 541 342 714 336
day17/0147.jpg 523 289 596 283 676 276 754 284 562 432 677 433 552 284 704 276
day16/0486.jpg 534 339 602 341 683 340 749 344 592 508 695 506 563 337 723 344
day23/0510.jpg 644 376 717 384 793 390 868 393 675 552 804 559 670 379 827 389
day32/0342.jpg 482 351 545 345 625 341 693 335 529 504 641 498 504 344 665 339
day26/0306.jpg 540 470 588 468 640 461 702 458 579 581 660 574 562 466 663 455
day16/1097.jpg 537 331 607 332 681 328 753 325 592 477 695 472 573 328 713 320
day02/0531.jpg 575 413 635 418 693 412 752 409 632 544 719 540 600 415 724 408
day24/0518.jpg 593 435 653 437 724 432 786 431 648 577 739 574 628 432 757 432
day19/0550.jpg 540 355 614 354 691 356 769 362 601 528 707 532 574 349 735 359
day24/0328.jpg 557 435 629 438 706 436 775 441 606 604 730 601 587 433 734 436
day38/0784.jpg 507 280 582 282 668 282 752 289 547 458 688 464 540 277 708 286
day20/0102.jpg 556 311 636 308 709 306 779 309 616 464 727 460 596 303 747 304
day17/0671.jpg 513 443 580 437 661 424 740 419 583 600 684 591 547 440 700 423
day06/0168.jpg 572 388 632 393 695 392 759 398 617 524 708 529 598 388 720 390
day16/0811.jpg 566 364 639 364 728 365 804 366 622 543 744 544 598 364 767 368
day28/0137.jpg 507 388 572 388 642 380 703 381 564 529 660 511 542 384 678 379
day30/0572.jpg 507 362 576 361 656 352 730 347 570 514 676 512 538 360 696 348
day05/0305.jpg 525 393 585 387 656 380 716 380 570 520 682 520 552 388 691 376
day34/0097.jpg 520 348 588 348 673 344 752 339 579 515 702 516 545 344 714 340
day29/0638.jpg 457 341 532 333 613 327 694 323 525 503 637 497 490 335 655 328
day10/0799.jpg 576 394 654 398 744 391 822 389 632 573 768 570 612 395 772 390
day04/0620.jpg 527 358 593 364 664 358 733 356 586 513 703 511 561 358 696 349
day29/0558.jpg 550 246 631 247 706 245 784 244 604 420 732 418 580 243 746 240
day12/0399.jpg 581 434 644 433 717 424 783 428 636 569 744 568 610 435 748 427
day34/0479.jpg 552 310 630 308 715 300 792 306 614 490 749 483 589 312 754 308
day21/0169.jpg 520 308 584 311 652 305 720 305 566 463 668 450 547 308 679 307
day15/0269.jpg 540 378 600 372 668 362 724 363 592 492 689 488 570 373 696 361
day09/0747.jpg 532 498 581 504 648 512 688 516 563 619 636 629 555 500 669 515
day16/0400.jpg 565 356 637 361 717 360 788 356 621 531 732 526 602 356 758 352
day01/0867.jpg 529 462 592 464 660 465 734 462 577 615 684 617 557 462 689 463
day03/0962.jpg 524 359 585 360 640 359 704 359 574 496 664 492 555 355 676 355
day12/0115.jpg 467 360 531 352 604 342 684 342 523 509 632 492 496 356 652 341
day38/0499.jpg 558 392 633 389 716 383 788 381 626 556 743 548 591 385 751 376
day12/0164.jpg 500 315 572 310 643 304 715 304 543 468 659 465 528 309 680 304
day38/0307.jpg 551 324 624 328 705 324 779 332 603 492 719 493 584 322 744 328
day36/0088.jpg 474 279 548 282 628 276 697 278 528 438 636 439 511 276 664 279
day08/0700.jpg 564 336 633 337 711 340 784 346 610 495 716 494 588 336 744 336
day04/0743.jpg 556 387 620 392 688 392 745 400 605 531 698 534 588 386 720 398
day35/0363.jpg 527 316 598 326 674 333 748 341 572 486 681 492 560 320 714 338
day38/0159.jpg 528 420 604 418 678 416 751 417 587 576 704 570 563 413 718 415
day02/0591.jpg 667 391 738 396 809 394 881 392 729 552 827 553 704 390 852 392
day38/0727.jpg 524 327 604 331 689 332 769 341 573 500 698 511 568 324 734 332
day06/0421.jpg 606 384 688 396 772 397 838 402 655 578 775 580 655 385 810 402
day36/0548.jpg 578 260 650 261 727 264 799 268 633 424 744 426 615 262 763 266
day15/0297.jpg 493 464 556 456 619 437 686 432 563 596 651 576 522 457 649 431
day12/0140.jpg 492 280 564 275 640 272 717 274 544 440 651 436 516 276 681 270
day18/0494.jpg 560 377 623 374 704 373 780 379 606 532 728 524 589 372 739 372
day10/0503.jpg 523 453 592 453 661 446 724 438 592 602 684 594 555 452 692 436
day11/0032.jpg 602 325 668 315 743 294 823 286 679 472 797 444 633 316 782 286
day34/0564.jpg 524 368 600 370 688 366 766 372 592 552 707 552 558 360 724 368
day01/0048.jpg 547 418 609 424 678 418 738 419 609 556 692 560 584 424 708 418
day02/0266.jpg 584 477 652 479 717 469 778 464 652 619 744 606 617 476 746 469
day13/0035.jpg 555 428 624 425 700 423 778 414 620 585 732 582 597 427 739 416
day31/0618.jpg 498 330 566 336 643 335 720 335 548 500 668 500 529 328 679 331
day26/0602.jpg 484 350 560 344 654 341 740 342 546 523 666 524 527 345 705 338
day07/0040.jpg 575 430 647 428 716 420 792 420 640 580 737 571 614 428 759 415
day05/0174.jpg 515 308 591 319 672 319 752 318 575 489 684 489 550 309 706 314
day24/1141.jpg 528 332 602 340 672 328 752 332 589 504 702 502 565 330 716 324
day35/0549.jpg 440 368 513 368 590 360 673 363 496 534 625 528 465 367 628 362
day38/0997.jpg 505 372 576 376 649 374 720 372 561 532 678 521 538 372 686 368
day07/0032.jpg 568 436 638 439 710 427 783 423 629 588 731 584 596 431 740 424
day36/0198.jpg 513 265 590 266 671 269 744 267 570 425 688 431 547 263 708 264
day39/0394.jpg 484 320 569 329 646 328 728 332 539 506 658 508 527 320 695 328
day26/0239.jpg 576 321 655 316 740 308 813 304 644 484 770 473 614 314 780 303
day23/0757.jpg 595 344 672 351 756 350 825 354 655 508 768 516 639 345 791 349
day21/0314.jpg 551 351 616 343 690 335 759 337 608 484 720 483 576 344 726 338
day30/0334.jpg 555 372 618 376 685 374 759 368 610 514 706 521 583 376 722 368
day17/0446.jpg 564 390 637 397 727 395 809 398 628 579 740 583 610 389 769 393
day25/0306.jpg 550 322 630 328 716 330 796 337 602 509 731 520 593 325 762 335
day26/0081.jpg 544 332 618 335 699 330 778 334 598 506 712 498 577 331 736 329
day31/0283.jpg 488 373 566 370 641 351 715 347 551 540 673 526 521 369 674 349
day16/0901.jpg 562 266 633 258 714 252 788 249 615 429 726 414 589 264 749 248
day06/0254.jpg 548 367 607 365 669 364 723 367 593 496 681 495 573 369 695 360
day09/0100.jpg 660 320 729 324 800 320 868 326 713 465 816 468 688 320 832 320
day24/0231.jpg 510 407 580 407 670 404 736 400 559 572 684 567 550 409 702 398
day32/0438.jpg 491 383 570 388 656 383 738 381 556 568 678 565 518 381 692 380
day36/0494.jpg 494 300 557 300 637 304 712 308 540 461 648 461 519 300 678 306
day26/0782.jpg 525 361 592 352 670 348 744 345 586 515 692 507 554 356 709 341
day06/0312.jpg 579 387 636 384 708 380 778 387 624 525 721 532 599 383 751 384
day34/0553.jpg 491 392 568 395 651 388 720 384 554 564 664 552 529 384 683 382
day17/0480.jpg 540 340 604 342 682 341 760 340 588 481 680 487 569 339 714 336
day36/0727.jpg 522 295 609 306 680 305 748 317 581 462 691 465 568 294 720 312
day27/0147.jpg 500 364 584 368 663 359 741 363 554 532 683 531 538 359 692 358
day28/0712.jpg 554 391 623 390 693 392 757 392 600 535 705 536 584 392 729 390
day29/0767.jpg 553 295 629 287 720 278 787 276 630 460 750 444 592 288 759 277
day24/1025.jpg 529 328 608 331 685 327 755 330 582 493 702 493 571 326 719 328
day35/0653.jpg 495 374 563 378 636 377 708 382 540 527 640 531 530 376 674 373
day34/0551.jpg 480 392 549 389 632 382 707 382 538 557 659 547 511 388 666 376
day36/0524.jpg 523 375 591 375 664 372 733 369 580 524 689 526 557 369 706 368
day13/0556.jpg 596 448 664 444 726 437 798 434 647 579 744 576 634 441 767 434
day34/0596.jpg 489 368 568 366 644 360 736 366 547 536 671 536 524 364 699 356
day17/0308.jpg 523 392 592 395 668 387 740 388 576 548 688 556 555 390 694 388
day35/0942.jpg 584 342 648 344 722 354 791 357 633 492 732 498 611 339 759 351
day36/0566.jpg 541 277 607 280 678 276 742 287 585 426 705 427 568 276 709 283
day28/0255.jpg 519 390 581 394 656 393 720 400 565 544 677 548 544 394 687 396
day31/0330.jpg 480 293 554 295 632 289 710 289 532 469 652 460 512 290 676 287
day09/0291.jpg 612 423 679 421 763 424 828 422 675 577 780 574 648 424 793 424
day34/0744.jpg 471 348 552 346 636 333 718 331 541 516 672 508 510 340 684 325
day03/0475.jpg 556 422 613 431 687 425 742 424 606 560 700 555 585 424 718 422
day06/0335.jpg 489 412 552 414 612 407 676 404 534 546 644 540 516 409 644 403
day31/0369.jpg 502 349 582 348 672 338 749 338 554 523 707 521 543 348 712 336
day23/0169.jpg 522 344 592 345 671 344 758 352 567 499 700 504 558 345 720 344
day15/0335.jpg 560 403 622 405 685 401 749 404 610 536 698 532 588 399 721 401
day06/0355.jpg 579 372 648 370 718 363 793 361 641 532 754 518 607 367 762 357
day24/0288.jpg 549 418 615 420 684 408 748 416 603 564 708 563 583 416 720 410
day04/1129.jpg 608 415 672 413 745 405 816 407 667 560 768 552 638 414 780 407
day33/0376.jpg 483 308 563 309 657 302 740 312 540 482 670 495 514 308 696 304
day36/0733.jpg 496 293 568 303 654 304 727 313 550 459 664 474 534 294 688 303
day03/1003.jpg 553 394 627 400 701 396 777 391 615 567 720 559 592 393 748 388
day08/0688.jpg 563 417 622 416 688 421 740 419 618 543 694 544 593 418 719 415
day10/0044.jpg 646 294 719 292 785 291 856 296 704 437 812 434 672 295 814 291
day14/0255.jpg 584 397 660 392 732 392 811 394 645 553 763 552 618 395 773 392
day36/0303.jpg 483 361 567 364 660 358 747 356 550 558 690 559 515 360 698 350
day14/0242.jpg 576 378 648 372 724 368 802 372 628 523 743 519 613 372 767 371
day28/0069.jpg 525 376 599 380 674 378 751 380 579 540 691 536 562 378 712 378
day25/0559.jpg 540 308 611 306 680 301 760 296 589 464 707 459 567 307 722 294
day31/0014.jpg 460 324 536 321 616 316 696 316 520 500 633 488 494 318 656 311
day32/0163.jpg 559 360 635 365 720 364 800 360 617 543 736 545 592 361 760 361
day24/0310.jpg 574 384 639 380 707 376 781 375 626 531 732 528 598 382 744 377
day15/0249.jpg 531 406 597 408 671 405 748 404 580 569 689 567 554 404 704 406
day33/0103.jpg 548 386 608 388 680 384 741 383 598 525 709 528 574 379 713 382
day27/0107.jpg 527 372 611 372 701 366 788 372 599 548 729 552 569 367 741 369
day38/0216.jpg 567 418 644 420 719 411 793 412 627 579 747 576 606 414 765 409
day29/0572.jpg 498 310 568 310 651 300 726 296 557 472 685 459 526 310 684 296
day09/0367.jpg 588 344 651 356 721 360 784 368 615 480 732 494 622 350 754 363
day38/0319.jpg 539 327 608 331 689 326 764 332 592 493 701 488 568 324 720 328
day12/0422.jpg 612 418 674 429 754 427 824 435 655 582 772 583 644 424 796 432
day17/1007.jpg 588 328 663 326 744 326 815 324 650 496 760 488 616 325 779 327
day28/0221.jpg 659 351 740 359 813 361 890 373 709 532 829 540 696 348 855 365
day14/0278.jpg 556 357 628 361 716 360 788 364 620 523 724 535 588 358 751 360
day23/0422.jpg 539 375 601 372 678 365 749 364 597 528 700 528 568 374 717 364
day27/0369.jpg 495 398 571 393 655 383 736 386 560 575 681 564 519 397 698 387
day13/0597.jpg 564 389 625 388 688 388 738 394 612 515 700 517 584 382 712 389
day32/0094.jpg 519 396 595 399 682 396 756 392 584 568 701 570 562 395 727 394
day25/0475.jpg 549 382 608 383 686 382 753 384 590 532 705 532 576 384 711 379
day16/0346.jpg 534 315 616 316 692 310 772 310 600 480 716 482 564 311 731 311
day01/0135.jpg 582 428 638 432 700 432 756 436 621 550 713 560 611 427 728 435
day08/0365.jpg 541 361 602 368 676 381 736 384 580 524 676 533 565 363 709 377
day28/0245.jpg 506 396 575 400 644 405 718 403 557 557 659 552 540 393 685 395
day36/0216.jpg 492 372 584 374 671 365 751 362 581 558 700 556 538 371 717 362
day38/0893.jpg 543 314 613 307 684 299 752 298 608 458 706 455 573 306 724 296
day36/0192.jpg 498 276 571 280 655 274 735 275 557 453 665 446 539 270 701 269
day11/0209.jpg 591 379 657 389 733 398 800 415 616 530 730 550 620 380 760 404
day21/0333.jpg 572 305 646 303 728 300 808 296 620 468 752 470 599 302 757 294
day17/0768.jpg 503 399 568 401 649 404 716 408 553 559 661 560 532 395 684 404
day18/0446.jpg 540 388 613 389 692 387 772 388 596 556 711 561 578 387 742 384
day17/0263.jpg 572 416 635 423 692 422 750 427 605 546 703 551 600 416 718 422
day17/0094.jpg 580 332 643 328 703 328 768 329 618 464 724 468 610 330 744 325
day23/0863.jpg 470 335 540 327 623 313 696 299 529 492 644 480 497 330 653 304
day28/0331.jpg 517 411 590 416 664 408 749 407 574 580 688 572 555 408 711 403
day02/0693.jpg 540 453 603 458 670 455 732 456 590 592 692 598 576 453 702 454
day17/0195.jpg 585 446 648 447 726 441 795 443 630 599 741 594 616 440 768 438
day32/0035.jpg 573 390 651 400 742 396 817 398 629 579 752 579 612 394 788 401
day04/0125.jpg 514 425 577 426 636 422 703 420 548 560 652 564 540 424 672 418
day10/0530.jpg 631 460 688 470 755 472 807 476 663 592 772 602 660 465 780 470
day17/0226.jpg 568 353 640 353 727 352 797 360 614 520 735 524 603 352 756 352
day36/0349.jpg 556 370 612 371 676 367 736 370 603 496 688 490 584 365 707 368
day12/0091.jpg 573 221 644 220 716 223 778 235 620 364 732 373 596 221 745 224
day26/0693.jpg 570 460 635 457 702 456 765 461 623 595 718 600 600 455 735 458
day10/0705.jpg 543 412 602 396 672 377 747 364 624 548 727 519 568 405 708 372
day17/0558.jpg 535 351 597 346 680 341 743 348 583 489 696 495 563 347 718 344
day07/0079.jpg 529 467 601 459 666 444 734 440 600 603 702 592 565 468 700 445
day04/0094.jpg 576 450 634 450 702 442 765 445 627 591 732 585 604 448 736 444
day17/0338.jpg 555 365 627 365 712 359 775 359 614 536 728 531 588 363 741 355
day09/0306.jpg 503 433 573 432 652 427 719 424 563 590 680 586 540 430 696 422
day22/0253.jpg 581 418 658 424 734 417 800 427 634 583 739 588 612 419 768 427
day21/0700.jpg 542 278 620 268 691 256 762 248 617 425 723 414 580 269 725 252
day39/0057.jpg 499 304 566 298 648 293 726 287 561 467 678 462 524 299 685 284
day38/0325.jpg 558 388 625 390 709 384 775 392 600 545 726 543 587 382 744 388
day36/0751.jpg 496 335 570 341 646 333 720 341 549 499 666 499 530 336 691 335
day16/0014.jpg 601 383 666 392 739 403 804 415 640 540 749 555 636 386 776 408
day15/0205.jpg 524 394 600 392 694 397 786 392 581 576 724 579 561 394 736 389
day01/0214.jpg 560 412 619 413 692 412 748 414 611 553 704 552 587 408 723 409
day19/0344.jpg 547 354 623 351 703 349 773 349 610 524 730 519 582 352 744 345
day36/0739.jpg 486 315 556 316 637 323 710 333 532 485 640 492 516 316 668 324
day13/0450.jpg 548 352 623 364 704 364 789 381 578 532 705 547 590 352 748 371
day13/0225.jpg 714 402 782 400 860 394 926 395 778 552 894 544 750 399 902 394
day27/0331.jpg 479 426 555 428 627 419 709 416 538 595 658 588 508 423 660 411
day08/0514.jpg 527 331 592 332 663 328 726 330 578 474 674 467 562 328 691 329
day38/0519.jpg 544 376 618 372 697 372 771 372 608 541 709 526 582 372 740 371
day16/0821.jpg 584 248 656 249 731 245 800 252 643 399 741 393 616 244 769 244
day30/0320.jpg 488 357 563 360 652 355 724 359 542 518 656 515 521 352 684 354
day06/0199.jpg 520 363 578 363 648 358 714 360 567 502 662 498 544 362 677 358
day28/0492.jpg 480 357 556 342 631 332 704 328 538 511 656 496 506 348 668 332
day16/0067.jpg 523 345 598 347 668 344 743 346 576 504 682 503 564 340 714 340
day35/0608.jpg 520 387 592 383 667 375 724 374 576 536 684 524 548 384 699 372
day09/0687.jpg 557 312 616 309 692 297 759 299 622 447 719 432 588 310 727 291
day35/0373.jpg 534 328 615 338 686 344 750 348 583 498 691 508 569 329 722 343
day22/0406.jpg 508 430 571 428 648 419 712 416 570 580 667 576 536 427 680 415
day30/0611.jpg 484 324 548 332 636 327 718 332 540 482 644 488 515 323 674 327
day04/0757.jpg 532 393 592 397 661 396 721 397 582 526 675 535 565 393 695 394
day27/0562.jpg 495 412 573 412 651 408 729 411 545 581 668 580 527 412 692 409
day16/0230.jpg 602 385 680 385 760 381 843 375 667 550 788 542 642 379 808 368
day21/0347.jpg 565 356 649 368 727 367 808 370 613 539 746 551 606 359 771 367
day13/0444.jpg 539 341 619 353 702 361 785 371 571 528 699 540 583 345 750 364
day13/0633.jpg 513 415 584 412 665 410 748 406 566 588 685 586 546 415 704 412
day31/0698.jpg 461 356 549 357 654 345 740 335 532 551 699 542 491 353 694 339
day04/1138.jpg 612 413 682 408 752 411 824 405 675 558 785 564 638 408 782 401
day06/0512.jpg 448 404 524 404 593 399 668 400 504 564 606 558 487 399 633 399
day25/0194.jpg 496 388 564 392 642 388 720 389 536 549 657 552 520 388 679 392
day24/1112.jpg 617 382 688 387 778 391 852 394 660 564 772 573 648 380 811 389
day04/0327.jpg 592 486 640 494 697 495 735 493 629 596 699 599 616 488 712 493
day29/0603.jpg 513 316 587 315 669 304 753 302 572 489 704 486 545 310 718 302
day21/0100.jpg 585 332 664 336 746 334 820 336 640 504 765 504 623 332 791 334
day03/0021.jpg 608 390 682 400 759 403 826 413 660 568 760 578 648 391 796 405
day04/0776.jpg 547 330 613 330 680 322 757 321 604 483 694 472 572 327 716 316
day13/0370.jpg 504 422 568 425 642 428 708 431 549 576 656 576 537 420 675 427
day10/0445.jpg 579 329 650 331 734 335 804 338 624 497 756 493 613 327 769 336
day24/0972.jpg 576 408 656 411 751 403 826 400 648 595 761 595 610 407 781 399
day02/0705.jpg 520 431 582 434 652 425 724 424 584 583 674 580 552 434 684 419
day23/0247.jpg 510 396 588 408 665 410 752 416 559 588 686 589 549 400 711 410
day24/0106.jpg 500 391 578 393 660 391 736 394 548 553 677 562 532 391 691 392
day22/0227.jpg 556 399 636 401 717 404 799 400 618 584 736 575 594 399 761 400
day35/0391.jpg 503 332 581 331 652 328 721 327 557 490 673 492 532 324 686 320
day28/0238.jpg 607 368 672 372 744 368 819 375 652 521 764 522 633 369 783 370
day38/0728.jpg 521 334 600 333 690 334 757 341 571 507 703 504 556 333 728 337
day20/0020.jpg 587 298 649 299 739 298 804 298 627 460 748 460 620 290 776 296
day12/0479.jpg 561 324 634 320 707 319 778 314 621 467 725 468 601 321 753 315
day04/0043.jpg 579 364 652 369 730 360 803 362 640 534 741 529 614 367 768 366
day25/0738.jpg 545 353 619 359 688 352 762 357 602 516 712 511 583 350 728 348
day25/0175.jpg 500 360 571 363 648 361 716 364 563 522 661 523 539 356 688 360
day20/0209.jpg 504 362 581 369 656 368 740 367 552 545 671 545 539 362 696 365
day26/0644.jpg 522 412 588 413 656 410 722 413 562 558 672 560 552 407 696 408
day30/0616.jpg 494 328 565 332 646 336 719 338 544 492 652 492 525 328 684 331
day17/0880.jpg 515 400 584 396 656 399 720 404 566 555 672 546 544 399 697 398
day23/0102.jpg 533 401 600 391 676 379 742 376 608 550 722 526 562 392 708 376
day10/0511.jpg 528 448 599 451 665 444 733 437 591 594 694 590 560 449 697 445
day17/0746.jpg 608 459 668 460 745 459 813 456 655 605 753 604 638 452 778 452
day05/0372.jpg 518 387 591 385 675 387 744 392 565 552 680 552 553 384 712 389
day04/0741.jpg 511 398 571 404 626 404 686 400 549 538 640 533 532 399 653 399
day38/0434.jpg 582 312 641 312 710 310 776 311 633 440 736 447 612 305 748 309
day21/0040.jpg 586 368 646 370 720 364 781 368 641 514 741 511 614 368 749 369
day16/0858.jpg 550 268 628 274 702 281 786 290 594 436 716 444 580 271 751 280
day23/0324.jpg 540 431 599 425 656 423 718 412 583 543 683 538 564 425 682 412
day34/0354.jpg 508 333 593 327 684 320 766 316 570 511 705 506 539 326 724 312
day04/1119.jpg 576 406 643 408 727 404 803 407 636 571 755 568 607 408 766 404
day17/0184.jpg 579 436 644 433 717 431 789 431 631 590 736 578 604 436 754 429
day21/0534.jpg 555 332 616 328 688 331 765 340 592 479 718 483 584 328 727 332
day05/0399.jpg 527 290 581 291 659 292 724 294 571 430 676 432 557 292 693 292
day17/0354.jpg 492 393 575 397 658 389 736 388 541 558 687 550 525 388 684 386
day34/0840.jpg 651 381 725 396 796 395 874 401 706 549 820 552 690 387 840 400
day35/0883.jpg 559 338 620 345 700 344 769 353 605 493 712 500 590 340 736 349
day04/0793.jpg 506 368 584 365 673 360 749 353 584 546 712 539 550 360 716 356
day01/0213.jpg 574 414 648 424 708 416 771 421 624 562 724 565 609 416 748 418
day38/0704.jpg 482 340 560 345 644 346 720 351 532 516 646 517 520 344 676 344
day25/0737.jpg 550 353 615 353 692 350 756 348 605 514 712 506 586 348 732 345
day18/0364.jpg 484 292 560 293 644 286 723 288 543 468 666 467 520 288 684 280
day16/0676.jpg 600 315 658 322 719 327 768 342 637 428 723 438 632 314 747 333
day30/0066.jpg 484 403 564 399 637 396 712 400 541 560 653 559 519 395 676 395
day08/0348.jpg 584 463 640 468 692 469 743 472 626 583 701 583 610 463 720 469
day25/0400.jpg 584 357 648 356 714 343 773 332 648 488 740 478 610 352 738 335
day02/0489.jpg 584 365 652 368 727 369 795 377 639 523 735 528 619 364 767 372
day34/0571.jpg 512 364 588 360 670 359 756 364 569 539 692 533 548 360 720 361
day16/0062.jpg 528 352 596 344 672 340 748 352 580 496 698 506 564 343 715 344
day19/0200.jpg 505 352 581 352 664 348 731 347 569 511 685 516 539 352 700 346
day37/0336.jpg 501 388 568 392 640 389 715 384 562 546 663 546 540 384 684 386
day16/1073.jpg 553 336 622 330 699 331 770 336 603 483 713 488 584 333 733 332
day34/0265.jpg 551 382 630 381 712 368 794 364 613 552 752 535 584 374 744 361
day28/0693.jpg 493 383 568 384 636 384 714 382 553 542 660 534 532 380 685 377
day16/0080.jpg 513 356 579 353 655 345 729 348 562 504 686 510 533 346 693 341
day09/0216.jpg 613 380 686 384 767 385 831 384 672 541 784 538 644 377 804 380
day01/0142.jpg 552 444 614 444 676 444 738 441 605 576 691 580 582 444 708 442
day16/0729.jpg 548 435 602 441 664 441 724 449 584 572 675 570 575 435 699 438
day10/0758.jpg 573 272 639 266 708 252 780 248 639 409 752 389 603 268 745 244
day38/0450.jpg 528 411 599 410 674 405 739 405 584 557 684 556 560 408 708 402
day16/1014.jpg 463 339 532 335 609 332 688 331 506 496 631 494 494 334 650 330
day31/0216.jpg 396 288 480 288 561 285 648 284 464 476 586 472 429 290 600 284
day06/0588.jpg 567 416 623 418 680 416 735 419 617 537 705 538 598 412 710 416
day23/0272.jpg 565 434 640 432 728 420 804 416 634 606 756 593 598 428 761 416
day28/0203.jpg 500 391 581 389 664 388 745 392 549 554 680 558 535 392 699 388
day34/0593.jpg 483 366 562 364 648 358 728 357 542 540 672 530 520 361 688 356
day24/0560.jpg 530 378 601 380 675 372 753 366 594 534 706 528 564 368 713 362
day16/0547.jpg 576 320 634 321 705 320 773 319 619 461 728 458 604 318 743 314
day38/0254.jpg 573 283 651 280 732 280 810 276 632 452 756 447 608 279 773 273
day21/0697.jpg 544 277 618 269 690 256 764 247 612 428 730 414 573 271 726 251
day26/0687.jpg 568 463 637 458 698 460 764 463 607 593 724 596 603 455 739 459
day30/0047.jpg 528 368 602 368 682 370 759 370 586 537 708 535 567 365 726 369
day39/0304.jpg 480 284 548 288 637 280 708 282 541 453 659 451 512 286 676 278
day22/0805.jpg 488 363 570 362 661 360 741 360 546 538 680 539 528 355 698 356
day15/0207.jpg 518 406 595 408 687 409 764 404 576 583 701 586 549 406 720 407
day22/0463.jpg 521 382 597 382 671 373 745 369 584 547 688 532 551 379 701 372
day21/0219.jpg 604 392 665 387 748 384 808 386 664 525 767 535 632 387 771 384
day03/0536.jpg 548 437 615 444 685 445 744 445 600 587 695 592 583 441 716 445
day28/0724.jpg 551 375 625 373 696 368 770 370 604 529 722 524 585 368 744 363
day35/0265.jpg 497 337 570 341 639 338 700 337 545 486 654 484 527 332 668 332
day19/0198.jpg 512 353 584 352 664 351 740 348 564 513 692 520 540 348 704 344
day15/0048.jpg 508 426 568 430 628 436 680 439 548 556 632 557 532 429 651 437
day27/0223.jpg 484 412 567 404 644 393 724 387 558 583 684 568 517 404 680 386
day23/0393.jpg 525 369 600 376 677 376 764 382 569 540 687 542 567 367 724 372
day39/0354.jpg 463 329 533 327 612 320 678 321 516 484 624 481 491 328 639 319
day15/0257.jpg 526 412 594 409 676 408 747 408 580 573 692 571 552 407 703 408
day39/0135.jpg 502 429 572 434 655 432 732 436 547 601 672 600 541 430 696 433
day39/0267.jpg 488 326 560 325 631 315 712 315 535 485 652 476 512 324 664 315
day38/0638.jpg 604 412 661 406 721 400 784 396 651 529 741 520 631 408 754 398
day10/0142.jpg 591 464 642 471 699 473 753 475 623 586 706 589 612 465 727 469
day17/1037.jpg 544 315 628 314 716 314 789 323 599 490 734 495 577 311 752 316
day24/0160.jpg 540 424 610 425 682 414 748 412 598 567 719 560 570 422 720 412
day33/0681.jpg 548 293 630 296 718 300 808 311 596 468 740 473 584 288 764 299
day23/0641.jpg 558 368 632 368 704 361 774 364 610 516 727 516 589 361 740 363
day22/0523.jpg 572 392 653 393 743 385 820 391 643 574 759 568 608 389 777 385
day36/0128.jpg 509 306 582 305 666 301 740 304 564 473 689 468 544 301 700 300
day16/0621.jpg 552 448 608 452 662 455 714 457 592 560 676 566 577 446 683 452
day10/0246.jpg 446 414 523 421 604 408 689 401 512 577 656 560 476 416 645 400
day17/0841.jpg 541 339 609 339 680 333 748 336 585 491 702 490 567 337 712 332
day04/0439.jpg 537 348 606 347 678 342 750 342 596 501 700 496 562 342 704 341
day06/0667.jpg 489 325 561 332 623 334 696 340 526 462 632 472 529 324 665 336
day38/0327.jpg 542 389 612 391 691 388 756 383 594 546 705 545 566 389 716 388
day31/0544.jpg 543 334 608 337 674 337 741 335 595 477 694 472 572 329 706 332
