day12/0193.jpg 686 303 742 307 815 308 866 300 736 425 824 426 720 305 841 304
day04/0123.jpg 503 354 559 353 640 355 703 350 544 480 655 479 532 352 672 351
day14/0079.jpg 384 372 444 379 549 376 617 367 439 539 551 544 416 372 579 368
day63/0484.jpg 482 256 539 258 620 264 676 261 524 386 618 387 512 254 650 261
day50/0043.jpg 610 307 663 313 756 316 811 314 654 447 750 455 643 308 780 315
day45/0644.jpg 543 383 592 391 670 393 728 391 582 515 674 521 570 386 704 390
day42/0201.jpg 420 334 482 340 578 340 637 332 472 482 572 490 454 332 603 335
day03/0322.jpg 537 368 588 370 660 373 708 369 574 484 658 488 566 369 687 368
day41/0502.jpg 597 300 652 311 736 317 785 318 638 448 728 452 632 302 764 312
day27/0458.jpg 646 416 696 420 778 419 820 420 685 537 774 544 676 415 801 420
day36/0070.jpg 484 274 543 284 635 289 696 296 522 427 632 440 516 276 664 292
day53/0679.jpg 528 405 588 414 696 418 772 420 567 575 684 596 559 406 728 420
day66/0101.jpg 516 345 561 356 640 352 692 353 544 474 632 479 538 348 666 351
day20/0587.jpg 492 256 547 268 639 267 699 261 535 403 630 413 520 261 666 262
day38/0116.jpg 600 357 656 368 736 377 788 382 636 492 728 504 636 363 760 380
day63/0254.jpg 603 292 657 301 753 307 813 301 642 445 747 452 632 296 782 301
day31/0279.jpg 626 229 688 237 783 250 843 256 670 384 780 401 662 232 816 249
day51/0157.jpg 528 400 579 411 667 414 730 412 568 545 664 556 556 404 693 412
day21/0022.jpg 581 334 640 341 726 351 783 351 619 482 716 488 612 337 752 347
day49/0206.jpg 520 306 579 312 680 315 752 315 557 472 676 477 550 304 712 310
day23/0234.jpg 435 329 494 336 582 336 642 331 484 468 584 471 470 328 610 328
day56/0097.jpg 536 352 586 356 670 358 728 352 572 485 667 491 561 352 696 352
day49/0494.jpg 492 298 552 307 657 312 725 309 536 468 652 476 524 302 692 306
day54/0044.jpg 548 314 601 320 692 329 753 331 577 456 675 467 580 315 718 328
day52/0278.jpg 644 256 710 269 819 283 876 286 693 433 798 445 681 260 845 280
day52/0152.jpg 508 335 574 346 668 352 726 356 548 498 660 508 548 340 700 356
day13/0053.jpg 526 417 584 426 675 431 726 430 565 563 669 572 563 415 702 425
day07/0324.jpg 468 372 526 376 616 377 675 372 509 523 611 531 497 373 640 373
day49/0067.jpg 528 334 596 344 699 357 768 356 568 509 691 515 568 335 733 349
day44/0066.jpg 765 292 831 308 930 320 984 327 804 456 910 471 803 297 958 320
day37/0037.jpg 532 434 595 437 691 448 752 447 578 592 686 601 568 436 724 446
day03/0442.jpg 508 340 567 344 673 348 737 344 550 500 669 508 536 340 700 344
day65/0145.jpg 631 320 674 322 744 328 784 326 661 422 732 432 653 317 761 324
day50/0249.jpg 574 244 630 255 720 260 779 252 600 390 718 402 600 247 742 256
day64/0268.jpg 692 484 742 491 824 493 874 490 734 615 828 618 721 480 848 489
day20/0058.jpg 612 332 665 335 743 343 798 342 657 457 751 463 645 332 773 336
day57/0095.jpg 534 388 588 396 684 396 747 391 579 537 682 541 565 389 711 391
day37/0413.jpg 646 376 705 387 804 405 858 404 686 544 792 558 679 379 835 402
day56/0096.jpg 580 339 636 350 720 353 769 348 620 475 711 486 614 343 747 350
day01/0196.jpg 477 348 549 364 656 366 723 362 530 522 647 525 520 354 690 363
day42/0593.jpg 660 257 713 265 796 270 854 265 697 396 795 401 690 256 826 262
day13/0173.jpg 586 313 640 324 710 329 759 324 621 436 704 444 618 317 735 324
day61/0111.jpg 574 242 642 253 750 266 811 266 623 427 732 440 609 248 781 267
day21/0052.jpg 460 374 512 379 587 376 644 368 504 497 593 501 486 370 613 368
day17/0247.jpg 540 253 608 264 714 273 777 272 594 428 704 430 585 251 744 268
day54/0309.jpg 591 233 650 242 742 249 806 251 633 387 737 404 623 234 771 242
day57/0131.jpg 518 387 566 392 661 395 720 392 544 533 648 545 541 390 686 393
day43/0003.jpg 644 288 700 300 783 307 837 306 679 423 772 432 679 291 808 300
day59/0350.jpg 584 337 651 348 741 355 807 356 629 491 737 500 627 339 775 358
day65/0355.jpg 578 409 615 416 687 420 729 417 604 521 679 528 598 410 702 415
day63/0411.jpg 543 253 613 265 717 275 791 271 590 420 711 437 585 256 756 270
day20/0460.jpg 601 288 657 292 746 295 804 291 642 433 741 432 633 288 773 290
day14/0075.jpg 419 376 482 384 588 389 665 385 468 553 582 558 455 378 622 385
day64/0103.jpg 480 313 520 315 582 318 619 313 515 412 585 410 502 313 602 316
day49/0273.jpg 387 290 452 290 547 278 611 262 463 432 574 417 424 288 578 268
day43/0371.jpg 516 369 568 372 650 372 704 371 564 500 652 501 544 370 676 372
day04/0535.jpg 442 374 500 377 594 380 662 373 486 518 602 520 471 371 624 371
day41/0481.jpg 564 332 612 336 690 340 742 335 604 460 689 464 592 334 717 336
day37/0379.jpg 420 299 477 308 576 309 647 305 458 457 571 465 448 300 609 302
day52/0652.jpg 501 390 560 397 639 397 700 397 540 534 639 540 530 390 669 392
day04/0048.jpg 491 346 560 356 662 364 729 364 538 519 656 524 533 352 696 362
day17/0220.jpg 492 320 550 322 642 325 707 319 536 466 641 468 524 320 671 318
day67/0319.jpg 480 338 526 344 592 350 635 349 511 449 592 454 504 340 613 347
day44/0054.jpg 481 288 535 300 615 303 670 303 524 424 612 427 508 292 640 298
day35/0065.jpg 545 404 599 413 680 419 728 420 584 532 676 540 577 407 704 417
day32/0062.jpg 562 298 619 305 704 311 764 312 598 436 704 448 595 299 731 306
day08/0149.jpg 584 324 634 328 712 335 767 338 616 451 709 460 615 325 740 332
day06/0349.jpg 607 274 660 281 740 282 788 279 651 409 740 408 636 275 765 280
day19/0145.jpg 439 335 497 340 587 345 652 338 477 479 591 485 472 334 619 338
day11/0054.jpg 540 260 592 266 677 268 726 267 584 397 673 402 568 260 697 264
day58/0625.jpg 624 294 692 308 796 317 869 314 666 466 784 480 662 301 830 316
day55/0106.jpg 617 289 696 304 814 316 881 318 674 500 797 509 667 296 849 314
day45/0492.jpg 540 396 596 404 688 407 747 405 584 547 681 556 570 396 712 404
day47/0317.jpg 497 252 550 256 641 261 698 258 536 397 632 407 520 253 670 257
day11/0098.jpg 540 285 602 293 696 298 760 294 587 435 689 443 578 288 725 292
day62/0169.jpg 434 388 488 396 577 398 636 396 469 535 576 540 465 390 607 394
day19/0158.jpg 515 308 580 319 681 325 742 330 564 472 676 476 556 311 711 325
day32/0076.jpg 552 292 616 304 720 316 785 320 592 469 712 480 588 294 752 312
day41/0490.jpg 550 330 592 336 672 340 723 336 583 454 672 461 573 332 697 333
day17/0424.jpg 482 260 554 269 654 272 722 265 536 428 654 433 521 259 687 264
day48/0186.jpg 428 316 490 328 588 332 656 329 474 476 586 481 459 318 618 327
day34/0200.jpg 521 405 577 411 648 419 694 421 556 526 644 532 552 406 674 419
day54/0320.jpg 542 237 600 240 696 240 758 237 589 388 692 393 573 235 724 236
day43/0022.jpg 588 238 655 245 755 255 813 251 636 398 741 405 628 239 780 248
day49/0073.jpg 485 360 555 364 658 369 733 365 539 528 654 532 528 357 694 364
day53/0499.jpg 523 260 573 268 658 271 716 266 561 395 655 401 551 264 682 264
day35/0019.jpg 486 382 544 392 633 394 697 391 531 552 633 556 518 386 661 388
day14/0002.jpg 567 319 618 321 700 326 761 321 604 446 698 454 597 315 728 322
day12/0132.jpg 456 353 520 357 629 361 698 356 501 521 623 531 492 354 663 356
day17/0157.jpg 514 272 578 285 668 293 729 292 556 420 658 434 550 279 694 292
day42/0172.jpg 504 256 564 262 659 265 721 260 556 406 656 409 536 258 687 262
day53/0439.jpg 472 350 538 357 640 365 712 363 518 520 633 524 512 350 675 360
day44/0002.jpg 512 296 564 300 654 302 710 303 552 443 640 448 537 294 679 298
day15/0268.jpg 638 306 700 317 797 327 855 328 688 468 788 479 676 308 826 323
day07/0184.jpg 522 192 571 197 655 196 715 196 559 326 652 332 545 192 679 193
day20/0156.jpg 564 342 619 347 708 352 770 350 605 486 705 489 596 341 740 345
day54/0388.jpg 620 283 692 299 811 312 887 313 660 478 791 498 662 288 847 307
day41/0434.jpg 494 349 542 354 614 355 667 352 528 468 616 473 516 351 638 351
day23/0231.jpg 499 327 563 342 658 348 725 348 540 492 658 496 536 332 689 344
day21/0256.jpg 420 348 471 352 552 352 604 351 457 479 549 483 447 347 576 348
day01/0430.jpg 577 407 635 409 727 412 791 408 622 552 724 558 608 407 758 409
day49/0363.jpg 588 357 642 364 736 373 796 373 627 508 732 513 616 359 764 370
day64/0069.jpg 522 311 587 321 684 331 761 330 564 475 673 489 556 320 716 328
day41/0341.jpg 548 347 598 352 689 354 752 352 584 493 680 501 572 344 715 350
day50/0166.jpg 516 252 579 260 673 268 737 272 561 408 666 417 557 256 708 268
day51/0074.jpg 571 378 632 387 716 400 770 403 612 528 710 539 612 380 746 397
day65/0141.jpg 611 283 678 292 792 303 861 303 661 464 776 476 656 284 829 302
day47/0274.jpg 554 398 612 407 697 419 747 419 591 545 683 556 590 402 725 419
day56/0139.jpg 581 332 645 341 749 352 816 350 622 499 735 510 623 333 777 348
day38/0425.jpg 463 435 525 439 623 445 695 443 507 600 616 606 496 437 659 443
day04/0323.jpg 452 353 512 356 601 361 653 363 495 498 593 505 484 352 628 360
day47/0164.jpg 565 357 620 367 692 372 742 370 607 481 690 489 593 360 717 368
day26/0027.jpg 507 360 559 363 640 362 698 356 552 489 642 491 534 360 669 356
day03/0517.jpg 504 358 540 360 600 358 642 354 532 453 600 452 523 357 620 352
day13/0164.jpg 604 309 652 320 721 325 768 321 637 432 721 437 632 313 748 319
day06/0289.jpg 543 312 586 323 657 328 710 324 564 432 648 444 565 316 682 320
day61/0242.jpg 543 353 602 361 688 369 752 370 584 499 681 507 581 356 718 366
day37/0421.jpg 688 397 737 404 812 412 868 416 716 520 802 536 715 397 840 412
day26/0058.jpg 473 406 529 412 614 408 675 401 521 544 617 544 504 408 644 400
day12/0491.jpg 483 300 536 305 612 308 663 309 521 427 600 434 509 300 635 304
day62/0225.jpg 543 284 603 292 696 300 764 300 583 437 688 443 576 286 729 297
day48/0134.jpg 537 332 600 339 696 345 754 343 586 488 688 492 573 334 721 342
day41/0212.jpg 587 229 646 239 738 247 795 248 624 381 729 391 620 232 764 242
day49/0359.jpg 546 335 601 344 687 345 747 343 587 481 684 489 575 340 715 340
day45/0624.jpg 485 331 543 338 630 335 685 335 528 471 631 470 520 330 659 333
day55/0015.jpg 545 397 608 408 685 416 740 416 584 537 684 552 582 398 715 410
day49/0521.jpg 473 337 533 345 628 353 689 360 518 496 625 504 505 339 661 353
day37/0216.jpg 528 241 584 254 664 260 708 264 564 373 648 386 564 245 688 259
day38/0468.jpg 369 415 428 413 528 407 607 396 420 575 534 576 398 411 563 399
day04/0153.jpg 512 316 572 328 671 329 732 326 565 474 669 480 546 322 699 321
day64/0046.jpg 477 302 523 304 589 300 637 292 524 408 603 401 501 304 612 292
day52/0736.jpg 520 340 574 351 657 356 707 355 562 484 653 488 555 344 684 352
day53/0371.jpg 519 298 571 301 644 308 702 306 555 425 640 426 544 295 673 305
day25/0009.jpg 551 323 596 323 672 319 725 314 589 436 673 438 572 320 696 314
day43/0279.jpg 508 264 569 275 657 282 715 274 550 416 652 422 540 266 690 273
day38/0047.jpg 517 396 570 401 651 404 708 400 561 520 656 525 547 396 679 395
day57/0157.jpg 577 384 635 391 716 397 773 397 623 516 712 524 613 384 742 395
day47/0149.jpg 532 331 589 340 667 339 717 340 576 458 663 466 567 331 692 333
day25/0131.jpg 513 423 567 429 639 428 700 427 554 544 642 549 544 420 671 425
day04/0082.jpg 591 364 649 369 744 373 804 369 633 512 746 512 628 365 776 372
day57/0178.jpg 395 384 455 388 563 386 632 380 445 552 560 557 423 382 589 384
day07/0198.jpg 550 244 596 248 677 249 732 247 588 376 676 378 571 244 705 247
day17/0564.jpg 503 396 565 404 668 406 736 405 551 565 661 574 537 400 702 404
day52/0681.jpg 543 330 598 340 693 344 750 348 585 482 689 489 578 335 722 344
day53/0296.jpg 558 310 624 320 720 328 781 332 593 471 707 479 596 315 750 328
day56/0023.jpg 530 259 580 265 655 264 709 259 573 381 657 387 556 257 684 256
day58/0038.jpg 557 220 621 228 710 235 777 236 600 378 708 384 592 222 743 231
day31/0085.jpg 502 472 549 479 623 477 667 482 536 593 620 600 529 476 647 478
day54/0502.jpg 622 373 684 384 782 394 846 397 663 538 773 550 655 380 817 396
day21/0132.jpg 538 312 588 319 669 325 713 328 574 436 656 448 563 314 690 324
day42/0362.jpg 488 293 544 300 638 304 696 302 530 446 628 451 515 296 661 300
day44/0138.jpg 529 344 591 348 662 352 713 352 580 461 669 462 567 347 685 346
day37/0067.jpg 456 307 520 312 612 316 683 314 496 463 616 465 491 305 647 313
day54/0351.jpg 480 379 539 385 633 385 693 381 528 528 632 536 509 378 659 382
day20/0589.jpg 518 265 580 277 664 280 730 275 562 418 669 418 549 270 695 274
day55/0196.jpg 568 286 621 296 705 300 757 298 605 421 701 428 598 287 736 297
day12/0374.jpg 564 287 620 295 716 296 772 292 604 431 718 439 593 288 740 290
day01/0053.jpg 558 353 616 360 698 365 752 368 596 493 693 497 588 352 722 360
day54/0300.jpg 565 290 621 296 711 303 770 304 599 439 696 447 596 292 741 300
day32/0221.jpg 495 357 567 365 675 379 738 380 548 543 668 553 536 364 710 378
day67/0217.jpg 547 321 612 333 711 340 777 336 592 479 702 490 585 326 744 336
day50/0111.jpg 523 331 577 336 672 344 729 345 558 484 656 496 549 330 696 340
day17/0361.jpg 540 367 586 368 660 372 710 366 569 482 657 485 561 367 680 363
day14/0055.jpg 527 334 587 342 668 343 720 341 576 471 669 473 562 338 695 340
day47/0063.jpg 611 464 659 470 728 472 771 472 648 580 723 583 635 466 747 470
day66/0108.jpg 528 349 580 356 657 363 721 364 562 481 655 488 560 354 688 360
day51/0334.jpg 502 324 554 334 637 344 688 342 536 465 628 472 535 328 663 340
day20/0118.jpg 380 343 452 347 552 345 626 341 435 491 558 497 416 341 582 340
day65/0303.jpg 496 476 542 478 608 477 650 473 531 581 606 582 522 475 630 472
day63/0341.jpg 622 320 674 322 768 321 829 316 669 469 770 473 651 325 796 316
day53/0102.jpg 510 342 561 348 644 355 703 349 547 481 642 487 535 341 672 351
day52/0400.jpg 533 189 581 196 651 200 696 204 570 300 644 312 565 191 676 201
day16/0183.jpg 625 329 693 342 785 351 844 348 673 484 773 488 667 336 818 348
day20/0127.jpg 485 359 546 364 639 366 696 360 535 509 636 510 520 360 665 360
day23/0083.jpg 599 332 656 339 754 342 810 348 645 484 744 488 631 333 783 345
day15/0321.jpg 470 302 522 307 604 308 660 298 513 435 604 440 496 303 628 302
day40/0025.jpg 503 316 560 326 642 335 700 336 544 453 639 458 535 323 670 332
day22/0249.jpg 572 324 620 332 692 338 736 336 604 442 684 452 596 324 715 334
day51/0264.jpg 470 268 535 276 637 284 705 280 521 436 626 438 506 268 673 280
day50/0069.jpg 556 291 604 297 676 301 720 300 591 403 672 406 584 293 697 297
day02/0140.jpg 545 350 601 357 680 363 731 360 588 482 676 488 581 355 708 359
day63/0189.jpg 522 343 580 348 672 347 735 347 565 487 672 491 556 344 700 346
day06/0316.jpg 544 289 608 296 700 305 758 300 594 443 690 452 588 290 728 298
day55/0006.jpg 479 418 532 420 614 422 677 416 520 552 614 553 506 416 640 416
day16/0311.jpg 356 264 414 264 512 260 593 255 404 424 516 430 380 261 548 254
day29/0006.jpg 562 323 615 328 699 329 750 329 602 454 695 456 589 324 722 328
day34/0300.jpg 586 239 641 252 729 266 782 272 622 386 725 404 619 243 756 268
day42/0161.jpg 594 259 652 265 737 276 790 274 638 399 734 410 627 262 768 270
day53/0312.jpg 523 284 591 292 692 296 758 296 568 449 677 459 558 285 724 295
day54/0213.jpg 588 425 653 433 749 444 808 446 638 588 743 594 628 428 780 442
day52/0693.jpg 538 353 596 364 678 372 732 369 579 496 672 504 575 357 707 368
day53/0561.jpg 523 336 577 340 672 344 738 341 558 488 665 496 554 336 704 337
day41/0238.jpg 496 308 547 312 640 320 699 320 535 456 630 463 524 310 669 315
day27/0151.jpg 384 397 440 402 522 404 578 402 427 531 526 536 412 398 548 399
day42/0647.jpg 479 279 521 284 596 292 642 291 504 404 592 409 501 281 620 288
day01/0496.jpg 596 396 652 403 728 408 782 410 637 534 731 539 628 396 758 407
day61/0227.jpg 564 261 628 260 728 258 798 260 616 413 724 418 597 257 758 258
day52/0423.jpg 575 333 626 340 700 340 754 339 617 456 700 465 603 336 724 336
day21/0128.jpg 451 332 501 335 597 332 657 329 497 473 600 468 478 332 626 329
day52/0178.jpg 430 308 484 312 574 319 636 312 472 454 572 460 457 308 604 312
day12/0457.jpg 520 328 580 333 661 340 712 342 564 464 659 469 557 331 685 340
day04/0198.jpg 560 370 613 376 697 370 744 366 608 498 692 498 590 369 719 367
day41/0135.jpg 523 336 568 340 658 338 708 334 564 471 655 471 549 334 682 336
day01/0279.jpg 431 363 504 370 615 380 689 380 480 549 608 556 475 360 652 372
day02/0192.jpg 529 330 596 334 691 340 756 336 578 471 700 478 571 332 726 336
day58/0659.jpg 583 333 649 336 747 345 809 343 631 486 741 494 620 336 777 341
day65/0169.jpg 580 346 644 356 741 371 805 374 619 513 724 532 615 347 772 368
day30/0063.jpg 586 300 632 308 710 318 753 319 616 419 703 431 613 300 729 316
day17/0328.jpg 596 301 661 308 748 313 802 312 642 443 743 451 634 304 773 309
day51/0299.jpg 616 269 675 280 768 288 823 292 658 418 758 431 653 272 796 285
day28/0221.jpg 600 265 647 272 724 276 775 276 636 385 719 395 627 267 750 273
day42/0226.jpg 572 380 618 387 682 391 730 389 608 495 684 497 597 381 706 384
day53/0202.jpg 580 274 632 282 713 292 772 288 610 409 703 423 606 276 739 288
day38/0419.jpg 533 394 592 403 676 411 730 416 576 544 672 556 571 395 705 412
day11/0039.jpg 513 240 576 248 660 252 721 251 560 377 656 383 550 242 688 248
day11/0056.jpg 532 276 586 277 668 277 729 275 577 404 670 407 560 268 696 274
day38/0019.jpg 560 321 623 328 723 341 785 342 604 482 708 499 597 322 756 337
day03/0333.jpg 488 353 545 356 624 360 680 360 524 476 630 485 519 352 654 357
day10/0154.jpg 572 331 630 332 706 336 767 332 622 460 705 464 601 329 737 334
day53/0690.jpg 549 389 622 400 724 410 794 415 602 574 713 585 592 394 767 412
day47/0230.jpg 532 402 588 406 670 412 728 409 575 541 664 546 564 406 694 408
day42/0094.jpg 481 333 532 340 609 339 652 340 523 452 607 456 510 336 627 336
day36/0001.jpg 426 359 497 366 625 368 713 363 492 560 620 564 466 361 663 361
day47/0310.jpg 556 241 615 252 709 263 761 260 593 390 704 405 596 243 737 258
day10/0202.jpg 516 344 576 351 660 352 709 345 564 484 661 480 551 347 686 346
day23/0099.jpg 612 318 665 324 748 326 813 319 650 453 750 460 636 319 776 316
day31/0400.jpg 457 448 510 457 595 462 648 464 493 590 585 595 483 456 619 458
day14/0283.jpg 456 303 507 309 598 308 652 307 492 447 594 452 484 302 624 304
day14/0308.jpg 571 298 625 308 712 320 769 317 616 449 703 456 599 304 742 313
day67/0067.jpg 537 373 586 378 660 383 716 381 573 502 664 507 564 374 688 377
day61/0245.jpg 511 340 562 340 643 340 700 336 541 471 634 473 536 337 668 334
day63/0059.jpg 553 353 607 360 697 364 749 361 592 499 687 507 582 357 719 360
day67/0251.jpg 469 444 532 451 624 449 698 443 520 595 626 601 502 444 660 446
day41/0133.jpg 544 338 595 343 677 344 733 341 584 471 674 475 570 337 704 340
day58/0471.jpg 472 238 529 237 628 238 690 230 524 388 623 390 502 236 652 230
day48/0106.jpg 576 316 632 321 715 330 764 332 612 448 706 459 609 314 738 326
day12/0209.jpg 657 298 705 301 781 304 836 298 695 416 777 417 682 299 806 296
day64/0265.jpg 676 469 724 475 803 476 852 475 708 595 796 600 700 468 821 472
day20/0086.jpg 494 334 551 332 644 325 704 318 544 480 648 474 523 330 671 316
day38/0208.jpg 498 372 557 372 629 371 675 367 559 482 644 477 534 371 650 364
day25/0053.jpg 526 421 583 424 672 424 731 423 579 568 676 569 556 420 700 422
day21/0307.jpg 472 267 534 276 630 281 691 281 520 421 626 428 504 270 660 280
day17/0254.jpg 476 295 548 299 654 302 717 299 535 458 640 466 513 293 683 300
day31/0008.jpg 468 262 526 269 629 271 696 266 517 427 627 432 500 267 662 267
day61/0325.jpg 552 321 611 328 701 335 763 337 593 468 703 474 587 323 737 334
day25/0077.jpg 528 452 577 452 655 455 716 453 571 579 660 581 558 450 688 452
day55/0254.jpg 574 324 647 339 747 349 810 352 628 504 738 515 616 330 787 347
day51/0253.jpg 610 245 669 262 758 272 808 281 645 402 736 415 648 256 786 275
day01/0057.jpg 516 357 564 358 654 366 712 364 557 496 645 504 543 356 680 364
day58/0624.jpg 580 295 643 301 751 311 828 309 630 460 735 478 614 295 784 306
day41/0421.jpg 551 277 607 284 685 290 733 287 600 403 681 410 587 279 708 285
day14/0301.jpg 483 314 536 321 624 326 687 321 520 466 624 467 512 316 652 323
day38/0182.jpg 532 405 585 413 660 420 701 422 562 528 650 536 565 406 678 420
day58/0619.jpg 621 271 691 281 796 292 861 292 670 440 783 451 660 274 828 292
day10/0131.jpg 606 264 678 277 781 283 842 280 656 432 768 439 647 268 815 282
day55/0388.jpg 537 402 598 410 681 415 736 417 587 542 672 552 575 405 708 411
day49/0471.jpg 538 349 598 361 694 371 748 372 576 512 674 519 572 356 724 368
day12/0095.jpg 484 359 546 360 636 360 698 352 534 503 638 508 520 356 668 353
day53/0512.jpg 607 295 660 303 750 315 802 318 635 438 732 448 633 298 772 313
day04/0092.jpg 564 293 618 302 712 304 766 300 609 434 707 444 596 294 742 298
day55/0309.jpg 544 368 590 372 665 372 716 372 576 484 662 493 568 368 689 370
day65/0172.jpg 536 368 600 377 704 384 766 381 576 538 692 552 570 372 738 380
day61/0068.jpg 524 336 580 336 678 340 744 335 565 480 678 490 556 330 706 332
day42/0460.jpg 548 350 615 358 702 370 771 372 592 508 700 516 584 354 730 367
day19/0121.jpg 491 391 558 400 655 401 719 400 538 554 647 559 527 396 688 399
day37/0214.jpg 504 248 559 258 640 263 685 264 544 382 634 389 537 251 663 261
day42/0216.jpg 526 371 573 377 642 380 691 376 563 483 640 490 550 369 662 372
day03/0508.jpg 533 363 573 368 633 364 678 363 562 462 634 464 555 363 656 360
day58/0632.jpg 565 287 628 296 734 301 817 299 611 454 727 467 596 290 769 296
day01/0109.jpg 588 380 647 387 735 391 800 391 628 522 735 528 624 384 764 389
day49/0005.jpg 559 232 621 244 704 252 756 257 605 383 684 392 595 237 727 251
day37/0223.jpg 548 336 596 340 676 343 729 343 591 448 678 452 574 335 702 340
day20/0264.jpg 440 317 508 324 608 336 679 332 488 479 596 484 479 315 640 331
day66/0152.jpg 506 272 562 280 643 286 700 290 545 408 643 412 536 276 672 286
day03/0012.jpg 505 388 551 392 624 392 680 387 541 504 624 508 531 389 645 384
day31/0052.jpg 435 381 501 388 618 393 691 386 478 562 600 574 468 380 644 388
day45/0453.jpg 462 324 518 332 618 334 695 329 509 484 616 491 492 325 651 329
day41/0148.jpg 542 297 612 311 713 319 776 324 584 463 701 475 578 301 742 317
day58/0113.jpg 524 300 586 303 681 311 747 310 575 450 679 457 561 301 707 309
day52/0274.jpg 668 285 734 302 844 316 907 318 708 465 826 481 708 293 877 316
day56/0211.jpg 532 360 602 376 693 379 758 376 580 524 686 538 568 366 729 376
day38/0324.jpg 498 390 557 393 644 389 703 384 548 528 647 532 530 390 672 386
day67/0076.jpg 549 379 602 380 677 384 732 388 591 506 681 507 581 377 708 384
day61/0133.jpg 447 260 513 264 611 260 681 257 499 416 608 416 484 256 644 259
day21/0255.jpg 436 356 484 361 574 365 627 364 468 489 565 496 464 360 597 362
day47/0278.jpg 487 402 542 411 630 416 684 414 534 546 626 553 517 408 656 414
day52/0132.jpg 459 336 511 343 590 346 638 343 501 464 587 470 490 337 610 343
day58/0407.jpg 566 231 630 240 733 248 799 247 613 395 726 408 602 236 762 246
day63/0536.jpg 644 300 712 304 812 316 873 314 688 455 794 468 684 300 844 313
day41/0274.jpg 467 216 517 222 596 225 645 221 506 352 591 353 493 217 620 220
day20/0142.jpg 557 329 620 335 712 341 780 344 603 478 712 486 592 331 746 336
day27/0201.jpg 508 405 560 407 640 410 700 410 547 524 640 528 538 404 670 408
day35/0193.jpg 418 310 484 319 595 319 674 316 464 495 588 502 453 309 633 312
day53/0209.jpg 608 282 665 291 747 300 804 300 643 421 735 433 645 286 779 298
day51/0358.jpg 560 308 615 315 702 328 756 324 597 448 694 457 596 310 729 323
day54/0532.jpg 534 400 591 402 676 402 740 402 576 541 682 548 563 399 708 400
day63/0065.jpg 624 343 680 351 768 359 820 361 660 480 753 500 656 345 792 358
day54/0154.jpg 524 361 583 367 671 375 728 373 564 510 661 520 555 364 700 372
day10/0203.jpg 544 270 600 284 688 289 738 289 586 412 685 424 572 278 713 286
day22/0214.jpg 516 317 564 327 640 332 691 332 552 439 636 443 545 322 664 327
day54/0029.jpg 496 296 549 302 645 304 699 301 536 443 633 447 524 292 670 296
day60/0008.jpg 453 320 528 327 644 330 710 327 511 504 634 516 492 318 675 326
day34/0247.jpg 523 186 573 192 658 196 716 197 556 313 649 320 548 184 686 195
day23/0241.jpg 498 346 557 356 642 363 700 363 535 489 641 498 532 350 671 361
day53/0214.jpg 508 268 562 276 648 280 708 279 551 408 648 414 535 272 674 274
day01/0415.jpg 590 381 635 388 711 393 758 395 628 503 715 510 615 384 737 388
day36/0061.jpg 456 350 505 356 581 352 632 349 494 469 576 477 479 349 602 349
day35/0182.jpg 495 317 556 327 660 332 722 330 534 481 648 492 529 320 685 325
day03/0321.jpg 566 356 619 360 688 363 738 364 611 471 692 472 599 356 720 360
day21/0117.jpg 494 323 556 326 647 331 709 329 544 460 646 468 532 322 672 327
day45/0401.jpg 530 454 579 462 658 460 712 456 567 575 657 583 555 458 680 460
day42/0482.jpg 554 378 611 384 689 388 738 385 605 516 688 516 584 380 716 385
day53/0677.jpg 526 392 586 401 688 405 756 407 560 560 674 576 560 395 725 401
day12/0131.jpg 480 352 546 359 655 365 727 364 525 524 639 540 517 354 685 360
day59/0235.jpg 572 346 640 358 746 367 808 371 620 521 735 531 608 350 781 367
day55/0192.jpg 574 351 637 361 736 371 804 370 617 512 729 524 608 352 769 364
day23/0256.jpg 498 376 551 385 638 389 696 384 534 515 628 524 528 378 668 386
day11/0118.jpg 534 285 588 290 684 295 753 291 577 435 675 444 564 288 711 288
day52/0408.jpg 617 325 671 331 746 337 798 336 655 450 737 457 647 325 772 333
day67/0224.jpg 543 308 604 316 705 326 770 331 591 467 694 483 574 308 738 324
day45/0049.jpg 517 266 585 275 695 282 757 287 571 441 688 445 558 269 720 280
day02/0155.jpg 550 316 612 324 692 327 750 333 593 450 688 458 588 319 720 325
day52/0486.jpg 451 341 501 345 580 345 637 340 490 472 587 477 475 340 609 339
day57/0289.jpg 584 324 644 334 737 343 796 349 627 474 723 489 615 327 765 341
day16/0348.jpg 613 301 672 312 768 319 832 319 664 453 767 464 652 307 796 314
day01/0462.jpg 526 426 585 429 684 435 746 432 571 581 683 587 560 425 713 432
day49/0050.jpg 333 334 425 349 546 360 624 364 404 538 535 548 388 340 583 357
day15/0272.jpg 519 328 576 335 670 340 737 338 555 479 668 491 552 328 700 336
day33/0073.jpg 529 296 592 301 692 304 764 305 578 453 690 465 561 299 730 300
day11/0129.jpg 583 312 640 318 723 319 780 317 630 451 728 455 619 315 752 314
day53/0622.jpg 529 288 580 292 676 296 744 290 570 440 674 449 554 289 712 291
day31/0004.jpg 425 274 485 274 585 270 651 265 476 427 584 428 458 271 616 264
day56/0237.jpg 536 333 600 340 712 349 784 351 576 510 697 516 571 335 741 348
day27/0183.jpg 568 376 616 382 693 391 747 395 595 500 692 509 593 376 720 392
day31/0443.jpg 580 440 633 446 710 452 779 452 612 576 712 587 611 439 741 448
day50/0016.jpg 549 351 616 363 723 372 782 372 595 518 706 532 587 357 751 372
day49/0394.jpg 548 300 609 304 700 312 765 312 593 445 699 454 582 303 729 309
day22/0052.jpg 533 320 600 330 696 340 755 344 584 477 688 487 574 328 725 338
day04/0193.jpg 572 372 627 376 705 376 761 374 617 497 714 499 604 374 732 375
day04/0210.jpg 552 368 597 374 672 368 730 367 588 496 674 500 576 368 704 365
day12/0422.jpg 479 307 540 315 637 323 697 318 526 464 628 473 516 312 664 320
day19/0077.jpg 488 286 535 294 616 300 665 293 518 412 609 417 513 288 640 295
day03/0121.jpg 524 400 572 407 658 407 708 406 560 532 658 540 549 401 684 402
day54/0396.jpg 530 315 600 320 718 328 796 320 578 501 707 519 568 315 754 320
day03/0328.jpg 513 364 571 370 641 370 701 368 553 488 643 488 547 364 671 372
day37/0173.jpg 508 357 557 366 632 370 673 372 541 483 626 482 535 359 653 369
day62/0247.jpg 557 334 611 341 701 352 762 357 593 468 693 488 588 336 731 353
day04/0103.jpg 508 319 562 324 648 322 705 318 548 457 652 461 536 319 681 318
day04/0317.jpg 510 400 558 409 633 407 682 407 554 514 632 520 537 405 655 404
day20/0531.jpg 401 373 456 381 556 385 623 387 436 529 544 543 428 373 585 382
day58/0569.jpg 497 300 557 305 648 304 705 302 543 438 640 450 526 304 672 301
day58/0770.jpg 540 295 614 313 734 320 812 324 590 489 726 504 584 301 779 319
day07/0201.jpg 543 240 596 246 678 246 730 244 588 370 677 372 575 242 704 244
day61/0077.jpg 604 279 667 289 760 295 820 294 637 423 769 433 636 281 788 291
day43/0125.jpg 563 260 620 263 717 272 780 272 599 405 708 422 593 255 749 269
day03/0172.jpg 462 431 520 436 604 444 662 438 505 570 603 576 498 436 633 437
day20/0359.jpg 602 284 651 292 723 298 776 295 638 401 719 408 628 288 745 294
day61/0365.jpg 596 267 661 278 763 285 828 287 645 428 745 444 629 272 796 285
day37/0151.jpg 540 407 587 416 658 416 699 417 583 520 652 528 570 408 677 416
day01/0141.jpg 503 361 559 366 636 371 690 364 540 488 631 496 533 364 668 363
day53/0052.jpg 528 304 582 311 671 320 730 321 560 437 657 452 554 305 699 321
day53/0122.jpg 497 316 552 327 645 330 697 332 541 460 634 462 528 321 672 332
day28/0099.jpg 482 410 540 414 609 415 656 414 532 517 604 532 517 412 631 412
day58/0465.jpg 497 332 553 337 641 344 709 340 538 476 640 485 528 336 675 339
day66/0112.jpg 532 340 584 348 663 356 722 360 568 469 660 477 559 343 695 351
day02/0211.jpg 495 336 563 340 653 343 720 340 548 477 667 478 534 340 695 338
day27/0037.jpg 536 320 600 327 700 325 779 325 586 480 704 490 570 320 744 327
day16/0346.jpg 542 324 599 330 708 335 783 324 596 473 704 481 575 325 747 326
day45/0451.jpg 440 333 493 333 592 328 662 324 488 476 590 485 468 330 629 323
day66/0033.jpg 614 383 680 385 798 387 865 386 676 544 791 555 653 386 830 384
day08/0078.jpg 500 273 557 284 658 287 725 285 544 432 637 441 528 278 687 282
day35/0042.jpg 632 308 685 320 770 329 822 332 668 441 760 456 665 313 796 329
day52/0248.jpg 484 363 528 366 614 371 668 367 517 488 611 501 511 363 642 365
day55/0087.jpg 502 404 554 408 636 417 692 414 535 543 630 552 534 403 664 412
day19/0196.jpg 460 301 524 309 624 306 699 300 515 470 631 471 493 302 662 302
day58/0325.jpg 556 280 604 282 691 285 755 283 596 412 689 421 584 279 716 281
day48/0195.jpg 506 388 556 393 639 396 690 394 545 525 632 524 531 389 667 394
day03/0477.jpg 494 322 560 328 653 334 715 338 540 477 640 485 532 324 690 336
day33/0079.jpg 577 320 643 334 760 348 836 356 623 514 759 531 619 328 802 351
day17/0075.jpg 530 367 606 379 706 389 772 391 583 540 689 550 572 372 740 387
day48/0229.jpg 580 324 637 332 738 338 791 344 628 474 733 480 614 327 762 345
day58/0547.jpg 525 281 582 290 681 297 739 298 568 436 661 444 556 284 710 292
day36/0170.jpg 628 343 716 363 848 380 920 383 683 568 832 584 684 350 885 376
day07/0146.jpg 463 280 515 282 606 281 661 276 496 412 607 420 488 280 633 274
day54/0294.jpg 549 284 599 290 688 292 753 293 583 427 684 435 574 285 715 292
day64/0145.jpg 516 315 585 328 700 338 769 340 566 504 681 520 551 321 733 336
day31/0429.jpg 623 438 680 445 767 452 822 453 667 578 767 591 660 443 796 451
day47/0156.jpg 547 363 591 367 670 367 720 365 579 479 659 488 572 362 692 364
day04/0272.jpg 470 351 516 352 596 352 644 350 512 472 591 469 496 349 616 348
day17/0479.jpg 488 244 544 248 639 248 706 246 528 394 632 403 516 242 666 247
day11/0137.jpg 576 321 636 330 720 332 777 330 623 460 716 467 610 324 750 329
day27/0143.jpg 425 387 474 396 556 408 622 411 454 521 548 532 455 391 588 407
day07/0258.jpg 527 286 583 292 677 297 740 297 569 432 668 438 556 289 708 294
day01/0463.jpg 536 420 598 424 700 431 757 428 583 580 695 584 569 423 731 428
day03/0354.jpg 555 339 613 347 691 345 747 344 607 473 696 476 590 342 719 340
day47/0219.jpg 556 329 635 346 760 359 848 360 606 541 748 563 596 336 800 356
day14/0027.jpg 564 308 627 316 733 328 798 330 605 476 716 488 603 311 760 328
day51/0136.jpg 521 343 588 355 693 362 763 364 568 518 672 531 555 347 722 358
day03/0263.jpg 443 303 503 304 604 304 672 299 492 464 604 468 472 298 634 297
day53/0364.jpg 490 284 538 292 616 292 668 293 522 408 611 414 517 284 640 290
day54/0260.jpg 558 308 625 320 721 321 783 313 600 465 719 473 596 311 754 316
day16/0334.jpg 524 303 586 312 692 316 753 318 574 464 682 475 556 306 717 316
day17/0060.jpg 484 353 545 356 638 358 704 352 526 492 649 494 519 351 674 350
day25/0029.jpg 544 372 598 380 679 381 736 383 581 508 679 513 573 375 708 379
day54/0336.jpg 600 272 667 280 764 288 831 288 647 429 753 444 639 275 799 284
day52/0728.jpg 523 338 587 348 670 358 724 358 572 480 664 489 564 347 700 357
day47/0299.jpg 558 363 611 372 698 376 756 380 599 503 686 510 587 365 724 375
day11/0172.jpg 529 385 603 402 724 413 784 421 584 579 701 588 573 400 756 420
day17/0333.jpg 530 312 577 316 667 320 729 315 573 452 666 457 556 312 696 318
day55/0387.jpg 537 413 588 420 671 425 728 425 572 544 665 560 566 414 700 428
day58/0335.jpg 546 288 604 292 680 298 739 299 587 423 678 431 580 286 714 299
day35/0127.jpg 575 269 636 276 724 282 788 287 620 413 716 422 611 274 753 280
day38/0494.jpg 512 395 568 397 659 399 725 400 549 545 644 545 535 393 691 398
day43/0273.jpg 607 299 663 307 758 312 818 310 651 454 758 460 637 301 778 309
day13/0146.jpg 583 220 639 231 738 237 800 232 625 368 729 385 616 223 767 232
day50/0192.jpg 447 311 500 316 586 318 654 315 486 456 584 458 474 313 613 316
day52/0312.jpg 623 353 679 363 765 371 825 371 662 494 762 508 656 356 795 370
day45/0163.jpg 423 292 487 300 582 305 644 303 472 448 591 450 460 296 612 303
day49/0314.jpg 537 291 608 308 716 318 783 316 584 470 700 487 582 297 748 316
day12/0235.jpg 547 319 595 329 677 331 735 333 573 455 663 459 566 322 702 331
day58/0239.jpg 488 221 547 231 628 234 692 234 530 367 630 373 520 225 656 233
day45/0410.jpg 531 443 582 447 658 448 699 446 566 562 650 566 555 444 678 447
day20/0257.jpg 456 305 519 313 618 315 668 316 505 462 622 464 495 307 643 312
day15/0527.jpg 488 437 542 440 625 446 678 441 527 572 616 581 517 437 654 441
day59/0549.jpg 544 279 621 294 752 307 831 309 587 495 733 508 591 285 783 310
day10/0105.jpg 550 363 613 373 712 380 775 379 595 516 699 526 589 369 739 379
day37/0200.jpg 487 212 536 220 622 229 673 227 516 342 624 344 520 216 645 225
day66/0271.jpg 625 354 676 358 751 358 808 355 658 471 752 478 651 354 774 353
day01/0184.jpg 581 370 628 379 708 377 759 377 615 495 704 500 608 372 733 376
day67/0131.jpg 549 323 608 334 691 343 750 340 587 466 683 479 585 330 723 342
day67/0122.jpg 470 325 523 332 605 335 654 337 509 462 593 468 500 327 628 333
day32/0122.jpg 508 281 559 287 653 290 719 284 550 426 650 435 537 282 687 283
day54/0394.jpg 546 296 612 301 729 308 809 306 594 484 727 495 578 295 770 300
day27/0023.jpg 465 361 515 364 608 366 662 361 509 501 593 507 493 358 629 362
day06/0387.jpg 562 248 616 253 692 253 744 254 602 371 695 375 591 246 716 250
day42/0144.jpg 487 371 548 379 645 380 711 379 533 536 645 537 520 372 679 379
day07/0162.jpg 531 288 587 298 675 299 735 302 574 437 668 444 556 289 709 300
day66/0253.jpg 724 310 777 317 849 325 905 330 758 437 841 441 754 312 875 329
day61/0195.jpg 550 321 590 325 656 325 700 327 576 425 647 425 571 320 677 323
day15/0276.jpg 586 325 650 336 745 342 816 340 639 487 745 496 620 329 779 339
day58/0058.jpg 558 350 606 354 699 352 758 350 599 493 688 495 582 349 724 352
day63/0277.jpg 664 365 711 375 775 377 817 378 692 470 770 479 693 370 795 377
day48/0126.jpg 486 329 539 339 625 338 686 334 520 462 628 473 516 335 650 333
day53/0329.jpg 511 304 575 311 668 313 745 312 554 470 666 469 549 309 704 309
day16/0286.jpg 558 287 608 295 683 297 742 299 599 413 696 416 588 290 714 296
day48/0095.jpg 562 351 616 354 704 352 767 349 608 490 701 492 591 348 735 347
day42/0525.jpg 526 306 580 309 652 311 704 309 569 426 654 428 553 305 670 308
day61/0336.jpg 550 319 603 325 692 330 766 337 581 466 691 471 577 320 727 331
day47/0213.jpg 527 371 578 381 664 380 725 379 569 516 659 525 555 377 691 380
day03/0296.jpg 425 409 481 416 572 416 636 412 471 554 566 564 458 413 604 411
day57/0224.jpg 626 266 694 277 789 285 854 284 669 429 779 438 668 270 824 281
day28/0093.jpg 492 403 542 412 614 416 657 416 531 517 606 524 516 408 634 411
day20/0369.jpg 651 279 697 284 767 291 812 294 685 397 759 406 676 281 791 291
day58/0134.jpg 531 381 592 389 674 393 733 393 574 517 672 525 565 383 706 389
day20/0095.jpg 599 326 664 335 761 344 820 346 655 484 756 496 638 331 791 340
day12/0558.jpg 504 304 558 312 656 318 721 319 540 468 644 480 532 305 687 316
day20/0073.jpg 616 349 674 360 747 367 801 371 660 481 740 493 647 354 774 368
day65/0289.jpg 423 436 482 443 572 441 633 439 476 583 575 588 456 437 596 438
day49/0414.jpg 526 324 572 329 653 328 708 328 562 447 648 455 552 324 683 331
day28/0032.jpg 551 277 605 287 688 289 744 288 592 412 678 421 580 281 709 289
day09/0061.jpg 562 292 624 306 719 311 776 312 604 454 708 464 598 297 744 308
day42/0280.jpg 461 253 527 263 622 264 684 256 520 415 627 419 494 256 653 258
day65/0092.jpg 394 270 471 283 584 289 654 291 447 470 579 475 430 273 612 283
day04/0106.jpg 540 312 588 320 682 322 741 323 581 455 682 461 568 316 710 321
day27/0483.jpg 563 401 614 405 681 403 738 405 598 520 672 528 583 403 708 400
day22/0137.jpg 466 408 525 417 624 413 706 410 517 575 626 580 494 409 660 410
day62/0180.jpg 421 391 483 401 580 413 644 413 461 549 572 564 462 395 606 407
day36/0137.jpg 630 379 708 399 836 413 899 418 675 594 808 608 674 388 872 415
day11/0019.jpg 620 197 682 209 757 214 808 218 655 336 756 346 649 201 785 216
day12/0566.jpg 508 289 568 303 658 304 728 302 546 448 648 463 536 293 690 300
day65/0054.jpg 541 382 611 401 722 408 784 403 587 576 716 586 581 390 757 403
day15/0379.jpg 582 320 650 332 733 339 784 344 631 473 724 483 617 323 761 341
day44/0052.jpg 557 287 608 292 692 295 750 293 593 429 687 432 579 291 714 291
day34/0271.jpg 546 289 599 296 669 300 712 307 580 399 657 412 579 292 694 304
day42/0262.jpg 588 305 643 309 726 311 780 307 636 443 731 446 618 305 756 311
day22/0132.jpg 463 422 516 424 612 423 677 417 498 560 612 571 490 419 648 412
day62/0304.jpg 542 316 599 328 688 333 754 336 580 464 681 480 577 320 718 333
day59/0029.jpg 456 278 531 291 640 300 725 293 515 472 632 480 496 283 680 294
day58/0564.jpg 521 344 593 351 685 352 753 349 579 507 685 516 554 348 722 352
day20/0101.jpg 583 261 647 270 758 276 844 283 628 441 745 460 619 263 801 278
day11/0090.jpg 528 268 584 273 673 278 741 278 564 413 673 422 558 270 707 273
day63/0156.jpg 473 416 536 428 631 430 698 425 527 584 636 586 509 424 672 424
day13/0073.jpg 466 260 522 268 604 277 663 276 507 397 593 403 494 264 636 272
day15/0074.jpg 512 254 577 260 671 257 726 251 569 402 672 400 552 254 692 249
day34/0250.jpg 497 204 554 209 644 213 702 211 535 346 629 350 524 206 672 212
day43/0220.jpg 537 334 585 341 660 345 710 341 570 465 664 469 566 339 688 342
day59/0211.jpg 554 405 623 416 731 424 808 419 602 585 723 596 594 410 763 416
day58/0694.jpg 508 368 568 376 653 374 729 371 547 523 660 525 539 369 688 371
day41/0325.jpg 417 429 474 434 572 428 642 419 474 581 568 583 451 432 604 424
day42/0574.jpg 560 220 618 230 708 229 771 225 610 371 703 374 585 223 735 221
day23/0242.jpg 412 353 464 359 547 356 611 351 450 495 551 494 432 355 579 353
day45/0352.jpg 488 385 536 388 621 388 670 384 530 508 616 514 514 385 639 384
day19/0062.jpg 504 330 560 338 635 342 686 344 542 456 626 463 532 331 656 341
day63/0282.jpg 664 355 709 366 772 369 820 369 695 468 769 473 690 357 794 367
day31/0254.jpg 608 396 672 406 764 415 822 411 658 552 756 560 644 400 793 409
day20/0452.jpg 459 255 507 262 584 261 639 253 491 378 580 380 484 252 612 254
day06/0308.jpg 538 294 598 301 687 305 748 300 583 449 684 456 571 296 720 300
day17/0238.jpg 573 284 637 296 722 300 790 300 621 442 717 452 604 289 758 297
day03/0389.jpg 468 350 518 354 612 354 671 351 505 500 617 502 492 348 648 352
day67/0157.jpg 558 257 617 267 688 273 753 272 583 379 700 386 590 260 712 268
day42/0480.jpg 569 383 630 391 702 396 751 392 620 520 698 524 600 384 732 394
day41/0489.jpg 582 316 633 325 709 328 761 332 619 446 700 450 608 318 735 325
day47/0146.jpg 502 339 549 345 628 345 685 343 539 466 623 471 524 341 648 340
day35/0151.jpg 600 381 644 388 727 392 778 391 642 507 723 518 620 383 748 391
day30/0084.jpg 552 352 598 363 677 366 723 365 590 480 666 488 576 356 701 364
day01/0490.jpg 440 367 503 372 609 376 688 374 489 537 612 539 469 369 639 375
day52/0457.jpg 432 304 491 312 564 314 624 312 471 434 568 443 460 303 594 314
day49/0451.jpg 502 241 581 258 700 267 767 265 563 448 675 456 545 248 727 265
day17/0292.jpg 456 288 526 297 628 303 703 300 510 457 620 472 496 290 661 300
day33/0038.jpg 533 288 601 304 712 308 787 308 592 480 703 489 580 294 751 303
day23/0088.jpg 576 328 636 336 729 339 792 341 624 478 724 483 605 328 756 339
day59/0498.jpg 515 325 572 331 672 332 732 335 563 476 664 479 548 324 700 332
day65/0277.jpg 431 433 485 444 578 444 639 443 472 589 574 596 457 435 604 438
day06/0125.jpg 517 328 571 335 653 339 700 335 562 457 652 462 549 330 680 338
day52/0302.jpg 482 348 528 357 605 361 664 358 508 477 600 484 505 352 639 358
day50/0053.jpg 616 294 672 306 759 312 811 308 652 439 745 444 644 296 787 308
day67/0079.jpg 307 363 384 374 504 380 588 377 360 568 493 576 348 368 548 374
day56/0172.jpg 576 376 637 381 723 388 788 387 624 532 725 536 612 382 760 386
day65/0033.jpg 513 348 565 353 644 358 694 355 555 477 637 481 540 352 668 358
day62/0134.jpg 529 310 584 315 679 319 736 317 566 461 660 469 557 311 708 315
day45/0188.jpg 521 335 571 343 660 345 713 343 561 474 648 480 549 338 684 341
day20/0141.jpg 576 315 641 321 733 323 788 325 624 460 730 463 608 315 756 323
day51/0344.jpg 580 301 639 312 724 317 778 323 620 450 708 454 614 307 750 320
day42/0154.jpg 596 259 651 268 738 275 796 276 635 405 735 409 632 260 764 272
day22/0021.jpg 455 275 504 278 591 275 656 268 500 404 599 405 480 274 620 265
day48/0230.jpg 531 330 594 335 681 331 740 328 584 473 692 476 565 328 710 328
day09/0041.jpg 509 348 557 356 637 357 686 360 543 473 624 483 528 348 659 360
day43/0035.jpg 612 243 680 255 773 267 838 268 649 412 756 418 650 248 807 265
day59/0501.jpg 563 297 627 310 730 311 796 311 608 462 728 472 595 300 762 308
day07/0101.jpg 501 266 552 269 625 271 681 270 532 380 624 382 529 266 651 267
day41/0397.jpg 576 323 626 325 703 333 748 332 608 444 691 452 605 322 725 328
day51/0133.jpg 494 380 544 390 633 390 694 391 538 532 624 534 519 382 664 389
day17/0526.jpg 604 280 671 288 769 296 839 292 648 446 764 453 642 281 800 288
day16/0167.jpg 510 369 555 379 634 374 695 375 540 504 632 511 536 372 661 373
day43/0115.jpg 572 276 628 284 721 290 778 288 619 426 708 435 605 277 748 287
day01/0289.jpg 546 395 597 399 669 394 726 398 579 512 671 519 575 394 697 397
day43/0383.jpg 580 345 627 348 714 350 765 350 620 475 708 475 609 346 738 349
day49/0397.jpg 559 320 609 326 694 329 738 330 596 448 681 455 585 324 713 331
day35/0181.jpg 485 316 548 325 644 324 717 325 541 480 639 477 520 317 687 318
day41/0438.jpg 514 360 558 366 633 366 680 367 544 481 623 488 536 362 662 363
day49/0430.jpg 489 261 546 270 642 276 693 275 532 416 628 421 522 265 668 273
day04/0613.jpg 515 338 568 338 648 331 707 323 564 476 661 473 541 336 675 325
day51/0335.jpg 513 312 564 324 650 329 686 332 549 450 633 460 545 318 666 331
day47/0303.jpg 596 340 652 352 732 361 787 363 639 480 726 492 628 345 759 360
day52/0216.jpg 468 349 516 358 601 360 661 358 504 492 610 494 500 350 629 357
day50/0209.jpg 453 364 500 364 564 356 611 345 504 472 584 465 474 366 588 345
day06/0148.jpg 469 329 515 329 597 328 658 320 513 467 616 472 489 328 629 324
day26/0060.jpg 467 388 522 396 603 386 656 383 506 521 612 523 489 388 632 388
day29/0034.jpg 570 321 624 327 695 332 745 329 615 445 688 450 600 323 720 331
day10/0216.jpg 586 291 651 303 728 303 788 304 626 437 729 444 620 296 759 303
day01/0266.jpg 590 356 656 369 744 372 812 376 639 510 736 526 626 362 778 374
day28/0040.jpg 505 283 556 291 639 291 696 291 549 417 628 432 526 288 664 288
day15/0425.jpg 425 292 484 300 585 303 656 299 474 452 580 462 459 296 621 297
day63/0388.jpg 465 247 524 252 617 246 674 244 503 400 613 408 492 248 645 239
day12/0423.jpg 492 309 551 315 648 324 708 324 535 463 629 475 530 312 679 320
day42/0332.jpg 572 272 635 282 724 283 776 283 624 416 715 420 606 275 753 284
day58/0662.jpg 572 328 631 334 729 336 796 336 620 484 722 492 605 332 759 335
day41/0371.jpg 536 241 599 251 695 261 752 261 582 408 699 412 577 244 732 258
day38/0390.jpg 519 236 569 246 664 254 721 262 559 391 656 402 543 241 695 255
day20/0368.jpg 624 277 671 285 747 288 798 290 668 392 738 401 650 281 767 286
day32/0018.jpg 611 313 672 324 781 333 831 338 660 484 770 500 652 318 808 334
day15/0419.jpg 492 277 552 291 659 296 720 297 533 441 644 452 523 283 684 296
day20/0011.jpg 468 285 532 297 646 301 730 305 522 480 645 494 499 290 690 300
day53/0545.jpg 539 285 592 295 671 298 735 302 572 420 668 429 566 288 700 300
day63/0117.jpg 509 366 570 375 660 376 719 376 560 523 657 524 542 370 688 374
day17/0540.jpg 489 340 556 346 660 352 730 348 528 520 655 525 524 338 692 347
day27/0139.jpg 465 373 508 381 588 387 636 383 490 496 570 504 490 375 604 382
day57/0197.jpg 562 317 632 331 746 344 826 344 616 515 732 531 599 321 792 340
day55/0349.jpg 493 330 559 340 661 346 720 342 534 500 655 509 526 332 689 340
day37/0390.jpg 474 318 535 326 623 327 691 325 518 475 615 474 506 320 656 324
day06/0226.jpg 427 364 481 374 572 376 636 373 467 517 559 521 455 368 602 372
day47/0128.jpg 540 337 597 345 676 347 728 349 580 472 664 482 568 340 703 347
day51/0432.jpg 472 304 530 313 629 324 704 322 511 470 618 479 500 308 662 319
day07/0122.jpg 620 283 684 293 767 298 829 294 663 437 756 442 657 287 798 296
day17/0053.jpg 533 408 588 415 672 417 732 420 584 548 663 552 564 409 703 417
day17/0359.jpg 553 352 602 360 670 358 725 360 588 471 670 475 579 353 696 356
day47/0148.jpg 545 340 600 350 673 350 732 352 584 468 667 473 578 344 700 352
day19/0090.jpg 500 339 545 346 611 347 660 346 523 448 602 457 522 341 632 344
day17/0448.jpg 627 293 682 304 772 312 824 309 672 443 755 452 658 297 802 308
day63/0101.jpg 550 312 612 327 716 330 779 329 597 491 701 500 583 317 744 328
day37/0437.jpg 627 395 671 404 752 408 803 411 652 520 741 531 654 401 772 406
day63/0363.jpg 579 240 634 246 735 252 794 249 622 397 715 410 611 243 763 246
day08/0175.jpg 589 329 634 336 706 336 749 333 621 444 702 448 612 329 727 332
day31/0067.jpg 534 357 596 368 710 376 777 375 580 533 693 545 564 363 741 374
day49/0496.jpg 501 324 564 331 672 337 749 336 556 495 667 502 538 329 708 337
day06/0211.jpg 374 325 418 332 503 333 552 332 406 456 496 458 396 331 528 332
day57/0090.jpg 556 380 614 389 710 395 761 391 603 533 699 540 586 385 734 388
day67/0358.jpg 502 328 564 339 668 351 736 356 538 501 654 508 537 333 701 349
day25/0031.jpg 572 378 628 388 709 391 761 392 611 516 700 524 601 384 737 393
day22/0041.jpg 513 289 565 296 657 296 718 300 561 432 654 429 541 289 684 296
day53/0189.jpg 612 356 663 364 746 368 804 368 644 494 741 505 637 360 772 368
day22/0016.jpg 525 336 575 342 662 343 724 344 568 470 656 479 548 336 688 340
day06/0229.jpg 431 363 495 375 584 376 647 374 484 515 579 518 468 367 616 372
day44/0077.jpg 464 317 521 321 613 327 674 325 509 465 600 472 495 317 641 325
day14/0303.jpg 483 305 533 314 620 316 679 317 522 456 614 462 506 308 649 314
day47/0344.jpg 459 219 524 227 614 230 673 233 510 368 604 376 495 221 641 230
day20/0021.jpg 470 391 529 395 637 394 712 383 519 562 633 565 501 390 665 387
day57/0274.jpg 490 266 542 270 639 273 700 271 524 414 630 418 516 265 664 269
day41/0432.jpg 504 312 555 320 637 320 690 320 545 436 629 445 535 314 661 318
day51/0149.jpg 564 379 620 391 714 395 779 399 602 534 700 548 593 383 741 395
day29/0042.jpg 527 323 578 332 648 331 698 329 561 450 651 450 550 326 671 329
day45/0297.jpg 569 189 628 201 715 206 775 211 616 335 697 345 604 192 741 205
day21/0036.jpg 577 318 633 330 712 336 766 336 611 457 712 466 608 323 745 329
day43/0029.jpg 608 229 670 241 761 253 829 254 645 395 750 406 641 233 795 251
day12/0234.jpg 589 344 636 351 713 352 757 354 628 466 707 470 613 348 737 350
day59/0437.jpg 555 287 610 298 712 304 772 311 603 444 694 448 589 291 745 303
day11/0154.jpg 556 431 610 441 696 440 750 435 597 575 692 576 581 433 720 436
day53/0641.jpg 492 303 540 315 625 320 686 321 524 444 615 454 516 307 654 316
day59/0287.jpg 508 260 564 268 648 264 712 259 549 408 647 410 536 261 672 258
day65/0152.jpg 632 313 672 320 738 325 781 324 659 419 735 426 652 315 757 321
day51/0408.jpg 526 297 574 301 651 304 707 301 563 425 650 427 550 299 676 301
day68/0007.jpg 581 349 643 364 750 375 811 370 626 525 732 536 615 356 779 372
day05/0023.jpg 507 304 564 312 662 317 723 312 553 458 648 467 534 304 689 314
day42/0618.jpg 492 230 545 236 635 236 697 234 534 373 621 381 519 232 662 232
day53/0044.jpg 480 294 532 305 616 302 676 300 519 432 614 440 504 296 637 298
day59/0590.jpg 541 403 598 413 681 418 740 416 580 548 672 552 575 406 713 417
day17/0121.jpg 500 316 549 325 643 333 699 330 545 463 633 473 531 320 668 328
day12/0161.jpg 472 457 524 460 609 455 672 452 514 593 612 592 500 456 636 451
day59/0234.jpg 552 353 613 368 722 375 790 373 588 527 708 535 587 360 757 373
day17/0325.jpg 537 309 592 315 676 320 737 314 574 448 669 455 560 311 703 316
day16/0216.jpg 639 330 696 342 780 350 841 352 679 478 774 489 673 335 812 348
day27/0082.jpg 436 384 489 390 588 384 654 378 486 545 588 549 462 384 615 378
day43/0189.jpg 511 256 567 265 659 262 729 253 564 410 664 410 536 259 690 256
day43/0271.jpg 559 279 619 288 696 290 756 288 600 418 692 424 589 282 724 285
day41/0463.jpg 554 300 608 312 687 313 742 312 596 437 684 448 581 306 714 309
day41/0368.jpg 538 225 601 232 699 247 761 252 584 389 689 399 573 226 730 244
day09/0013.jpg 460 244 528 255 639 262 707 268 508 412 630 426 497 247 667 262
day34/0032.jpg 575 318 642 327 736 337 796 340 628 482 733 494 616 319 765 336
day53/0264.jpg 515 277 570 283 674 288 744 284 560 436 660 448 545 278 700 285
day63/0339.jpg 798 279 858 292 950 310 1009 320 821 437 927 461 828 284 979 315
day41/0412.jpg 385 318 449 326 551 333 620 330 434 483 544 496 417 319 577 328
day54/0105.jpg 428 328 489 336 583 334 649 331 473 485 580 488 458 325 612 327
day45/0450.jpg 473 313 532 316 632 312 700 310 521 458 628 464 506 308 662 308
day14/0042.jpg 536 344 586 349 672 349 732 348 576 480 663 484 565 347 699 350
day07/0142.jpg 546 259 608 267 709 268 764 267 596 414 698 424 582 261 737 265
day67/0102.jpg 581 284 636 293 731 305 787 306 615 435 712 447 612 289 750 304
day17/0221.jpg 539 288 598 297 693 300 754 299 575 438 684 452 566 292 716 299
day65/0158.jpg 638 311 680 320 750 325 794 328 676 421 745 426 660 315 772 324
day43/0245.jpg 575 316 630 324 729 335 787 336 615 468 716 488 603 318 759 333
day03/0514.jpg 523 360 562 360 624 358 672 357 558 458 621 452 542 358 646 353
day59/0428.jpg 561 361 628 375 736 388 798 387 608 544 719 552 601 367 768 387
day17/0536.jpg 426 396 496 406 604 404 680 400 488 577 607 584 459 399 640 399
day41/0531.jpg 556 311 608 319 689 322 738 323 596 451 685 452 586 312 714 320
day59/0143.jpg 574 332 627 346 708 349 757 351 612 472 696 477 605 339 735 351
day56/0229.jpg 630 220 697 231 800 240 867 243 680 387 787 399 670 223 837 239
day15/0385.jpg 590 306 656 316 755 326 824 331 636 479 759 490 626 310 788 322
day63/0474.jpg 471 246 531 252 623 254 692 249 519 393 621 401 501 244 654 247
day56/0291.jpg 525 321 585 325 688 323 761 325 572 485 681 492 556 320 717 318
day45/0649.jpg 567 370 615 379 696 386 748 384 604 504 691 512 592 374 720 386
day67/0100.jpg 576 277 628 287 721 297 778 295 610 430 705 438 601 282 748 295
day44/0116.jpg 595 326 650 333 746 340 804 340 636 476 735 477 629 328 772 336
day01/0276.jpg 473 394 544 402 654 407 723 408 537 573 651 588 514 400 692 405
day57/0256.jpg 539 376 590 387 678 388 737 384 578 518 677 523 569 380 705 384
day53/0308.jpg 576 311 638 327 734 337 793 340 614 471 717 484 609 320 762 336
day62/0022.jpg 552 308 609 317 687 320 740 318 592 444 676 452 583 312 712 318
day19/0124.jpg 553 383 614 392 709 399 766 397 595 550 702 552 589 388 741 395
day58/0409.jpg 600 272 653 285 741 290 800 292 636 414 728 424 626 276 766 287
day31/0134.jpg 544 266 597 276 683 286 736 288 577 406 679 418 571 270 714 281
day02/0138.jpg 509 359 563 366 639 366 696 364 546 492 637 495 535 363 668 364
day12/0468.jpg 515 331 568 336 653 340 704 338 552 466 649 473 544 332 678 338
day15/0045.jpg 512 248 560 256 653 255 711 251 558 392 649 397 536 252 678 252
day67/0262.jpg 500 423 561 432 650 434 715 435 539 580 643 585 532 423 679 432
day52/0361.jpg 613 199 664 207 739 210 792 210 648 330 730 336 641 200 764 208
day10/0128.jpg 624 236 698 247 796 255 858 256 681 407 789 410 672 241 824 251
day53/0014.jpg 387 362 451 370 562 368 649 364 444 536 566 542 420 368 597 366
day47/0072.jpg 599 463 642 468 708 464 757 463 633 574 707 575 620 461 733 459
day13/0089.jpg 509 277 564 288 654 288 713 284 552 424 644 428 540 280 682 283
day58/0549.jpg 523 351 589 358 688 360 763 354 570 513 684 522 556 352 721 356
day55/0343.jpg 510 328 572 339 679 345 748 342 558 491 672 510 548 332 712 336
day38/0064.jpg 487 320 535 325 619 328 681 323 523 449 612 457 512 319 650 321
day51/0315.jpg 588 282 643 298 729 299 796 299 629 430 721 445 616 286 764 297
day61/0093.jpg 536 275 601 277 695 283 756 282 595 426 696 432 573 274 726 280
day66/0082.jpg 526 260 588 274 688 280 749 284 556 428 681 442 557 264 716 280
day64/0172.jpg 530 371 588 380 664 380 712 376 576 505 660 508 564 376 688 377
day13/0192.jpg 504 243 563 256 648 262 696 264 545 381 638 396 540 248 672 262
day06/0292.jpg 584 312 636 320 708 320 758 319 620 432 707 438 611 311 730 316
day43/0095.jpg 589 288 647 300 746 302 802 300 636 448 728 455 618 292 771 297
day51/0372.jpg 485 309 548 320 639 326 700 325 529 465 635 472 517 315 667 325
day21/0294.jpg 487 272 550 281 648 282 705 282 538 425 641 430 515 273 675 283
day20/0462.jpg 620 297 682 308 770 312 829 308 663 440 766 451 655 300 800 308
day35/0136.jpg 593 332 645 341 728 344 781 347 634 465 724 474 625 331 750 345
day03/0099.jpg 520 264 579 273 683 276 737 280 579 433 678 441 554 268 712 275
day58/0712.jpg 560 336 618 346 710 349 775 346 605 486 703 498 588 340 737 341
day31/0347.jpg 466 292 525 295 617 292 676 286 522 437 612 433 492 294 642 285
day31/0039.jpg 614 333 670 345 764 355 823 359 654 492 751 503 642 339 795 351
day01/0111.jpg 561 387 606 388 695 391 754 385 601 524 698 529 583 388 723 386
day01/0425.jpg 619 404 684 412 770 415 828 415 669 558 763 562 656 408 797 416
day20/0475.jpg 634 279 697 291 783 296 838 295 679 425 775 437 674 284 814 289
day15/0286.jpg 587 240 652 247 748 252 809 250 645 392 742 403 624 235 781 246
day16/0265.jpg 557 360 620 371 712 375 779 375 608 508 709 516 591 364 746 371
day53/0710.jpg 514 276 577 289 682 293 751 295 559 445 675 455 547 280 716 293
day65/0080.jpg 598 356 662 374 753 387 817 394 626 518 731 541 637 366 787 391
day56/0247.jpg 490 383 551 389 654 393 733 392 544 560 645 570 522 387 688 390
day12/0462.jpg 487 332 535 339 620 341 673 337 520 469 616 468 512 334 645 337
day42/0512.jpg 465 353 525 358 613 361 671 355 513 498 608 498 491 351 640 355
day57/0432.jpg 533 332 590 337 672 340 731 341 574 470 666 476 561 332 699 337
day12/0022.jpg 484 375 525 379 598 370 650 370 522 482 603 486 505 374 620 369
day12/0289.jpg 533 329 588 337 672 342 721 342 575 466 663 475 565 331 697 341
day66/0182.jpg 538 397 600 408 687 420 751 423 574 554 673 568 567 401 717 418
day16/0156.jpg 482 379 533 381 616 377 679 370 528 506 620 507 510 377 642 374
day54/0475.jpg 543 391 596 401 671 401 724 398 583 522 665 529 569 396 695 399
day14/0060.jpg 505 344 556 345 638 348 700 344 551 480 644 482 531 345 670 345
day49/0355.jpg 541 333 595 337 683 338 751 337 575 472 685 480 567 331 716 336
day30/0021.jpg 588 263 657 276 761 287 830 289 629 433 751 447 624 266 792 283
day43/0323.jpg 502 370 564 382 670 387 738 388 543 534 656 546 535 374 702 384
day13/0103.jpg 508 277 561 283 641 286 704 280 550 415 643 418 539 276 670 279
day38/0440.jpg 560 413 621 427 716 437 767 442 604 573 701 587 595 418 739 435
day58/0718.jpg 591 355 653 366 746 374 804 371 635 514 737 522 630 359 779 370
day22/0170.jpg 543 359 590 369 658 372 707 372 575 475 655 485 569 366 682 373
day59/0304.jpg 566 429 629 448 723 458 783 461 606 595 705 609 600 437 754 454
day47/0225.jpg 627 354 712 373 839 390 915 389 670 571 818 588 675 366 883 389
day31/0116.jpg 507 318 558 324 642 323 703 319 547 454 640 456 533 319 668 316
day13/0099.jpg 497 288 548 295 628 301 690 295 537 415 635 420 520 289 651 293
day43/0348.jpg 557 350 613 359 705 370 764 374 594 498 687 508 587 357 732 370
day66/0213.jpg 729 291 789 305 882 319 939 322 762 449 863 464 760 297 909 320
day38/0290.jpg 536 223 604 229 715 241 795 241 575 397 708 409 570 225 747 237
day08/0119.jpg 505 392 558 399 626 396 682 396 549 512 631 514 533 392 646 394
day04/0149.jpg 536 305 593 314 691 316 748 312 585 461 690 465 566 308 716 311
day66/0207.jpg 562 330 626 345 730 353 804 358 613 502 712 520 600 338 764 352
day17/0007.jpg 555 242 609 248 690 246 755 247 605 374 691 381 587 241 718 249
day04/0134.jpg 513 337 570 345 648 348 702 344 555 468 653 472 541 337 676 341
day54/0011.jpg 569 247 636 254 736 256 800 256 620 404 723 413 602 249 763 257
day55/0128.jpg 470 199 519 204 595 203 655 195 521 322 597 329 493 197 624 200
day63/0202.jpg 524 348 576 354 666 358 731 356 567 489 661 501 551 351 695 355
day15/0417.jpg 478 291 543 304 637 308 713 304 524 458 632 462 514 296 670 303
day65/0268.jpg 518 350 582 365 672 369 735 367 566 514 665 523 554 352 705 365
day37/0339.jpg 516 291 583 302 706 310 781 308 564 485 693 500 551 296 741 308
day17/0430.jpg 512 266 582 277 682 279 753 273 566 439 683 443 553 268 718 270
day42/0238.jpg 541 402 584 406 657 405 704 404 575 514 650 518 565 400 679 402
day63/0349.jpg 597 244 658 255 759 262 817 256 645 404 758 415 632 245 787 257
day13/0046.jpg 525 433 584 444 676 454 731 452 565 583 661 593 559 437 704 454
day38/0184.jpg 544 405 592 416 667 421 713 427 575 528 654 540 575 407 692 422
day55/0297.jpg 549 366 594 373 667 370 720 368 584 485 669 491 570 366 688 367
day04/0523.jpg 484 383 552 394 653 397 716 395 537 547 645 551 525 388 679 394
day03/0026.jpg 498 368 547 372 637 378 693 379 533 513 630 516 521 367 664 376
day49/0402.jpg 579 302 633 313 710 317 758 319 620 427 705 437 608 304 730 316
day60/0144.jpg 462 383 512 390 598 386 657 383 499 523 592 529 488 383 622 380
day63/0417.jpg 521 259 587 270 692 269 762 268 569 428 680 437 554 259 724 262
day52/0395.jpg 495 191 537 199 609 199 651 195 529 303 604 310 516 195 633 195
day27/0254.jpg 536 269 585 276 664 281 716 283 576 396 664 404 566 272 689 280
day48/0255.jpg 495 302 560 315 654 327 711 328 532 466 640 474 530 304 682 323
day06/0002.jpg 572 276 631 289 708 293 760 300 604 412 696 425 606 280 736 296
day36/0112.jpg 615 295 687 311 801 324 864 327 668 498 796 512 655 301 828 323
day61/0081.jpg 617 287 671 296 766 303 828 306 656 442 765 452 644 288 796 300
day38/0377.jpg 549 292 603 294 696 299 767 297 598 442 688 448 573 290 724 296
day17/0439.jpg 576 275 624 281 714 288 770 284 606 419 703 429 600 278 736 283
day50/0103.jpg 550 345 604 353 698 359 757 358 596 498 692 508 578 346 724 357
day65/0335.jpg 487 382 533 392 614 388 672 388 528 505 613 509 510 386 640 382
day57/0140.jpg 564 382 618 391 696 394 748 393 600 512 692 520 594 386 721 392
day52/0537.jpg 439 353 476 360 546 358 588 356 470 454 545 462 460 354 566 358
day42/0099.jpg 448 352 489 357 561 355 616 356 490 470 561 476 469 354 587 357
day60/0149.jpg 588 339 641 353 730 366 785 375 615 497 714 510 619 345 756 367
day53/0429.jpg 491 324 552 333 650 340 716 344 531 483 650 491 528 326 681 339
day38/0108.jpg 472 310 516 317 591 318 647 315 510 434 590 435 494 312 616 316
day15/0014.jpg 574 239 629 245 715 241 771 238 620 371 714 379 603 241 740 240
day57/0349.jpg 550 375 613 387 715 391 780 389 610 550 705 557 584 376 745 384
day15/0318.jpg 474 304 524 312 606 308 663 312 513 437 606 438 499 304 631 310
day61/0398.jpg 605 213 657 224 739 226 790 230 641 346 732 355 634 214 764 226
day63/0440.jpg 573 293 644 310 750 318 824 321 625 481 733 487 620 302 786 320
day03/0392.jpg 539 329 604 341 693 346 748 347 589 479 695 488 573 331 716 343
day35/0026.jpg 636 309 687 317 764 323 819 328 669 445 755 450 662 310 796 329
day38/0037.jpg 541 402 595 411 680 417 722 419 587 537 664 543 572 407 701 416
day16/0238.jpg 519 320 572 326 657 324 729 321 562 457 653 467 545 318 691 320
day53/0172.jpg 556 398 604 408 683 407 741 399 598 523 689 526 583 403 704 406
day20/0410.jpg 406 231 453 237 539 241 605 241 454 366 533 371 431 234 565 241
day37/0423.jpg 669 391 712 400 791 404 839 404 691 517 775 524 691 396 811 403
day02/0170.jpg 504 335 552 339 637 339 693 335 550 459 645 467 531 338 661 336
day16/0137.jpg 555 370 600 375 689 377 744 379 598 498 691 510 582 371 708 375
day06/0209.jpg 421 317 473 325 554 329 598 330 454 450 539 452 452 320 574 329
day59/0346.jpg 532 391 586 400 683 401 750 395 586 550 681 556 560 394 712 395
day63/0240.jpg 574 303 629 307 720 305 781 303 625 450 711 447 595 302 746 296
day60/0023.jpg 562 233 620 238 712 241 769 240 603 376 703 385 592 234 737 237
day55/0378.jpg 538 408 591 419 677 420 730 421 580 551 668 558 567 413 702 418
day32/0060.jpg 571 299 627 308 712 312 768 315 615 441 707 449 596 301 736 309
day20/0204.jpg 566 337 620 342 720 346 784 345 613 491 708 502 595 337 749 341
day52/0142.jpg 502 331 553 340 629 341 680 345 538 458 625 466 529 333 660 337
day57/0063.jpg 483 360 535 366 607 362 666 359 518 482 608 490 507 358 637 358
day63/0310.jpg 490 271 550 278 642 282 700 281 531 421 633 426 525 273 673 281
day42/0687.jpg 467 304 519 315 595 312 643 316 507 430 584 435 491 308 613 310
day15/0435.jpg 528 258 585 268 677 275 729 284 570 416 669 424 565 262 700 275
day65/0202.jpg 526 394 584 399 673 401 733 398 578 540 668 547 562 393 700 398
day07/0232.jpg 487 433 531 441 612 437 658 437 520 555 608 560 508 438 635 434
day42/0611.jpg 488 227 540 237 614 236 664 237 530 353 612 354 516 231 639 234
day17/0213.jpg 532 317 592 328 686 327 753 319 576 473 686 483 562 321 718 320
day07/0319.jpg 579 264 628 272 714 271 772 268 611 403 720 410 604 269 743 268
day07/0265.jpg 532 285 589 290 675 289 736 289 577 430 672 440 557 286 699 290
day22/0243.jpg 476 329 520 333 599 327 647 322 521 449 596 452 495 329 618 323
day52/0074.jpg 574 300 625 308 700 312 745 315 611 426 684 433 604 303 722 313
day67/0003.jpg 582 236 644 243 745 253 806 254 625 403 732 412 617 236 775 249
day51/0057.jpg 565 377 617 386 702 392 762 393 608 518 705 530 594 379 730 387
day64/0039.jpg 448 343 509 350 590 350 654 346 491 495 590 499 473 348 625 345
day20/0148.jpg 547 341 603 349 703 348 753 350 590 486 690 496 574 345 725 347
day43/0072.jpg 619 264 669 274 758 287 812 286 652 415 752 425 645 266 790 283
day31/0129.jpg 523 291 577 301 673 303 727 307 565 433 657 443 553 296 698 304
day03/0356.jpg 549 342 603 349 681 343 742 341 601 475 683 478 579 341 712 340
day53/0675.jpg 606 379 672 390 779 399 833 408 648 550 764 570 647 382 806 400
day50/0088.jpg 597 364 647 375 727 380 774 379 633 494 717 504 625 367 749 375
day20/0282.jpg 537 294 595 301 686 302 737 305 587 439 683 451 568 295 708 300
day15/0296.jpg 637 240 705 254 800 264 849 268 695 408 787 423 674 246 826 266
day23/0122.jpg 460 407 521 409 620 409 686 404 492 562 616 564 491 404 645 403
day27/0006.jpg 529 347 585 354 674 358 725 356 569 489 661 500 555 349 697 357
day15/0216.jpg 475 285 524 295 611 293 666 292 502 425 600 433 500 289 641 290
day42/0436.jpg 518 363 575 371 670 381 725 380 566 516 655 522 548 369 691 378
day66/0218.jpg 613 294 674 304 762 310 823 308 648 445 754 456 637 295 785 309
day06/0082.jpg 439 377 495 383 589 383 652 378 479 527 584 536 463 375 617 381
day41/0189.jpg 590 326 645 336 724 341 783 341 620 470 721 472 619 328 757 340
day67/0120.jpg 451 340 505 345 582 345 641 345 491 470 575 478 479 339 608 345
day31/0227.jpg 522 299 590 309 695 312 770 308 567 472 681 478 560 304 723 310
day06/0133.jpg 485 340 539 344 618 345 675 341 523 472 616 472 517 340 645 341
day58/0757.jpg 432 311 496 319 609 323 679 323 489 490 596 498 462 316 634 321
day04/0041.jpg 486 331 545 341 654 348 714 345 538 500 654 509 518 336 687 344
day52/0297.jpg 465 382 511 383 586 380 637 372 507 507 591 503 487 382 607 372
day63/0112.jpg 545 333 606 344 708 355 778 358 585 508 691 522 576 335 739 354
day63/0121.jpg 497 352 563 358 650 362 708 361 550 506 645 508 529 357 678 358
day67/0315.jpg 514 311 568 320 652 320 712 320 554 445 644 460 541 311 682 319
day54/0327.jpg 620 258 685 271 784 279 844 281 667 420 770 433 652 262 810 281
day42/0147.jpg 466 346 525 354 621 354 683 351 505 499 613 508 495 346 646 352
day29/0021.jpg 553 299 611 309 691 312 744 312 603 440 698 447 584 303 718 308
day50/0138.jpg 524 408 570 413 652 414 709 414 566 534 649 539 549 409 673 416
day51/0014.jpg 473 340 525 347 601 349 658 347 514 470 603 478 506 342 634 345
day54/0382.jpg 658 303 734 321 862 340 924 341 709 514 836 530 708 313 891 338
day37/0088.jpg 504 303 555 312 630 313 691 315 539 429 618 436 529 307 653 312
day27/0435.jpg 488 401 536 406 610 408 671 408 526 518 604 524 516 400 639 407
day44/0015.jpg 516 312 569 312 660 316 721 316 568 454 655 462 543 309 688 311
day43/0386.jpg 487 370 528 376 610 378 658 375 527 496 605 499 508 373 633 374
day17/0331.jpg 583 300 637 308 722 314 777 311 627 444 716 451 612 303 754 310
day52/0326.jpg 541 396 588 400 664 400 706 400 584 511 675 516 569 395 686 397
day49/0246.jpg 488 288 538 294 616 296 677 296 524 418 612 425 514 288 641 294
day16/0010.jpg 500 287 551 293 632 292 689 289 536 423 631 428 524 288 656 290
day53/0225.jpg 549 268 602 276 684 281 744 282 596 415 682 421 578 269 717 285
day42/0499.jpg 548 335 604 344 692 349 744 350 592 480 687 490 579 339 717 348
day16/0007.jpg 507 300 560 308 648 307 706 306 556 436 638 446 537 302 675 305
day32/0227.jpg 383 370 444 380 559 382 636 384 428 558 540 567 408 372 586 381
day03/0264.jpg 471 313 537 320 640 316 712 316 536 476 637 481 508 316 671 313
day63/0183.jpg 507 368 560 376 656 378 721 380 551 520 658 522 542 372 680 376
day08/0015.jpg 497 326 548 332 635 335 695 336 534 469 627 474 524 328 663 328
day63/0125.jpg 494 350 552 359 644 364 704 368 537 507 632 512 528 352 672 363
day65/0271.jpg 470 371 533 375 621 376 692 372 528 535 625 529 496 371 659 375
day52/0170.jpg 493 280 556 292 634 300 692 304 541 432 628 440 530 284 664 300
day53/0366.jpg 518 292 568 302 642 304 694 303 548 423 634 428 542 296 666 300
day52/0602.jpg 510 364 560 373 640 370 699 368 547 500 628 500 536 365 666 370
day27/0333.jpg 491 400 554 407 634 407 693 407 537 541 628 550 520 401 664 404
day37/0015.jpg 484 308 544 315 639 317 700 316 527 480 632 486 510 310 667 312
day12/0407.jpg 560 248 623 256 719 260 780 264 609 413 716 411 589 252 748 257
day41/0224.jpg 559 243 617 250 714 256 775 260 609 399 698 412 589 245 747 258
day41/0047.jpg 524 317 572 325 648 330 699 330 556 437 643 448 552 320 674 327
day52/0610.jpg 559 374 616 386 694 390 746 391 604 515 693 521 591 380 720 387
day58/0704.jpg 520 360 580 367 672 368 743 367 560 515 665 516 555 363 699 366
day01/0294.jpg 537 396 584 402 660 403 715 401 569 522 656 526 564 400 687 399
day12/0069.jpg 495 339 543 341 623 342 676 342 529 468 612 473 516 336 651 341
day56/0034.jpg 575 240 620 248 697 253 745 252 610 368 694 375 598 243 717 249
day57/0027.jpg 534 295 596 300 678 301 746 303 578 432 686 437 573 292 712 299
day64/0143.jpg 539 326 608 336 718 344 791 341 598 520 713 520 576 329 762 340
day57/0275.jpg 552 264 612 278 696 283 759 289 591 414 688 428 587 268 732 285
day54/0569.jpg 500 336 551 344 624 344 677 343 532 465 626 469 525 337 656 340
day45/0574.jpg 533 380 587 387 671 388 719 386 582 518 668 524 562 380 692 385
day17/0068.jpg 538 376 597 384 682 390 741 394 570 518 684 525 573 380 711 389
day43/0337.jpg 488 367 553 376 634 372 699 367 536 512 629 515 519 366 666 361
day65/0327.jpg 532 396 584 404 663 411 709 410 568 524 656 536 561 396 686 408
day29/0057.jpg 572 313 631 325 712 328 763 331 621 455 710 462 610 317 737 326
