day07/0787.jpg 495 331 552 329 617 323 677 322 542 455 636 455 524 324 650 319
day24/0380.jpg 578 387 638 393 700 391 762 392 607 529 714 529 608 385 737 386
day24/1042.jpg 562 333 606 334 667 337 723 339 589 457 679 452 582 337 698 336
day22/0538.jpg 507 339 550 343 590 346 626 349 531 433 597 434 529 337 611 346
day16/0151.jpg 502 339 560 333 616 328 673 326 547 456 639 448 530 337 650 328
day26/0002.jpg 531 381 596 377 669 372 742 371 575 527 693 522 560 374 705 366
day27/0408.jpg 536 347 601 353 675 354 744 351 588 506 689 502 564 348 708 349
day24/0962.jpg 573 280 637 281 707 275 780 277 615 426 730 421 603 275 745 269
day26/0164.jpg 514 396 575 394 647 392 710 392 555 538 654 532 543 396 676 395
day18/0112.jpg 489 240 538 237 592 232 642 230 531 342 603 334 512 234 615 227
day08/0036.jpg 544 307 604 304 673 300 739 300 593 444 692 437 579 304 713 300
day25/0462.jpg 508 333 574 329 648 323 716 325 560 480 663 475 543 328 688 320
day35/0657.jpg 582 351 652 349 726 341 807 344 626 507 749 500 617 347 770 341
day02/0063.jpg 520 373 587 374 663 369 729 365 577 525 681 519 558 370 706 364
day12/0362.jpg 572 353 624 352 682 348 733 348 606 471 700 461 597 352 712 348
day36/0576.jpg 550 276 612 276 681 269 750 266 600 419 702 408 576 268 715 263
day27/0316.jpg 582 366 649 370 726 375 792 376 623 527 731 529 622 363 770 374
day16/0707.jpg 530 326 584 328 647 329 705 330 569 457 661 455 556 323 676 323
day36/0367.jpg 609 379 676 385 746 383 807 385 655 523 759 523 641 380 782 381
day05/0278.jpg 533 364 595 360 668 345 732 335 596 508 699 492 556 357 697 337
day10/0121.jpg 530 357 588 359 660 356 719 355 576 496 672 487 558 358 687 356
day22/1049.jpg 500 461 548 460 603 454 656 457 532 571 623 565 526 458 632 453
day08/0389.jpg 525 304 589 304 666 300 732 303 568 455 670 456 551 301 698 300
day29/0330.jpg 624 413 700 416 784 415 867 415 676 591 807 590 652 415 819 414
day28/0120.jpg 576 311 624 312 676 309 729 311 611 420 690 414 601 308 706 308
day34/0160.jpg 565 449 622 448 688 444 747 441 609 586 703 576 593 447 716 444
day26/0673.jpg 545 429 612 430 691 432 760 433 588 582 699 584 573 427 725 434
day21/0572.jpg 543 328 604 328 668 329 729 331 580 467 676 464 573 327 706 332
day39/0089.jpg 501 302 560 299 629 290 686 288 557 433 647 425 529 300 657 288
day16/0974.jpg 492 352 540 344 598 331 648 324 544 464 625 447 514 344 624 326
day32/0550.jpg 572 420 637 423 714 423 784 424 612 580 730 580 599 418 747 418
day17/0776.jpg 564 368 616 366 675 363 731 357 609 487 696 480 588 362 703 354
day31/0018.jpg 581 330 649 331 724 328 796 329 630 485 738 476 615 331 764 329
day08/0209.jpg 588 299 653 304 731 307 798 310 630 457 734 460 623 298 771 305
day22/1088.jpg 491 436 538 432 592 426 642 428 529 539 613 529 516 432 620 426
day33/0486.jpg 527 398 586 392 645 382 708 380 576 521 670 511 559 392 683 379
day26/0219.jpg 511 376 572 371 643 361 709 363 561 508 660 504 538 374 676 362
day13/0799.jpg 530 391 596 392 669 389 734 391 568 539 681 532 569 390 710 389
day33/0234.jpg 520 428 576 430 648 425 712 427 565 575 666 569 551 428 688 424
day14/1091.jpg 576 340 630 342 690 341 752 342 611 462 703 465 598 338 720 339
day07/0436.jpg 477 400 524 394 575 380 624 373 533 502 608 485 501 399 607 375
day35/0231.jpg 553 413 610 405 675 391 734 384 609 538 701 523 582 403 707 385
day29/0594.jpg 555 395 620 394 698 398 767 403 600 553 702 552 592 394 740 399
day23/0157.jpg 533 341 589 337 649 333 712 333 568 469 667 457 561 337 685 331
day21/0531.jpg 562 363 613 363 675 360 727 358 603 489 690 485 585 360 705 358
day07/0432.jpg 479 401 527 390 581 380 628 370 534 504 611 484 507 393 609 371
day13/0681.jpg 684 474 728 465 774 453 818 450 726 563 797 548 708 467 800 448
day20/0106.jpg 573 288 631 287 696 280 757 281 620 420 715 411 601 287 727 282
day25/0456.jpg 498 358 557 355 629 348 693 345 553 499 647 489 528 356 666 346
day24/0042.jpg 511 442 574 442 643 433 709 430 561 588 673 574 542 442 679 431
day15/0237.jpg 520 398 572 396 632 396 688 396 560 518 642 517 544 393 660 390
day18/0400.jpg 524 305 585 303 657 299 722 300 573 448 672 441 553 303 693 300
day30/0107.jpg 456 365 514 360 576 348 640 345 506 488 600 476 480 359 606 344
day24/0793.jpg 555 472 600 469 653 458 698 454 601 572 676 561 574 466 674 453
day39/0005.jpg 572 344 628 344 690 338 746 344 608 475 702 470 597 341 720 338
day12/1082.jpg 561 284 612 285 675 283 728 284 606 403 689 401 588 284 704 282
day30/0365.jpg 452 400 509 400 581 394 644 391 492 541 600 539 480 394 614 391
day11/0587.jpg 548 352 608 349 676 348 735 349 593 488 681 483 578 350 708 348
day22/1161.jpg 496 352 563 351 635 348 704 350 542 500 648 498 528 351 669 348
day12/0688.jpg 565 347 619 342 678 330 735 322 620 466 708 449 590 341 708 320
day14/0652.jpg 700 370 764 372 843 372 908 374 746 524 849 524 728 367 873 371
day10/0005.jpg 458 388 510 384 568 377 619 376 505 500 584 493 480 385 591 374
day23/0225.jpg 568 308 631 310 700 308 765 315 606 452 708 448 598 312 732 313
day19/0158.jpg 573 356 628 357 690 351 748 349 620 481 704 480 600 354 721 348
day16/0811.jpg 504 284 564 285 637 279 704 279 552 427 659 421 531 284 671 276
day19/0462.jpg 471 415 526 419 595 425 650 430 489 553 600 557 500 416 622 426
day02/0349.jpg 420 321 487 308 561 285 636 268 503 462 603 438 457 316 606 281
day26/0133.jpg 500 375 561 376 626 372 696 372 541 511 640 508 532 375 665 370
day31/0644.jpg 579 377 654 381 732 380 810 376 636 550 752 544 618 379 778 377
day02/0029.jpg 542 380 599 378 661 375 723 373 589 508 681 503 574 377 699 370
day01/0171.jpg 620 344 675 344 740 344 799 346 662 473 744 471 646 339 773 342
day27/0219.jpg 510 400 566 402 627 400 686 395 554 526 643 523 534 401 655 395
day22/0056.jpg 536 322 597 325 665 325 728 320 578 466 678 461 571 324 704 319
day16/0335.jpg 552 340 618 339 688 334 755 330 607 487 711 479 582 338 723 329
day11/0331.jpg 561 307 622 312 692 311 755 313 606 446 691 449 594 309 731 312
day30/0471.jpg 568 440 633 444 705 440 769 436 615 592 726 588 598 442 738 440
day24/0104.jpg 505 373 565 371 626 364 688 364 546 503 652 492 534 373 661 364
day12/0742.jpg 496 332 554 328 628 317 688 312 552 471 651 458 524 328 656 313
day30/0777.jpg 581 361 634 364 695 360 748 362 624 483 706 479 603 359 717 357
day27/0103.jpg 560 383 612 382 672 379 727 377 604 506 688 500 584 380 703 376
day27/0416.jpg 534 356 601 363 673 361 739 360 583 514 688 506 561 357 702 358
day31/0656.jpg 573 393 644 396 727 393 803 396 628 566 737 562 608 391 769 392
day31/0728.jpg 518 361 587 358 661 350 730 349 573 512 681 503 551 361 700 353
day02/0135.jpg 562 364 620 362 687 360 746 363 607 496 696 494 590 360 720 360
day19/0107.jpg 528 315 588 315 652 311 713 308 573 442 668 438 561 311 687 307
day22/0363.jpg 590 328 660 332 730 336 793 339 620 460 748 463 628 329 767 335
day33/0317.jpg 483 312 552 309 630 304 711 298 537 474 661 464 520 311 674 301
day04/0137.jpg 543 309 601 316 672 318 733 324 580 454 676 460 568 311 700 318
day27/0235.jpg 520 386 578 385 638 378 695 373 569 511 661 503 550 382 670 370
day24/1083.jpg 511 313 569 312 634 310 701 307 551 446 651 446 542 310 670 307
day01/0236.jpg 596 344 653 345 721 348 778 352 639 474 720 474 627 345 751 351
day16/0426.jpg 496 323 569 322 647 316 723 311 553 483 668 476 533 325 685 316
day12/0092.jpg 484 340 538 334 600 324 660 317 541 463 624 448 514 337 636 321
day26/0455.jpg 537 331 597 337 669 338 734 337 580 477 677 480 569 332 707 336
day35/0240.jpg 545 414 599 406 662 393 724 384 609 539 695 519 573 407 694 387
day17/0480.jpg 570 475 619 469 673 465 727 464 608 584 692 585 596 471 707 465
day27/0131.jpg 578 384 630 380 687 377 740 374 621 496 702 492 599 380 712 372
day16/0668.jpg 596 344 641 342 692 337 738 335 631 437 700 436 620 342 718 338
day06/0210.jpg 509 396 575 392 647 381 719 375 569 550 679 536 536 393 683 379
day32/0064.jpg 572 379 640 379 715 372 784 372 620 535 729 527 599 376 750 368
day34/0088.jpg 564 391 624 392 696 392 757 391 613 533 708 531 592 392 727 392
day14/1156.jpg 573 356 623 352 676 355 728 356 608 458 685 460 596 357 706 356
day36/0306.jpg 585 373 643 373 707 373 769 372 630 509 723 507 607 372 737 370
day18/0424.jpg 546 313 607 300 670 287 736 280 613 437 700 420 572 309 699 284
day13/0857.jpg 503 315 561 315 624 315 684 312 552 445 634 441 529 316 652 312
day26/0118.jpg 528 383 598 387 673 388 751 389 568 549 680 548 564 383 716 387
day27/0405.jpg 534 350 601 353 670 350 739 351 577 506 680 499 564 349 706 350
day12/0619.jpg 538 415 596 414 665 408 719 403 590 548 676 538 571 416 697 405
day16/0902.jpg 513 337 573 338 630 337 686 338 557 457 642 459 543 336 665 336
day10/0401.jpg 577 322 639 328 709 329 773 328 617 469 715 469 603 323 742 326
day24/0168.jpg 505 383 560 376 616 371 674 368 548 496 638 489 532 376 646 370
day24/1001.jpg 571 354 634 351 705 343 773 340 619 500 731 484 604 352 745 341
day07/0099.jpg 464 390 522 392 588 393 648 393 501 528 604 525 487 392 617 394
day19/0813.jpg 562 344 620 345 686 342 748 345 598 471 703 468 592 344 720 342
day02/0674.jpg 526 420 577 423 640 423 698 423 563 548 644 548 553 420 673 421
day10/0087.jpg 542 331 592 332 647 333 700 333 580 450 658 449 565 329 676 330
day07/0751.jpg 522 335 568 332 625 324 676 323 568 444 641 437 541 333 651 322
day18/0314.jpg 567 282 624 284 683 284 743 286 597 408 699 408 591 284 714 284
day29/0107.jpg 564 458 618 457 678 451 733 451 604 583 692 576 589 454 705 449
day38/0096.jpg 539 312 593 314 658 312 713 314 583 443 663 438 562 312 687 309
day18/0127.jpg 530 330 586 325 648 317 705 313 581 449 667 440 564 326 684 315
day11/0019.jpg 538 324 595 330 666 328 726 325 582 467 679 466 562 328 695 327
day15/0378.jpg 504 392 554 388 611 388 664 386 540 506 620 505 524 387 636 383
day23/0035.jpg 544 392 609 395 681 396 745 399 583 542 686 541 573 389 714 392
day16/0318.jpg 548 351 615 352 691 349 756 349 596 503 696 502 587 348 729 347
day03/0421.jpg 564 333 623 331 697 330 760 330 602 474 703 472 590 332 727 330
day37/0133.jpg 552 275 612 271 682 264 749 258 617 411 705 401 578 269 712 260
day17/0211.jpg 540 279 593 276 651 273 704 273 574 399 657 393 563 276 677 273
day16/0236.jpg 560 339 615 336 678 333 732 332 604 457 687 456 586 335 704 330
day02/0567.jpg 444 376 520 371 596 359 672 351 512 532 623 519 488 376 645 356
day12/0933.jpg 552 280 607 282 666 280 725 280 596 405 675 402 582 276 701 274
day27/0140.jpg 578 382 626 381 684 374 740 375 620 496 698 490 600 381 712 375
day05/0750.jpg 493 360 548 360 608 354 663 352 537 489 620 479 518 359 635 351
day22/1014.jpg 599 423 652 422 708 412 764 408 647 539 732 525 624 422 736 409
day02/0280.jpg 480 308 549 302 622 298 692 296 537 457 643 448 522 305 668 300
day15/0213.jpg 534 382 591 379 648 372 704 370 584 500 670 493 561 381 680 370
day09/0371.jpg 508 357 561 360 618 360 676 364 543 484 626 482 528 356 644 356
day26/0653.jpg 553 302 614 303 686 299 752 297 604 447 705 440 580 301 720 295
day19/0416.jpg 536 291 594 292 660 292 720 300 574 427 672 428 560 289 688 296
day19/0421.jpg 498 339 548 340 614 346 665 351 520 460 611 468 520 339 638 349
day18/0207.jpg 530 386 588 387 652 392 716 398 560 520 660 524 560 384 690 392
day06/0206.jpg 513 384 579 387 653 377 731 372 573 546 676 535 544 384 692 370
day23/0354.jpg 532 376 590 376 655 371 720 376 568 512 664 507 564 376 693 376
day36/0577.jpg 555 276 617 274 686 270 752 268 608 420 703 409 588 272 724 266
day19/0589.jpg 584 323 633 323 696 322 753 324 617 451 709 444 610 326 725 322
day13/0794.jpg 532 388 594 390 663 387 727 384 579 533 680 530 564 388 704 386
day22/0284.jpg 633 424 678 424 724 417 770 416 671 519 743 518 652 420 748 416
day16/1018.jpg 536 341 588 339 648 335 706 336 582 461 671 457 564 340 683 336
day09/0265.jpg 592 328 648 334 710 338 766 343 622 460 717 460 618 332 740 340
day30/0235.jpg 502 452 563 452 641 448 712 446 545 609 653 604 534 450 684 448
day19/0638.jpg 540 350 593 348 658 346 712 344 586 478 676 472 564 348 686 344
day24/0660.jpg 562 344 612 344 668 343 720 342 599 459 683 457 585 343 696 339
day22/0377.jpg 558 338 612 341 685 338 747 337 597 472 702 469 586 336 720 335
day21/0573.jpg 540 324 596 328 665 328 726 330 584 468 677 467 566 327 698 332
day30/0932.jpg 572 324 627 324 698 319 757 318 621 458 708 451 601 320 732 315
day22/0963.jpg 578 399 623 400 681 401 729 403 609 510 689 508 603 400 708 401
day13/0730.jpg 561 367 608 360 655 352 705 348 604 463 675 452 585 364 683 353
day27/0317.jpg 575 365 644 374 722 376 787 378 616 531 728 530 606 371 757 378
day26/0632.jpg 516 330 572 328 642 320 705 319 564 462 661 461 538 328 674 319
day11/0035.jpg 563 278 616 283 686 281 747 285 598 419 690 418 585 278 717 283
day31/0526.jpg 665 436 721 436 788 431 848 427 708 564 807 559 691 434 821 428
day06/0184.jpg 495 370 555 368 624 365 688 366 540 511 636 507 525 368 660 363
day30/0270.jpg 562 438 626 440 689 439 749 436 610 579 704 574 598 435 727 433
day11/0695.jpg 466 347 521 336 584 327 640 323 528 462 612 452 492 343 618 324
day21/0844.jpg 572 295 634 294 710 291 776 290 619 446 726 440 598 294 743 292
day16/0410.jpg 556 390 599 396 652 401 702 406 574 500 647 512 578 390 683 403
day26/0018.jpg 522 396 587 393 661 387 738 387 582 550 683 542 555 394 705 387
day07/0570.jpg 560 322 609 320 673 319 726 321 599 444 680 438 584 320 699 316
day19/0439.jpg 504 340 553 344 617 352 667 360 525 468 615 479 528 341 644 354
day35/0672.jpg 560 330 617 324 685 308 745 301 620 459 717 441 586 329 716 304
day24/0255.jpg 487 418 540 409 608 393 668 383 542 546 640 526 510 412 636 389
day35/0195.jpg 563 396 623 392 691 392 752 389 607 530 709 524 586 392 723 384
day07/0392.jpg 549 408 605 415 669 428 727 432 570 526 676 538 574 412 698 431
day15/0044.jpg 563 334 612 333 676 328 733 326 609 460 691 450 582 333 700 327
day36/0027.jpg 563 312 625 316 700 320 776 325 588 464 697 474 603 312 750 324
day35/0010.jpg 560 368 628 364 699 356 772 350 617 519 731 507 592 361 741 350
day36/0057.jpg 591 377 649 379 724 378 789 374 637 526 735 521 622 372 759 377
day37/0105.jpg 548 284 612 282 681 278 748 277 600 427 692 420 582 284 721 279
day12/0451.jpg 512 364 567 359 638 352 692 347 559 495 648 481 542 362 668 348
day25/0327.jpg 529 372 584 367 648 363 711 359 574 495 660 488 556 368 680 359
day12/0372.jpg 518 416 567 412 626 403 680 394 564 532 652 517 546 412 655 400
day07/0142.jpg 476 404 520 400 577 395 620 392 512 506 588 500 500 402 598 392
day07/0530.jpg 596 312 656 315 719 313 781 311 640 442 728 446 630 311 756 306
day17/0223.jpg 586 286 637 284 703 280 753 280 622 401 717 401 612 285 729 279
day09/0396.jpg 542 330 615 337 700 334 774 336 587 498 711 493 577 331 734 334
day35/0909.jpg 478 336 524 334 572 324 620 323 523 432 595 420 500 336 596 320
day22/0279.jpg 598 327 649 328 704 328 757 332 635 441 712 444 624 325 736 328
day35/0344.jpg 571 424 640 428 717 428 790 432 612 587 724 591 612 425 764 428
day14/0417.jpg 588 417 643 415 695 416 751 411 632 535 713 528 615 414 724 411
day11/0635.jpg 543 353 600 350 664 344 723 343 594 479 680 473 573 352 701 344
day12/0243.jpg 590 352 635 349 685 344 733 344 627 453 704 446 611 350 710 345
day11/0254.jpg 554 314 608 315 681 313 739 316 595 459 684 453 577 313 712 314
day30/0257.jpg 535 432 597 430 662 426 726 424 580 573 681 565 570 428 702 426
day06/0106.jpg 540 401 588 402 643 410 692 420 564 514 638 520 564 397 672 411
day34/0416.jpg 571 445 629 444 704 432 767 436 616 593 721 581 596 446 735 435
day16/0630.jpg 602 260 649 265 711 270 766 275 629 384 708 390 628 260 745 270
day07/0734.jpg 511 302 558 300 616 296 669 296 548 412 624 409 532 297 643 292
day14/0406.jpg 597 388 647 391 703 390 756 392 632 506 716 502 627 388 736 388
day03/0295.jpg 532 408 581 407 637 404 690 405 567 519 645 519 556 408 665 406
day05/0670.jpg 521 372 576 372 634 374 692 373 557 496 638 499 552 372 668 375
day26/0262.jpg 528 343 583 337 641 328 696 327 576 459 666 447 556 339 673 328
day08/0700.jpg 570 300 628 303 691 302 746 304 616 427 698 424 600 300 721 302
day14/1158.jpg 572 353 623 352 674 350 730 357 604 463 682 457 600 352 704 351
day27/0318.jpg 576 370 641 376 722 380 793 384 620 536 733 532 616 372 765 384
day29/0077.jpg 615 378 680 382 752 377 815 380 659 525 760 516 647 383 781 379
day32/0628.jpg 583 440 631 438 690 437 743 437 620 556 703 556 608 436 721 437
day21/0802.jpg 561 298 619 297 686 294 745 298 597 431 694 429 590 297 719 297
day11/0295.jpg 540 311 588 308 646 300 692 295 588 418 661 408 563 309 667 296
day21/0616.jpg 563 396 604 392 649 384 698 379 603 487 670 478 583 392 674 380
day16/0279.jpg 566 359 626 363 696 363 756 362 607 499 704 502 599 358 731 359
day07/0710.jpg 498 296 546 289 602 284 649 280 541 404 612 395 518 293 624 282
day27/0064.jpg 486 409 552 410 633 409 704 404 536 568 641 570 520 408 675 408
day30/0423.jpg 570 405 644 401 730 401 804 401 620 576 743 576 604 405 772 401
day26/0320.jpg 516 413 572 412 634 409 689 411 559 540 644 536 546 409 666 409
day13/0770.jpg 569 376 612 376 664 374 705 371 600 473 669 471 590 373 684 372
day13/0258.jpg 512 316 573 324 640 318 712 317 551 461 656 458 544 316 683 316
day13/0946.jpg 619 295 664 304 706 313 751 327 629 389 696 404 640 299 731 321
day30/0737.jpg 521 320 582 317 648 307 720 303 575 460 672 445 549 316 682 302
day07/0106.jpg 440 387 490 388 560 388 619 388 475 521 562 524 464 389 589 388
day25/0145.jpg 509 277 554 273 608 268 656 263 545 384 626 374 531 276 634 264
day24/1194.jpg 511 278 567 275 627 268 689 266 552 402 636 399 541 276 666 270
day21/0483.jpg 574 398 620 400 680 398 725 399 610 511 689 514 597 394 707 396
day19/0429.jpg 502 337 554 341 616 349 672 357 523 462 616 476 531 338 650 353
day24/0980.jpg 464 342 522 328 588 314 656 302 523 473 623 457 496 335 627 307
day22/0915.jpg 570 399 613 398 664 396 712 397 601 504 672 495 592 397 691 395
day13/0750.jpg 584 414 622 409 670 403 712 403 615 501 680 492 604 412 693 404
day36/0140.jpg 514 342 572 340 654 332 723 325 567 499 676 492 545 337 696 326
day24/0182.jpg 546 362 606 360 675 357 736 360 596 498 687 493 580 360 713 358
day01/0276.jpg 544 342 606 344 683 345 746 348 592 496 684 494 581 340 718 344
day14/0779.jpg 647 382 699 381 758 372 807 372 694 498 767 489 676 380 787 372
day09/0113.jpg 595 325 651 327 718 330 780 331 632 459 720 464 627 324 754 330
day14/1138.jpg 577 361 627 361 684 354 744 356 615 476 694 473 598 356 713 352
day02/0523.jpg 480 364 555 370 646 374 728 376 519 554 651 560 516 367 685 379
day27/0061.jpg 524 397 599 396 683 396 754 392 580 572 695 563 567 399 726 399
day05/0438.jpg 576 407 634 400 706 398 772 396 620 540 720 538 603 406 744 398
day24/0933.jpg 617 340 669 338 729 336 788 340 648 462 739 460 642 338 764 338
day01/0161.jpg 579 326 635 328 704 333 760 334 616 461 704 465 608 325 736 330
day07/0708.jpg 499 294 544 289 600 282 655 280 541 399 615 392 524 292 632 279
day08/0203.jpg 585 301 648 305 728 309 796 312 625 459 729 460 613 305 763 310
day26/0627.jpg 523 327 580 322 648 319 712 316 571 460 667 452 555 320 688 315
day24/0565.jpg 557 440 609 437 668 433 725 433 594 558 685 560 584 436 700 430
day24/0643.jpg 564 336 616 336 672 336 724 335 602 451 680 451 593 332 702 333
day02/0137.jpg 562 358 619 356 689 358 748 356 608 498 696 492 591 357 722 355
day33/0214.jpg 523 440 590 443 660 442 726 440 571 592 671 590 556 441 700 439
day17/0242.jpg 539 276 592 274 660 274 714 271 575 401 667 397 568 275 691 272
day30/0142.jpg 564 297 628 299 700 296 775 298 614 448 711 444 604 299 747 295
day21/0080.jpg 546 251 596 250 656 242 712 237 592 368 673 360 569 248 685 236
day24/0064.jpg 508 376 573 377 653 377 720 380 550 537 664 531 539 376 688 380
day26/0263.jpg 480 368 525 361 586 348 645 341 530 483 614 468 501 365 619 344
day34/0287.jpg 534 312 596 316 664 314 729 315 579 460 676 457 568 312 704 312
day12/0891.jpg 554 288 612 286 688 283 747 285 601 428 695 426 583 287 722 284
day35/0874.jpg 559 338 604 339 661 337 714 340 588 439 672 440 587 337 691 337
day23/0543.jpg 540 464 602 463 670 460 738 461 584 610 684 607 565 464 703 462
day22/1140.jpg 504 356 551 353 614 347 668 346 541 480 624 468 524 354 643 345
day19/0643.jpg 571 328 621 326 682 323 737 326 612 448 696 444 599 328 714 324
day32/0744.jpg 544 440 612 444 698 436 770 436 600 618 716 611 579 439 740 435
day09/0187.jpg 586 344 645 344 715 344 774 345 627 483 719 482 612 346 745 348
day33/0325.jpg 480 316 548 312 629 308 708 302 535 470 648 466 520 316 678 306
day32/0030.jpg 521 416 585 416 655 412 720 416 569 561 673 556 555 414 694 410
day07/0464.jpg 524 382 570 386 630 389 680 393 557 500 632 502 548 383 658 390
day27/0225.jpg 528 380 578 380 641 368 696 368 579 505 655 492 550 378 672 369
day34/0377.jpg 376 345 432 338 498 322 562 311 439 477 528 462 403 338 532 312
day09/0080.jpg 572 344 634 344 704 348 768 346 612 484 704 485 602 338 736 344
day04/0251.jpg 547 335 590 336 637 335 680 336 580 431 644 427 572 333 664 335
day32/0717.jpg 565 422 632 425 708 423 784 420 617 585 724 584 600 423 755 417
day13/0528.jpg 525 357 565 352 616 344 660 340 564 452 633 447 543 352 639 340
day30/0316.jpg 480 446 551 448 631 445 710 440 533 612 652 600 521 444 680 441
day19/0825.jpg 565 342 621 342 683 340 744 340 601 464 706 462 592 340 720 337
day30/0045.jpg 526 327 597 324 674 316 744 314 582 480 694 475 558 328 709 318
day26/0713.jpg 554 400 609 405 674 404 736 411 588 537 677 543 578 403 707 407
day05/0273.jpg 535 368 596 360 669 348 732 340 596 511 694 495 561 364 705 344
day03/0504.jpg 471 319 539 319 620 306 693 303 537 482 638 466 512 317 665 301
day13/0195.jpg 564 297 622 304 703 297 762 299 602 444 705 443 596 301 733 299
day12/0561.jpg 480 400 544 403 612 402 675 407 522 538 618 538 518 402 652 408
day32/0074.jpg 594 388 657 388 736 383 806 383 640 548 746 540 628 387 773 385
day11/0008.jpg 545 309 608 315 674 311 738 311 592 456 680 448 581 309 714 310
day30/0540.jpg 539 445 592 445 650 437 704 437 582 567 660 564 560 445 677 436
day32/0085.jpg 528 424 595 419 661 418 729 417 582 570 675 560 564 423 703 418
day19/0733.jpg 546 327 599 326 659 324 712 320 584 454 670 452 568 324 687 318
day35/0514.jpg 538 486 587 477 635 464 680 456 596 576 671 558 560 481 656 459
day32/0510.jpg 549 392 617 391 700 389 777 387 600 559 720 556 588 387 748 385
day01/0305.jpg 538 357 595 359 674 363 732 363 585 502 676 504 569 355 704 360
day15/0342.jpg 487 382 541 380 602 372 658 368 539 500 618 494 516 378 632 368
day02/0155.jpg 545 376 603 377 676 377 735 384 591 512 677 512 573 378 704 381
day08/0023.jpg 543 302 597 298 666 295 729 292 587 433 677 432 568 300 699 292
day19/0630.jpg 541 342 592 340 657 336 716 333 588 473 676 464 565 340 691 330
day16/0145.jpg 500 338 552 332 614 325 671 323 546 455 632 444 523 333 641 322
day31/0673.jpg 554 412 616 415 703 407 774 408 601 577 717 575 581 416 740 412
day15/0241.jpg 509 396 560 394 617 389 671 389 552 511 625 508 536 392 648 387
day08/0413.jpg 569 328 629 320 683 305 740 301 628 436 710 425 602 321 719 305
day16/0821.jpg 562 304 615 309 674 323 724 330 584 424 658 436 596 303 705 323
day02/0448.jpg 434 328 498 329 578 328 650 328 481 485 590 484 464 323 616 324
day06/0105.jpg 541 404 592 402 646 410 696 420 568 515 644 520 569 401 676 412
day14/0350.jpg 601 391 652 395 711 390 761 389 638 512 720 509 626 391 741 386
day28/0240.jpg 560 376 617 376 687 371 743 368 608 521 704 512 585 372 716 364
day25/0012.jpg 618 344 667 347 740 348 800 353 643 482 742 487 640 345 772 352
day14/0810.jpg 612 372 660 370 720 360 766 352 664 484 740 472 632 373 744 356
day16/0099.jpg 573 345 625 345 686 346 738 348 612 462 688 461 604 340 713 344
day19/0901.jpg 540 316 592 309 659 300 714 298 593 438 682 426 564 310 686 300
day14/0144.jpg 526 278 583 280 648 277 701 280 566 407 655 405 553 279 672 277
day19/0470.jpg 474 422 526 427 595 433 654 441 493 560 599 569 505 425 631 438
day22/0728.jpg 623 402 682 401 748 401 802 400 661 526 754 526 651 396 778 400
day23/0448.jpg 536 268 592 272 655 279 719 281 564 403 661 404 565 266 692 279
day13/0183.jpg 561 284 631 284 706 283 763 276 611 428 717 424 596 284 732 279
day08/0731.jpg 534 329 589 329 656 332 713 338 568 463 656 461 563 327 684 333
day17/0137.jpg 549 241 603 248 665 256 725 268 568 370 657 382 579 244 701 265
day16/0493.jpg 548 308 592 304 644 297 695 292 588 404 660 400 572 304 672 296
day24/0657.jpg 560 345 611 346 665 342 716 341 596 460 675 456 586 343 693 342
day21/0065.jpg 541 225 590 223 645 216 701 213 583 340 660 330 561 222 673 212
day29/0473.jpg 569 443 628 441 697 440 760 444 611 588 707 587 594 436 728 439
day16/0891.jpg 576 304 623 308 680 315 733 322 600 416 673 425 604 306 712 319
day26/0298.jpg 531 374 589 376 651 376 710 376 573 504 661 507 559 375 683 377
day32/0318.jpg 560 443 624 450 704 449 767 448 611 603 709 604 588 445 735 445
day29/0490.jpg 568 407 628 404 700 401 764 401 611 547 711 540 599 404 738 402
day12/0128.jpg 549 388 607 384 669 382 728 379 604 516 689 509 581 384 704 378
day05/0487.jpg 580 359 636 363 710 359 773 355 623 505 725 504 606 360 746 354
day19/0269.jpg 582 292 643 293 718 292 780 289 626 433 724 431 608 292 748 287
day24/0777.jpg 584 446 632 444 676 430 720 429 626 541 696 523 605 445 696 431
day09/0679.jpg 492 393 544 396 605 398 654 404 527 516 601 519 516 394 631 400
day16/0333.jpg 557 343 614 340 688 336 752 332 608 491 707 479 580 342 720 332
day31/0138.jpg 574 342 621 344 665 343 718 343 607 447 674 444 599 342 700 342
day23/0580.jpg 553 415 610 417 686 415 744 417 595 561 696 557 582 415 717 414
day03/0150.jpg 581 428 651 432 725 433 795 436 631 590 732 596 619 427 768 430
day19/0802.jpg 583 326 634 326 704 324 761 328 618 455 719 452 610 325 735 328
day02/0406.jpg 477 360 542 360 620 360 686 359 525 516 634 512 504 362 652 357
day31/0443.jpg 598 400 655 400 721 398 782 400 630 543 738 530 626 400 756 396
day30/0552.jpg 509 449 560 447 620 448 672 452 541 568 627 565 530 444 645 448
day31/0129.jpg 573 338 619 340 669 337 715 340 607 443 675 438 595 336 696 334
day23/0041.jpg 562 434 611 432 664 429 716 428 600 543 681 536 585 431 690 425
day19/0113.jpg 531 320 587 316 651 316 711 312 573 447 669 442 559 316 684 312
day11/0369.jpg 640 321 694 328 764 330 821 339 670 460 760 468 662 319 791 332
day15/0025.jpg 558 310 606 312 664 307 714 304 601 426 672 415 584 309 692 303
day16/0026.jpg 569 364 616 366 673 366 726 365 598 482 683 481 589 360 701 362
day32/0416.jpg 525 436 581 436 648 432 711 427 570 576 662 572 548 434 678 424
day24/0956.jpg 584 367 639 363 712 357 776 358 625 508 725 502 615 364 752 357
day08/0282.jpg 599 364 640 361 691 351 738 346 646 460 708 450 620 360 718 347
day12/0332.jpg 591 396 633 396 692 393 738 394 621 508 696 503 611 398 717 393
day17/0446.jpg 592 376 642 375 698 368 746 365 636 489 711 481 617 374 727 365
day07/0136.jpg 473 407 512 404 569 397 618 393 516 516 587 503 494 405 595 396
day10/0497.jpg 518 306 579 310 654 311 728 312 550 452 662 452 544 308 691 312
day03/0272.jpg 549 425 610 425 683 422 744 424 596 566 688 563 580 427 716 424
day34/0187.jpg 545 372 608 374 681 373 745 371 587 524 688 515 580 374 716 374
day03/0423.jpg 563 335 622 332 698 328 761 332 604 472 708 474 590 332 728 328
day23/0341.jpg 542 372 600 378 665 375 728 376 579 507 673 508 564 372 694 371
day08/0119.jpg 519 321 575 320 640 316 700 320 560 454 652 454 549 318 676 316
day14/1166.jpg 600 360 653 356 710 356 756 357 636 467 713 465 626 354 732 353
day07/0728.jpg 510 299 560 297 620 293 668 297 555 410 625 408 532 296 645 292
day23/0394.jpg 548 389 602 381 652 371 704 364 600 495 683 474 574 386 681 368
day24/0294.jpg 540 375 608 374 686 368 752 363 599 528 703 524 574 371 722 364
day16/0949.jpg 529 357 584 357 649 356 713 356 564 491 658 490 560 355 688 356
day22/0482.jpg 572 280 629 284 696 281 758 281 607 424 708 424 595 278 728 279
day24/1157.jpg 595 444 643 436 703 424 751 422 644 552 729 536 622 440 730 423
day16/0457.jpg 545 385 606 381 678 379 744 380 590 531 689 524 577 384 713 379
day08/0323.jpg 574 274 625 268 694 261 751 260 623 397 705 390 602 270 725 262
day31/0090.jpg 554 321 605 316 672 312 736 312 601 452 684 448 579 322 711 312
day24/0102.jpg 507 369 563 368 628 363 688 361 547 499 643 489 530 369 660 360
day19/0936.jpg 568 379 608 375 657 372 708 368 602 475 673 468 588 376 684 368
day30/0311.jpg 485 443 555 440 638 440 717 439 540 605 654 601 520 444 680 440
day38/0001.jpg 553 301 612 302 693 300 752 303 600 450 695 447 585 297 724 296
day31/0590.jpg 577 383 638 384 709 384 770 385 613 524 712 524 604 384 743 386
day18/0305.jpg 572 276 622 277 689 276 745 279 601 402 696 397 596 275 716 276
day14/0226.jpg 592 378 643 376 700 373 751 372 639 492 717 491 618 376 730 371
day30/0050.jpg 527 330 598 328 676 322 753 320 581 492 686 481 564 328 721 322
day32/0291.jpg 610 336 674 346 747 342 809 344 645 495 760 492 639 341 777 339
day08/0702.jpg 584 307 641 308 708 302 761 305 630 429 708 428 612 299 736 304
day32/0684.jpg 536 509 583 504 640 497 692 494 582 621 663 618 560 504 668 492
day23/0283.jpg 584 279 642 276 706 272 762 273 635 408 728 400 615 272 739 270
day14/0747.jpg 709 385 768 395 841 404 898 407 737 534 840 546 736 386 868 405
day02/0182.jpg 520 320 574 320 638 312 698 311 564 448 647 440 543 317 672 308
day30/0948.jpg 568 372 637 369 726 366 800 365 623 540 732 532 601 371 768 368
day02/0465.jpg 467 349 542 350 628 350 702 350 507 520 642 517 512 348 675 351
day05/0479.jpg 566 356 608 351 665 345 715 347 600 461 681 455 586 356 695 346
day16/0433.jpg 505 328 569 322 649 318 724 312 554 487 661 472 540 326 695 317
day15/0035.jpg 559 320 604 318 661 316 716 314 600 433 677 428 580 320 690 314
day26/0521.jpg 551 257 602 255 666 252 727 256 581 378 668 379 577 256 700 254
day25/0352.jpg 525 383 579 380 648 379 708 381 567 511 652 511 550 382 676 383
day19/0121.jpg 596 320 644 324 710 323 765 321 631 443 715 450 620 320 740 320
day13/0891.jpg 568 308 624 313 693 313 752 316 612 446 700 452 595 310 724 313
day19/0340.jpg 538 346 594 339 662 326 724 320 603 475 692 458 566 343 700 325
day09/0683.jpg 414 409 464 411 527 406 581 407 460 531 534 526 437 404 552 403
day29/0414.jpg 670 433 715 437 769 440 814 444 700 541 772 544 691 434 794 438
day02/0267.jpg 483 308 546 303 624 298 695 296 534 458 637 451 512 303 660 296
day30/0355.jpg 494 432 563 433 648 428 724 424 536 582 684 572 530 429 689 423
day27/0298.jpg 560 364 619 365 688 368 753 368 600 512 700 512 584 363 723 367
day30/0886.jpg 529 416 579 407 634 394 686 381 592 524 665 502 551 410 659 384
day09/0115.jpg 588 322 644 325 712 330 769 335 626 458 712 464 622 325 745 333
day32/0494.jpg 548 438 614 442 690 436 754 437 601 589 700 588 577 438 719 436
day08/0175.jpg 468 328 526 325 588 317 644 315 515 454 601 445 498 324 623 318
day25/0100.jpg 560 322 619 324 685 320 756 323 599 462 703 456 596 323 723 318
day10/0235.jpg 485 389 544 394 624 401 688 398 523 544 635 545 516 392 661 395
day07/0420.jpg 412 464 465 461 534 449 593 442 465 591 564 572 438 462 564 445
day31/0717.jpg 484 383 542 381 617 378 680 382 529 534 631 528 507 379 652 373
day23/0057.jpg 566 440 613 435 666 430 716 431 608 548 680 537 588 437 695 429
day22/0646.jpg 565 338 609 332 666 326 716 323 601 446 690 436 588 334 693 324
day27/0295.jpg 559 363 616 369 690 371 750 370 602 513 698 507 584 360 719 367
day24/0606.jpg 490 339 546 334 609 330 665 323 540 466 629 459 519 335 641 324
day21/0768.jpg 567 260 628 263 696 258 759 256 611 401 710 396 599 259 731 255
day13/0442.jpg 477 368 534 367 609 358 672 356 518 510 624 499 504 364 639 355
day06/0024.jpg 546 391 603 387 665 386 724 386 590 514 676 508 572 384 697 384
day14/0462.jpg 576 320 634 320 715 334 772 340 612 461 712 468 608 316 748 338
day26/0101.jpg 592 338 646 339 716 336 782 336 630 472 725 470 619 338 752 336
day20/0101.jpg 570 287 624 284 693 279 752 276 618 415 705 412 601 283 728 277
day21/0717.jpg 577 345 628 344 692 340 744 340 618 464 698 459 607 343 721 339
day06/0316.jpg 504 372 563 375 633 374 693 375 546 518 640 512 530 373 665 371
day29/0125.jpg 564 403 621 400 682 395 747 398 600 534 695 528 592 400 719 396
day18/0007.jpg 600 336 656 340 721 335 782 340 637 468 726 468 632 336 757 339
day14/0702.jpg 647 404 684 408 734 422 767 427 658 496 724 503 665 407 749 424
day10/0390.jpg 470 351 533 356 606 354 665 353 513 499 605 497 504 351 638 352
day21/0454.jpg 595 280 652 284 724 276 786 274 641 423 741 420 619 280 753 275
day19/0624.jpg 536 336 585 332 655 328 709 327 582 456 663 453 559 332 679 327
day09/0329.jpg 577 340 644 341 708 340 775 340 624 484 719 480 604 340 739 340
day35/0607.jpg 520 390 573 384 642 376 695 376 563 512 665 502 540 388 668 376
day22/1077.jpg 496 489 539 489 598 491 643 494 522 600 603 598 517 489 618 492
day36/0475.jpg 552 292 610 292 687 292 756 289 602 444 696 444 585 292 730 290
day12/0705.jpg 594 379 648 367 708 352 760 344 653 490 736 468 623 370 740 345
day02/0778.jpg 506 415 559 414 620 411 676 416 548 536 629 534 532 416 650 412
day02/0545.jpg 439 382 507 377 590 366 666 363 500 547 621 540 471 379 632 364
day13/0468.jpg 563 387 615 388 684 376 740 370 613 519 707 504 591 383 715 374
day02/0426.jpg 540 372 599 374 672 380 740 388 568 517 663 522 567 369 708 388
day19/0013.jpg 534 304 593 300 667 295 728 293 589 445 682 439 560 300 698 295
day07/0399.jpg 569 402 621 413 686 425 741 435 585 533 676 548 596 408 720 427
day36/0065.jpg 573 348 629 344 703 345 765 348 613 488 710 488 601 345 734 348
day23/0325.jpg 537 366 596 370 664 368 723 370 570 502 671 499 570 364 699 367
day16/0256.jpg 541 376 594 372 659 372 713 369 586 504 676 503 567 371 688 367
day26/0106.jpg 516 375 581 380 661 380 742 380 560 538 673 532 551 381 704 382
day07/0548.jpg 575 254 630 254 695 256 756 256 618 382 703 381 601 256 724 254
day11/0393.jpg 597 352 657 354 735 353 803 356 640 506 744 503 632 352 776 352
day12/0236.jpg 528 391 575 384 631 370 680 360 576 499 656 481 549 384 654 365
day16/0819.jpg 507 286 567 285 640 280 706 280 556 439 658 428 538 284 679 278
day22/0912.jpg 566 398 611 396 666 394 711 395 600 504 681 498 588 396 689 392
day24/0491.jpg 490 418 548 414 618 409 675 404 544 550 638 543 522 419 649 407
day09/0244.jpg 553 319 601 319 659 312 708 312 593 426 669 421 579 317 689 313
day23/0393.jpg 552 388 600 380 653 370 705 365 606 491 681 477 576 383 684 368
day16/0998.jpg 482 358 529 344 583 328 633 320 537 463 614 440 504 351 611 324
day08/0145.jpg 494 342 543 344 612 348 668 345 531 473 614 471 521 342 642 344
day15/0434.jpg 480 372 539 373 607 372 673 367 522 509 612 509 516 369 645 368
day18/0120.jpg 492 244 537 236 591 233 644 233 525 344 604 336 514 239 620 232
day01/0142.jpg 551 326 606 324 672 326 732 328 589 457 678 460 572 324 701 324
day14/0364.jpg 570 358 621 356 683 352 734 351 615 475 698 469 599 354 710 348
day32/0109.jpg 506 377 572 375 652 369 724 365 549 531 680 519 542 374 696 366
day24/0179.jpg 499 388 549 384 611 376 668 374 548 506 635 500 525 388 641 375
day17/0665.jpg 548 472 602 473 672 469 728 470 586 598 673 599 581 470 705 468
day11/0061.jpg 512 306 568 314 640 314 692 315 547 444 640 444 544 310 669 312
day32/0105.jpg 500 382 569 377 644 372 727 367 551 529 676 516 542 381 690 374
day26/0277.jpg 480 390 530 382 589 369 648 361 534 506 613 496 505 384 623 364
day38/0199.jpg 537 324 592 329 653 322 709 320 588 456 666 449 564 324 686 320
day03/0165.jpg 591 384 648 385 719 384 779 388 634 524 727 524 620 384 751 385
day16/0127.jpg 536 351 585 349 643 342 697 340 573 463 659 456 565 344 674 337
day29/0543.jpg 593 348 651 347 730 356 793 361 616 494 734 492 620 348 760 356
day39/0087.jpg 508 295 564 295 628 288 687 284 555 431 650 422 533 292 662 282
day22/0180.jpg 520 303 580 305 644 305 706 310 551 440 647 439 552 303 682 310
day18/0240.jpg 544 384 604 382 672 385 728 388 582 516 684 516 580 382 708 387
day17/0436.jpg 593 471 640 471 698 472 754 470 627 588 710 584 612 468 728 469
day33/0203.jpg 533 434 592 433 669 430 725 435 580 579 675 577 565 432 701 433
day16/0375.jpg 563 336 621 334 693 328 757 331 609 473 710 471 599 330 733 328
day31/0579.jpg 568 371 640 373 721 366 790 369 632 533 736 529 602 373 760 368
day33/0456.jpg 571 376 632 374 695 368 754 364 618 507 710 495 598 367 727 362
day22/0554.jpg 512 320 557 321 609 317 652 315 548 426 621 420 535 322 635 314
day06/0687.jpg 520 324 577 326 646 323 708 320 560 463 659 453 548 327 682 323
day34/0038.jpg 611 368 668 373 734 376 796 376 643 504 734 508 642 370 771 376
day19/0080.jpg 565 304 640 307 709 307 784 316 608 464 717 466 604 308 756 316
day16/0032.jpg 578 375 627 380 687 376 739 383 614 497 694 494 604 376 718 379
day30/0747.jpg 580 324 636 326 697 327 760 327 613 457 713 446 608 325 730 327
day03/0047.jpg 580 407 639 403 709 400 765 400 625 548 718 543 610 404 742 397
day24/0280.jpg 537 369 611 368 699 363 774 361 594 542 716 534 574 367 739 364
day16/0872.jpg 499 331 555 334 611 337 666 340 529 450 610 456 531 330 642 338
day05/0534.jpg 540 377 593 377 661 380 722 381 570 516 669 512 565 376 696 380
day13/0571.jpg 575 360 612 364 664 367 711 370 589 460 666 464 594 361 688 368
day35/0719.jpg 548 361 618 361 701 360 780 361 588 536 717 528 582 356 745 349
day24/0300.jpg 536 379 604 376 682 374 755 370 595 532 699 529 570 376 714 368
day10/0258.jpg 546 362 608 364 684 361 750 360 577 513 697 512 577 362 719 362
day25/0034.jpg 572 340 626 329 690 316 752 309 624 464 717 444 597 332 722 310
day01/0189.jpg 548 360 609 357 680 352 745 352 601 498 691 494 580 356 716 351
day19/1027.jpg 567 283 618 281 681 283 735 280 608 408 690 402 592 280 710 280
day15/0063.jpg 566 374 620 369 684 368 743 371 613 495 693 489 594 367 715 367
day04/0042.jpg 468 329 548 332 628 333 710 338 517 501 626 508 513 334 681 339
day36/0304.jpg 580 384 639 379 704 377 768 376 620 520 716 516 609 376 742 376
day33/0288.jpg 468 389 535 388 616 385 684 385 515 550 633 543 503 385 657 385
day27/0375.jpg 535 381 591 376 650 371 708 368 581 504 671 492 558 376 678 365
day31/0601.jpg 590 382 650 376 714 364 774 361 648 506 735 500 620 378 748 364
day26/0248.jpg 521 397 577 392 649 387 713 386 573 536 665 526 552 395 690 384
day20/0009.jpg 590 312 638 311 692 310 748 308 624 417 709 420 615 313 722 307
day26/0373.jpg 463 376 525 372 600 361 664 357 529 527 620 509 492 373 632 355
day06/0418.jpg 478 472 524 472 579 471 632 467 512 587 592 579 504 474 611 468
day03/0211.jpg 564 411 628 415 703 412 768 412 613 558 709 556 604 408 743 412
day30/0180.jpg 544 448 601 448 671 450 733 452 580 589 680 588 576 448 704 452
day10/0369.jpg 473 318 536 322 604 318 664 312 520 463 614 455 504 321 636 320
day06/0128.jpg 492 309 548 308 611 308 669 314 532 436 616 436 524 308 649 312
day36/0207.jpg 564 364 620 368 688 365 756 368 600 504 704 504 597 362 728 363
day22/0918.jpg 569 400 613 400 661 397 711 399 599 504 671 498 593 400 690 396
day11/0572.jpg 532 371 589 375 662 377 718 375 580 513 665 512 564 372 690 374
day24/0567.jpg 555 444 609 444 672 435 727 437 596 568 685 564 580 440 700 436
day27/0413.jpg 536 357 599 362 668 356 745 359 580 509 683 504 576 359 718 360
day07/0666.jpg 520 288 569 288 632 289 682 292 559 411 638 409 545 288 664 285
day19/0258.jpg 584 335 639 341 708 338 765 337 628 473 718 468 608 336 739 336
day18/0278.jpg 515 360 564 364 629 368 680 375 537 483 630 492 540 358 657 370
day15/0224.jpg 521 403 571 403 632 400 687 400 561 524 642 522 545 401 661 400
day05/0722.jpg 544 294 594 290 658 288 706 289 592 405 664 404 571 289 684 286
day14/0343.jpg 603 384 654 382 709 380 762 380 642 498 720 495 621 381 734 378
day27/0208.jpg 522 394 572 392 637 392 696 388 563 519 650 513 547 390 671 388
day06/0042.jpg 552 352 606 354 670 348 723 352 602 479 684 472 583 350 700 346
day10/0015.jpg 461 389 509 386 569 379 620 376 504 501 584 492 482 387 593 376
day10/0085.jpg 545 333 593 333 648 333 700 333 582 448 660 446 564 332 675 331
day28/0151.jpg 601 275 656 279 717 276 770 281 634 404 721 399 628 275 741 276
day09/0495.jpg 542 403 597 406 667 404 718 405 584 537 672 532 571 401 692 399
day22/0434.jpg 526 384 584 384 655 381 717 378 572 528 668 530 549 381 683 375
day18/0045.jpg 573 348 625 349 688 346 747 346 614 476 691 475 596 347 720 346
day14/0885.jpg 540 347 595 348 666 344 724 343 579 480 679 476 571 346 700 343
day35/0062.jpg 547 404 613 403 700 400 769 404 594 567 713 560 587 406 738 403
day23/0125.jpg 524 349 574 347 632 343 694 346 559 469 648 466 548 348 663 347
day09/0645.jpg 536 406 585 404 645 404 700 406 573 528 655 528 561 405 678 404
day30/0729.jpg 520 313 581 310 646 301 719 299 568 451 663 438 554 308 689 298
day27/0111.jpg 558 389 612 390 666 386 728 380 598 516 681 508 584 388 704 382
day16/0033.jpg 578 374 629 377 686 378 742 379 617 495 691 495 606 372 717 378
day19/0774.jpg 559 380 614 382 680 377 745 375 608 515 696 508 590 379 717 375
day13/0708.jpg 561 436 596 436 642 431 687 428 594 525 656 521 582 434 667 427
day34/0384.jpg 549 415 610 419 673 414 736 419 593 553 691 549 581 416 709 411
day27/0101.jpg 563 380 614 380 675 376 729 376 607 497 688 500 588 380 711 372
day08/0476.jpg 529 333 588 333 662 331 730 337 578 481 672 479 558 333 698 330
day09/0248.jpg 553 322 603 318 655 316 708 316 591 425 668 421 575 318 688 317
day06/0356.jpg 487 424 552 433 627 432 698 429 525 588 641 586 517 425 670 427
day30/0295.jpg 506 410 574 424 645 425 719 428 545 566 656 575 540 417 687 429
day35/0260.jpg 566 405 639 399 716 396 795 394 625 556 723 557 607 402 762 396
day16/0480.jpg 528 358 591 359 672 354 739 353 572 516 679 509 559 358 716 352
day18/0254.jpg 540 301 595 304 658 301 715 304 580 423 667 424 562 301 681 304
day36/0032.jpg 560 307 631 313 701 318 770 325 594 463 701 470 588 310 737 319
day12/0616.jpg 539 412 595 416 662 408 724 402 588 547 679 539 566 414 694 404
day17/0408.jpg 570 417 620 416 671 409 729 408 612 528 687 520 596 416 704 411
day18/0275.jpg 513 357 565 362 625 369 679 373 538 484 624 489 542 359 656 370
day13/0746.jpg 575 411 617 409 667 403 704 401 610 502 678 492 596 409 688 405
day22/0546.jpg 513 317 558 317 610 317 657 311 555 422 617 417 530 321 628 315
day03/0241.jpg 546 409 596 414 650 405 698 405 585 514 663 510 572 410 676 403
day30/0455.jpg 527 488 589 488 654 478 722 486 580 628 667 623 555 486 685 483
day12/0487.jpg 509 382 573 390 639 378 701 380 546 517 653 515 544 383 670 377
day05/0271.jpg 539 369 598 361 671 344 736 341 602 507 701 495 567 361 709 344
day02/0551.jpg 433 388 509 383 586 371 663 364 503 552 608 541 473 380 628 363
day14/0052.jpg 559 234 609 236 667 232 713 233 594 350 684 350 585 229 688 228
day29/0293.jpg 553 383 633 386 697 378 770 379 617 540 705 538 588 385 734 380
day31/0389.jpg 522 330 584 333 646 327 708 328 570 457 663 453 550 332 677 329
day25/0370.jpg 533 364 602 371 669 366 747 372 590 516 682 517 565 367 711 369
day21/0579.jpg 540 328 603 333 664 330 725 329 583 465 675 465 566 326 703 329
day30/0219.jpg 503 452 559 451 635 447 691 448 547 597 652 588 529 450 661 448
day26/0275.jpg 473 389 529 383 590 371 648 366 536 507 611 491 504 384 615 367
day35/0321.jpg 492 334 571 335 647 326 726 321 553 491 669 488 528 328 684 322
day35/0843.jpg 529 323 589 323 658 316 723 313 579 460 679 452 557 323 689 310
day10/0093.jpg 541 335 597 339 652 333 707 333 582 451 661 447 569 336 677 332
day34/0394.jpg 544 430 604 433 661 423 735 432 578 571 683 560 576 428 710 429
day32/0183.jpg 563 442 627 445 700 444 782 444 607 604 719 596 596 444 750 440
day31/0658.jpg 571 388 645 397 732 395 811 394 626 566 741 560 614 391 780 389
day06/0053.jpg 538 366 590 370 651 367 714 377 577 500 663 496 560 370 683 370
day26/0299.jpg 528 375 584 376 650 373 716 377 570 507 663 514 555 377 679 375
day25/0496.jpg 552 413 616 407 683 402 751 410 601 548 695 541 584 410 719 401
day17/0217.jpg 539 279 590 285 651 282 704 277 578 397 647 396 567 279 679 280
day23/0531.jpg 564 466 620 466 688 463 759 458 611 614 705 605 588 465 727 460
day17/0248.jpg 535 282 590 286 658 280 715 284 565 403 660 404 567 282 684 278
day21/0070.jpg 544 244 595 244 654 235 715 228 595 357 667 353 570 240 683 230
day11/0022.jpg 598 259 660 264 725 263 779 260 648 394 735 396 627 260 752 263
day05/0286.jpg 534 395 603 391 688 389 764 391 591 560 695 554 570 394 729 383
day35/0572.jpg 480 316 550 319 620 313 694 308 523 454 653 457 514 321 661 311
day16/0294.jpg 555 366 611 368 670 367 729 367 600 493 683 496 576 369 698 367
day24/0385.jpg 540 378 600 371 659 357 723 353 597 498 684 490 564 377 692 355
day30/0298.jpg 502 408 567 418 640 418 711 423 540 565 644 567 529 407 672 417
day11/0200.jpg 577 333 620 329 668 330 712 329 613 428 677 427 597 332 690 330
day21/0900.jpg 590 273 651 274 728 269 798 275 630 422 731 424 621 275 774 272
day25/0467.jpg 505 338 569 340 643 331 713 336 561 486 663 476 532 340 678 333
day17/0670.jpg 547 475 602 480 664 474 727 475 588 604 672 604 572 473 696 472
day19/0804.jpg 580 330 636 332 702 330 764 338 618 458 707 461 607 329 731 333
day04/0297.jpg 496 277 557 280 627 278 692 279 547 420 629 424 524 275 658 274
day16/0187.jpg 558 365 611 361 664 356 724 351 605 478 686 472 583 364 703 352
day36/0279.jpg 548 323 606 324 673 315 740 313 599 463 692 459 576 323 714 312
day31/0219.jpg 556 294 608 298 683 296 752 296 597 440 686 434 581 293 716 292
day24/0186.jpg 538 371 597 368 665 367 724 369 584 511 677 511 564 365 695 368
day10/0086.jpg 541 332 594 335 643 331 702 334 581 448 656 448 565 335 675 332
day03/0303.jpg 532 460 577 460 633 457 677 460 571 564 636 566 548 460 653 457
day18/0261.jpg 504 384 552 388 616 390 669 396 533 508 611 509 525 384 643 395
day16/0182.jpg 557 362 609 358 665 347 723 348 600 467 680 466 585 356 698 347
day22/0402.jpg 543 369 596 373 663 370 725 368 587 508 667 507 569 370 698 368
day14/0720.jpg 632 389 691 392 761 391 826 389 676 539 768 531 660 390 796 390
day07/0599.jpg 557 319 608 312 664 308 719 309 600 429 668 420 582 315 693 308
day32/0069.jpg 588 389 652 388 730 383 800 379 637 541 733 540 624 388 777 380
day13/0931.jpg 583 328 623 316 666 298 712 291 637 406 694 385 601 322 689 295
day11/0575.jpg 542 374 597 380 664 377 724 377 582 509 671 511 573 374 701 375
day07/0230.jpg 540 401 589 407 655 402 707 406 584 525 658 524 572 404 684 403
day23/0525.jpg 571 464 630 462 697 459 760 458 612 607 716 599 603 456 736 457
day25/0418.jpg 548 412 603 409 679 402 744 404 607 552 700 546 577 408 714 401
day33/0031.jpg 576 368 640 374 716 369 784 376 613 529 716 525 612 366 757 370
day20/0091.jpg 597 307 649 306 712 304 768 304 644 427 722 428 619 308 738 302
day24/0304.jpg 545 472 596 474 660 471 714 473 581 597 666 594 569 472 684 470
day30/0723.jpg 514 314 572 309 637 303 704 300 562 445 651 441 540 309 672 300
day21/0117.jpg 530 290 576 289 632 285 677 284 570 396 646 393 547 290 656 284
day29/0151.jpg 584 396 635 397 698 394 757 399 614 520 703 516 608 392 728 395
day26/0281.jpg 559 351 613 352 679 348 742 351 597 472 681 474 587 353 709 350
day12/0566.jpg 472 403 533 403 600 405 672 410 515 545 601 545 501 403 643 408
day36/0141.jpg 600 334 660 334 728 334 784 333 648 473 737 468 629 334 760 332
day12/0077.jpg 524 366 579 367 644 366 704 366 562 499 651 496 549 364 673 363
day22/0700.jpg 580 376 633 383 700 388 764 388 616 521 704 528 610 376 735 386
day38/0107.jpg 519 304 582 305 649 299 719 302 576 444 654 445 552 303 692 305
day16/0037.jpg 573 380 621 384 678 381 735 383 611 500 686 500 596 380 706 380
day14/0638.jpg 576 407 614 410 656 401 699 400 608 496 668 491 599 408 678 398
day13/0602.jpg 527 373 570 368 620 360 668 358 571 468 640 456 550 369 650 358
day34/0328.jpg 506 337 570 339 642 334 710 332 560 480 652 480 533 332 676 329
day22/0134.jpg 593 373 637 373 688 368 732 365 626 476 701 466 616 373 711 364
day30/0207.jpg 516 439 574 440 639 435 694 432 561 576 640 577 549 433 673 435
day24/0106.jpg 502 374 552 368 627 360 688 358 540 492 646 483 528 373 656 360
day06/0177.jpg 566 344 616 344 680 340 740 341 611 465 692 465 591 338 709 336
day16/0869.jpg 501 329 548 332 606 336 663 343 537 444 610 455 527 330 632 339
day16/1014.jpg 538 338 588 338 654 333 701 332 585 458 655 451 563 337 675 329
day06/0483.jpg 508 473 548 469 603 462 646 458 556 562 612 556 528 471 625 464
day31/0396.jpg 524 338 580 341 644 336 708 336 570 469 656 471 556 339 682 332
day14/0290.jpg 534 379 592 379 647 376 693 369 580 502 659 496 562 378 673 370
day16/0429.jpg 504 325 568 324 653 314 726 312 554 483 658 481 540 320 702 312
day06/0663.jpg 526 356 586 358 650 352 712 350 579 502 667 486 552 357 676 350
day04/0005.jpg 536 268 580 268 639 264 697 261 573 372 656 369 557 267 666 260
day21/0414.jpg 576 235 620 234 680 228 737 228 616 349 696 345 592 232 707 224
day16/1061.jpg 517 335 570 328 631 320 688 316 564 459 645 450 544 334 665 320
day04/0227.jpg 477 262 528 262 604 255 668 255 522 401 611 400 498 256 640 252
day22/0425.jpg 524 372 575 374 646 371 714 372 570 515 657 514 549 369 682 368
day13/0953.jpg 620 293 665 304 712 317 756 330 639 396 700 407 645 300 737 324
day08/0961.jpg 526 356 584 355 641 349 702 351 577 472 654 475 551 354 672 345
day06/0541.jpg 487 466 525 465 575 458 615 458 520 554 579 551 508 466 594 456
day14/0536.jpg 648 362 705 369 780 364 856 366 698 517 784 519 681 369 828 364
day36/0340.jpg 627 358 681 354 748 357 801 360 662 489 760 484 649 358 772 357
day39/0091.jpg 495 310 557 303 629 295 687 289 561 441 647 429 531 302 660 286
day28/0106.jpg 577 300 619 300 676 298 720 297 614 403 682 399 595 296 697 296
day06/0357.jpg 476 428 552 434 627 433 698 437 531 592 637 594 520 437 668 436
day31/0655.jpg 570 387 650 400 727 391 808 391 631 562 735 561 610 387 762 389
day31/0714.jpg 499 362 562 369 633 363 700 370 549 512 637 509 521 363 666 365
day29/0508.jpg 550 389 606 387 685 387 752 387 594 534 688 532 585 387 727 387
day26/0731.jpg 551 389 620 393 695 393 762 397 598 550 691 557 581 391 732 395
day22/0346.jpg 509 333 575 333 653 331 725 327 555 479 667 480 544 335 695 329
day35/0610.jpg 517 389 569 385 637 379 697 376 570 513 662 501 546 386 671 377
day15/0271.jpg 525 396 576 402 633 399 690 403 566 524 641 520 549 396 659 396
day12/0950.jpg 587 294 629 291 690 283 744 285 635 403 711 400 604 291 717 287
day32/0720.jpg 565 428 633 429 704 428 783 425 613 600 725 588 603 428 757 426
day29/0291.jpg 559 379 622 381 699 380 769 378 618 537 700 541 586 377 729 379
day23/0445.jpg 421 313 466 317 511 310 558 312 458 409 517 408 443 313 533 310
day07/0225.jpg 536 400 587 403 647 399 702 399 578 514 657 516 560 399 672 395
day12/1056.jpg 539 315 591 316 652 311 704 311 582 435 661 432 559 312 677 308
day09/0590.jpg 500 397 557 400 611 398 667 398 548 525 625 524 526 397 640 395
day10/0182.jpg 493 385 555 389 628 378 693 373 538 541 650 525 520 389 658 375
day24/0953.jpg 581 362 641 360 711 358 775 354 630 506 725 501 610 360 746 354
day01/0251.jpg 568 342 625 343 689 346 750 344 609 482 697 463 593 343 718 343
day11/0566.jpg 537 354 593 357 664 358 720 362 582 502 666 499 575 358 695 360
day22/0686.jpg 540 375 604 377 667 376 722 375 580 512 666 514 573 374 695 373
day16/0352.jpg 549 317 616 315 694 308 762 312 602 473 700 469 583 313 733 311
day03/0221.jpg 541 387 606 383 683 383 747 383 595 541 691 531 568 383 714 385
day21/0676.jpg 559 276 609 274 672 271 732 270 610 394 676 386 585 274 703 272
day14/0594.jpg 634 356 704 361 779 357 848 361 693 505 785 505 672 360 816 362
day32/0182.jpg 562 443 631 448 703 441 774 442 615 603 709 603 594 445 741 441
day09/0687.jpg 412 407 478 411 520 408 579 408 464 533 538 523 441 407 546 407
day02/0403.jpg 485 362 547 365 620 356 695 361 533 516 623 511 516 362 661 358
day13/0782.jpg 529 377 588 379 659 375 728 377 574 524 675 522 556 376 687 375
day32/0127.jpg 566 450 623 454 698 451 769 453 604 608 714 608 599 454 737 450
day17/0529.jpg 612 457 663 458 712 462 765 463 649 563 718 570 635 458 740 461
day09/0579.jpg 531 414 581 407 633 392 680 390 585 516 650 503 555 415 654 391
day08/0525.jpg 554 353 601 354 654 350 703 352 591 458 662 455 579 350 679 350
day30/0602.jpg 563 409 627 412 705 410 775 409 613 570 717 563 600 413 737 410
day32/0388.jpg 554 415 610 416 680 408 738 404 606 559 683 549 584 412 715 400
day17/0588.jpg 592 456 634 457 700 454 743 456 631 567 695 566 614 456 720 455
day30/0441.jpg 511 472 566 468 633 464 695 459 564 612 642 601 537 469 666 461
day29/0088.jpg 633 384 691 384 759 380 829 383 670 525 764 528 661 383 804 383
day13/0011.jpg 646 227 698 229 756 223 807 220 691 348 766 347 667 223 783 218
day19/0056.jpg 569 311 629 320 698 318 762 316 608 463 704 464 595 315 734 316
day30/0944.jpg 566 364 640 367 721 361 799 362 625 537 730 526 599 363 766 358
day14/0053.jpg 562 235 614 238 672 234 725 233 600 347 679 349 587 232 701 233
day22/1150.jpg 541 369 587 368 648 364 703 363 579 488 651 481 562 368 672 363
day28/0110.jpg 575 304 620 307 677 300 728 302 612 412 683 408 597 304 698 300
day31/0522.jpg 652 425 704 421 773 416 837 417 702 551 792 547 680 424 812 420
day05/0466.jpg 569 340 613 337 673 333 713 331 611 442 679 433 589 337 691 332
day30/0317.jpg 478 445 539 447 630 443 703 443 532 604 657 595 510 445 667 441
day09/0589.jpg 502 395 557 400 614 398 672 395 547 531 622 528 529 396 639 393
day30/0671.jpg 537 430 603 434 665 432 728 434 583 566 667 570 569 429 692 431
day06/0061.jpg 528 353 576 352 638 353 700 353 578 475 650 476 550 350 668 350
day24/1118.jpg 458 397 509 392 554 376 604 375 511 492 581 479 481 392 580 380
day01/0129.jpg 547 315 600 316 668 315 732 317 587 452 672 452 573 312 702 312
day22/0456.jpg 539 417 604 418 674 415 740 415 583 563 686 560 570 416 711 412
day35/0674.jpg 552 332 612 320 683 305 746 304 620 463 712 441 582 326 712 309
day24/0440.jpg 595 454 649 453 705 446 765 444 647 574 727 566 625 450 741 442
day10/0197.jpg 475 409 536 409 609 404 679 396 529 553 629 550 506 405 651 401
day32/0138.jpg 563 463 622 466 705 463 781 466 613 620 707 612 594 462 741 464
day17/0762.jpg 575 350 630 350 688 341 741 337 623 466 697 464 601 345 713 338
day10/0230.jpg 492 386 559 395 625 394 683 393 537 532 635 539 525 389 662 393
day17/0525.jpg 616 458 666 460 712 454 770 458 650 569 718 564 637 458 742 455
day11/0382.jpg 617 329 681 333 751 330 821 330 663 478 765 481 646 328 791 330
day13/0539.jpg 519 367 560 366 608 354 654 350 558 466 633 453 539 365 634 354
day07/0061.jpg 408 387 464 392 529 387 599 382 454 529 542 526 433 388 563 383
day14/1100.jpg 569 380 615 383 674 379 721 379 603 487 677 489 588 379 695 381
day23/0502.jpg 538 426 590 419 649 404 698 395 591 539 678 524 562 425 679 399
day22/0785.jpg 563 419 615 417 676 411 741 413 598 535 693 530 587 418 708 411
day26/0302.jpg 516 393 570 394 629 391 683 387 558 520 645 516 539 391 660 389
day17/0314.jpg 573 362 625 362 692 355 742 353 609 474 698 470 603 362 715 353
day32/0032.jpg 525 413 583 416 663 412 716 414 567 563 667 562 551 413 689 412
day02/0452.jpg 438 322 502 329 579 325 651 325 484 485 587 485 472 320 628 320
day39/0200.jpg 566 325 623 322 712 317 777 316 623 485 727 475 598 320 745 312
day12/0995.jpg 600 257 650 257 708 254 757 256 634 366 712 362 623 256 733 255
day29/0698.jpg 512 412 569 408 637 396 704 391 560 542 654 530 541 407 677 391
day24/0971.jpg 443 345 504 341 563 330 641 323 503 492 592 479 467 340 603 325
day25/0439.jpg 544 358 608 357 674 349 737 349 594 500 676 497 566 353 704 347
day10/0365.jpg 454 320 521 319 591 316 643 316 522 458 595 448 485 319 616 315
day35/0815.jpg 540 323 597 324 673 321 736 322 587 466 680 460 562 327 702 322
day35/0349.jpg 570 425 630 426 712 428 779 429 610 587 718 588 602 426 753 427
day24/0568.jpg 566 440 620 442 671 439 738 437 602 566 687 566 594 438 709 436
day18/0289.jpg 530 381 576 382 634 381 685 383 560 506 641 504 549 379 669 380
day10/0324.jpg 537 391 593 394 650 391 710 393 571 514 657 517 563 394 684 392
day33/0441.jpg 535 304 600 311 678 307 750 304 581 463 677 461 562 304 709 301
day09/0077.jpg 570 344 629 345 697 349 762 348 609 493 704 486 599 343 729 350
day32/0143.jpg 547 460 612 467 685 467 757 466 584 616 692 623 577 465 721 466
day22/1128.jpg 509 354 559 354 619 348 679 345 554 475 629 469 534 354 652 342
day02/0513.jpg 453 383 516 386 600 383 666 381 511 541 604 533 485 383 637 383
day31/0535.jpg 645 311 708 307 771 291 842 284 702 452 803 437 674 306 808 289
day07/0275.jpg 532 426 587 440 649 446 698 454 564 562 628 571 560 429 675 448
day10/0338.jpg 516 276 564 279 637 277 682 277 555 405 637 396 540 275 656 274
day22/0984.jpg 571 348 617 350 696 346 754 350 608 481 695 475 595 345 720 348
day22/1033.jpg 565 462 615 458 674 453 733 455 608 581 691 566 587 458 700 452
day25/0348.jpg 532 377 581 379 653 377 722 379 570 513 659 505 556 376 691 377
day10/0589.jpg 504 329 559 328 612 326 667 323 545 445 623 444 532 325 640 324
day18/0391.jpg 526 304 586 308 654 299 716 300 580 450 659 444 552 306 692 301
day15/0077.jpg 566 375 622 379 683 373 742 373 612 501 694 492 589 374 715 371
day17/0323.jpg 564 366 619 370 682 368 744 368 604 492 690 496 588 367 717 369
day35/0538.jpg 569 313 624 316 691 315 759 316 611 448 707 444 600 311 728 314
day37/0188.jpg 538 268 596 270 672 267 733 268 583 412 678 411 565 270 708 268
day22/1046.jpg 503 460 548 462 607 456 652 452 540 571 612 558 522 459 626 456
day31/0353.jpg 581 329 650 335 736 332 799 334 628 498 733 501 618 335 770 332
day29/0109.jpg 565 462 620 463 675 458 736 460 604 585 684 576 590 460 712 456
day28/0066.jpg 620 331 676 340 734 333 782 333 651 458 744 451 648 332 762 333
day34/0147.jpg 568 442 627 447 685 437 749 435 617 572 697 567 599 445 721 440
day21/0560.jpg 564 343 628 350 693 352 750 351 603 489 694 492 593 342 727 350
day16/0174.jpg 571 358 622 364 683 361 735 362 604 482 683 483 592 360 716 361
day11/0466.jpg 593 289 652 295 720 291 780 293 640 428 728 429 624 289 756 289
day21/0107.jpg 542 283 587 284 642 281 689 284 580 395 641 391 565 282 672 282
day24/0755.jpg 612 364 667 367 729 368 799 368 650 494 745 497 639 364 766 365
day35/0899.jpg 444 335 482 321 528 300 570 296 495 406 556 385 464 326 549 300
day23/0196.jpg 518 340 584 338 652 330 719 334 563 489 668 476 556 339 692 336
day15/0212.jpg 530 384 591 379 648 368 706 371 584 503 671 489 557 378 678 369
day02/0454.jpg 435 325 507 327 575 324 652 327 476 486 572 488 469 324 627 328
day26/0241.jpg 526 375 577 376 648 361 712 360 569 509 654 504 548 372 672 360
day20/0021.jpg 536 348 582 351 637 348 686 348 572 456 649 450 559 348 658 346
day15/0057.jpg 555 342 612 339 670 334 722 336 608 467 680 458 583 341 702 334
day17/0477.jpg 572 472 619 468 677 464 732 463 613 584 688 577 598 464 711 461
day03/0550.jpg 487 300 544 300 602 292 667 289 536 423 619 428 510 298 637 287
day14/0872.jpg 586 357 640 358 713 357 788 360 633 506 730 506 612 356 763 356
day28/0035.jpg 541 380 600 381 682 378 748 378 580 536 690 529 561 377 711 374
day17/0159.jpg 535 312 590 316 643 317 702 315 568 432 646 437 556 316 665 317
day23/0373.jpg 568 456 612 452 668 440 718 438 616 556 692 546 588 452 692 437
day32/0704.jpg 568 411 632 412 712 409 775 408 614 569 721 567 598 408 745 407
day12/0753.jpg 472 344 532 348 608 334 666 324 538 484 624 478 500 346 636 328
day26/0016.jpg 528 397 591 393 666 388 751 388 571 553 679 542 558 398 714 387
day24/1006.jpg 568 358 633 356 698 345 771 340 616 499 727 488 602 352 738 339
day30/0630.jpg 548 447 613 447 686 440 760 440 607 600 689 596 578 445 724 440
day29/0064.jpg 618 388 680 385 747 376 820 380 659 527 760 525 651 386 792 382
day22/0060.jpg 532 326 593 325 664 325 732 324 578 464 671 463 565 325 706 323
day13/0506.jpg 530 377 575 379 620 375 667 376 560 474 628 470 552 373 649 375
day16/1066.jpg 522 342 576 335 635 326 688 324 569 464 650 461 544 337 668 324
day06/0093.jpg 570 347 624 347 676 344 732 344 612 463 694 458 591 347 701 340
day06/0309.jpg 504 370 563 374 635 368 694 370 552 514 641 516 534 366 665 368
day35/0468.jpg 516 328 573 333 644 332 705 334 551 466 640 470 546 328 676 331
day24/0061.jpg 597 360 660 368 730 364 787 368 643 503 739 499 632 363 764 367
day06/0122.jpg 496 313 548 312 611 309 670 316 537 434 620 441 520 311 646 311
day31/0398.jpg 531 340 584 340 649 335 708 335 576 472 673 472 555 337 683 332
day35/0037.jpg 625 358 694 364 764 360 843 365 659 516 767 516 656 360 802 361
day32/0769.jpg 535 459 609 462 686 457 758 456 591 624 695 623 571 459 727 457
day30/0017.jpg 545 308 598 306 668 304 735 308 576 435 672 444 569 308 696 306
day24/0324.jpg 488 476 540 476 599 472 654 476 526 598 614 592 513 472 633 474
day17/0044.jpg 557 296 616 296 688 295 742 295 600 432 694 432 584 295 714 289
day39/0112.jpg 586 357 636 355 698 350 760 342 637 489 725 477 614 353 736 344
day30/0622.jpg 552 440 616 438 688 434 760 429 606 592 700 587 583 434 732 428
day35/0171.jpg 564 384 625 383 702 376 779 376 618 532 715 535 600 377 748 372
day01/0008.jpg 504 396 560 385 635 367 694 355 582 533 660 507 534 388 671 360
day36/0583.jpg 556 295 617 291 696 284 763 280 611 443 708 431 590 287 732 276
day06/0264.jpg 468 392 533 385 605 378 680 374 514 544 635 540 496 384 643 378
day09/0537.jpg 551 407 607 408 659 400 715 400 593 530 673 521 578 404 691 402
day24/0932.jpg 617 338 668 337 729 335 789 340 645 462 727 460 646 335 766 338
day17/0009.jpg 522 346 581 347 645 343 704 338 576 481 654 480 543 342 674 336
day11/0181.jpg 544 260 609 264 677 260 744 260 596 412 685 410 572 261 712 260
day13/0810.jpg 570 304 630 305 698 304 755 306 620 440 693 437 602 306 732 304
day30/0462.jpg 547 435 605 433 679 427 742 426 602 580 693 572 575 432 704 429
day03/0023.jpg 531 414 588 420 642 417 696 420 568 535 645 536 556 416 668 416
day38/0126.jpg 567 321 629 323 695 316 758 319 624 459 705 450 598 324 724 317
day24/0299.jpg 539 381 606 381 685 376 756 370 596 536 695 531 571 379 720 367
day35/0208.jpg 540 419 593 412 662 396 720 389 597 548 691 532 560 407 688 389
day16/0001.jpg 560 363 604 364 663 360 716 360 597 480 675 477 581 364 688 360
day22/0703.jpg 624 384 687 388 754 388 818 388 671 526 764 531 658 384 793 383
day26/0384.jpg 579 308 631 312 696 305 759 307 630 432 704 432 606 308 726 310
day23/0156.jpg 534 336 592 339 654 332 712 331 576 462 662 459 558 337 688 328
day02/0193.jpg 523 328 576 332 642 324 700 325 565 459 641 459 549 328 668 326
day30/0206.jpg 515 441 570 444 637 439 697 440 552 580 646 579 544 437 676 437
day09/0786.jpg 531 348 581 354 644 356 703 360 564 477 643 476 559 350 684 357
day06/0515.jpg 509 482 557 480 604 468 649 466 548 584 626 570 536 480 628 466
day03/0252.jpg 544 421 591 416 639 410 692 409 584 530 657 522 569 420 669 411
day35/0072.jpg 603 387 677 392 753 390 828 392 651 552 766 552 640 385 795 390
day03/0357.jpg 533 424 603 428 676 425 752 428 578 585 677 590 566 425 720 431
day29/0485.jpg 580 404 638 404 714 405 775 403 625 552 723 548 609 401 746 404
day16/1029.jpg 572 261 621 264 684 265 740 268 607 390 684 391 591 264 709 268
day22/0558.jpg 512 318 560 321 608 317 648 316 551 427 624 421 529 319 628 313
day28/0008.jpg 584 345 645 348 705 346 766 343 631 480 716 480 615 343 742 343
day11/0351.jpg 568 375 611 375 656 376 697 377 600 465 662 466 592 372 676 377
day22/0549.jpg 512 320 558 319 608 312 652 311 545 424 621 412 536 318 629 313
day20/0085.jpg 607 305 654 307 720 303 774 300 656 425 725 423 631 300 747 296
day09/0551.jpg 612 415 671 416 732 416 794 415 652 547 736 548 640 418 764 419
day38/0167.jpg 549 304 608 308 672 307 742 308 591 444 679 444 576 300 709 301
day05/0761.jpg 506 368 554 368 606 356 655 352 557 478 630 464 528 364 634 352
day24/1057.jpg 533 329 580 332 648 333 701 335 570 454 644 456 556 331 672 331
day14/0565.jpg 660 346 723 347 792 352 865 353 693 496 796 494 689 348 828 347
day11/0007.jpg 547 308 600 314 672 309 732 311 585 455 684 452 574 305 704 308
day16/0814.jpg 505 286 567 288 637 278 703 282 552 431 650 427 533 285 669 280
day19/0858.jpg 576 360 632 361 704 360 769 361 620 496 710 496 604 356 737 358
day02/0274.jpg 484 303 547 301 618 296 696 292 540 455 627 457 511 299 655 292
day04/0238.jpg 475 270 532 270 605 261 675 262 521 412 617 408 500 267 641 258
day13/0054.jpg 486 274 530 269 588 261 636 257 529 377 612 366 507 272 610 259
day22/0736.jpg 627 396 683 403 748 402 803 401 670 520 752 533 653 398 780 401
day14/0567.jpg 660 348 718 352 797 352 852 354 704 493 796 498 687 348 827 352
day16/0073.jpg 564 361 619 364 674 362 737 366 608 481 678 487 587 364 707 363
day01/0307.jpg 542 352 605 356 674 360 738 361 588 503 677 500 572 348 705 359
day12/0118.jpg 531 320 580 316 639 313 692 313 575 428 643 427 551 320 660 312
day28/0178.jpg 578 262 632 266 695 263 757 266 617 392 698 384 605 260 728 264
day31/0455.jpg 591 419 651 424 718 422 782 419 636 559 726 557 621 418 756 420
day35/0695.jpg 581 268 644 268 710 261 781 259 627 408 721 404 614 263 754 257
day34/0022.jpg 606 355 666 364 730 365 789 369 644 492 730 497 634 356 765 364
day16/0002.jpg 579 364 630 368 688 361 741 361 620 478 694 472 604 362 721 357
day36/0087.jpg 580 377 644 380 717 375 783 373 632 527 725 524 614 374 752 374
day26/0354.jpg 563 387 612 386 678 381 741 379 610 520 690 512 584 391 706 379
day14/0086.jpg 489 293 536 291 590 292 637 290 516 401 590 400 511 292 613 290
day08/0164.jpg 465 328 519 328 594 321 644 319 512 453 596 448 492 328 618 321
day19/0154.jpg 571 351 624 352 683 345 743 341 621 475 700 476 595 349 720 340
day03/0532.jpg 515 296 581 294 644 288 714 295 554 436 659 438 544 292 680 295
day14/0588.jpg 636 346 701 350 779 348 844 346 684 502 782 498 670 348 812 351
day30/0022.jpg 588 368 647 366 735 364 796 372 632 529 748 523 617 365 772 368
day11/0034.jpg 566 281 624 284 694 284 753 284 592 420 703 420 592 279 723 286
day37/0290.jpg 555 309 613 311 680 308 740 310 590 452 688 450 576 313 711 307
day06/0326.jpg 495 401 557 399 636 400 695 400 549 553 648 557 524 400 664 397
day02/0143.jpg 521 376 580 377 644 376 714 377 564 510 648 514 547 375 677 377
day35/0779.jpg 544 265 608 264 670 259 728 256 590 400 684 392 567 263 699 257
day16/0981.jpg 486 351 528 343 591 326 630 318 542 456 610 432 506 348 609 322
day06/0539.jpg 520 496 568 498 622 495 665 496 553 616 632 605 548 498 645 493
day31/0411.jpg 582 405 646 411 732 403 795 400 636 564 742 564 610 407 756 400
day24/0828.jpg 607 304 664 310 736 311 792 318 646 445 729 459 638 308 768 316
day19/0251.jpg 589 340 648 337 709 335 766 336 628 461 715 466 612 339 736 336
day05/0233.jpg 526 347 586 351 669 348 723 352 569 496 672 497 560 346 700 347
day32/0860.jpg 555 437 609 441 676 436 735 436 603 567 687 567 578 436 699 436
day10/0254.jpg 594 389 655 399 731 405 805 409 623 540 721 549 624 395 768 404
day12/0050.jpg 496 381 552 378 620 366 681 360 558 514 640 505 524 376 655 360
day24/0076.jpg 496 399 556 407 638 403 713 404 543 564 646 558 527 398 679 404
day24/1060.jpg 534 334 588 336 644 334 708 336 565 455 648 455 563 330 682 332
day38/0101.jpg 496 311 556 313 634 308 700 309 541 470 634 471 523 309 668 306
day03/0024.jpg 525 413 580 415 634 417 692 420 564 539 635 539 548 414 660 416
day02/0728.jpg 538 341 588 346 642 342 693 347 575 465 652 461 557 342 669 344
day12/0710.jpg 593 381 642 370 704 355 755 346 652 494 738 469 616 375 730 352
day09/0573.jpg 536 410 588 405 639 389 683 383 594 516 661 495 564 408 668 384
day29/0220.jpg 490 411 543 408 609 402 666 398 541 532 616 531 514 405 638 396
day23/0496.jpg 524 404 584 409 652 404 712 411 569 552 658 550 555 410 694 408
day29/0483.jpg 583 403 649 404 714 401 784 403 633 552 723 551 616 401 760 400
day07/0083.jpg 464 372 518 380 584 380 646 380 491 516 592 516 489 378 616 384
day07/0480.jpg 522 396 572 404 624 404 680 407 553 516 626 516 548 399 661 406
day13/0712.jpg 558 436 599 437 641 428 688 431 592 530 657 520 578 438 668 432
day12/0296.jpg 590 383 636 384 689 378 737 376 631 485 694 482 612 382 708 380
day35/0624.jpg 487 376 547 371 604 358 661 357 545 490 632 471 512 372 628 355
day05/0220.jpg 562 376 620 371 700 368 760 369 606 528 708 520 593 376 737 368
day16/0761.jpg 562 332 613 335 680 336 739 335 602 470 681 472 587 331 719 332
day24/0163.jpg 506 379 557 380 616 370 678 370 551 497 623 495 527 376 647 365
day12/0609.jpg 544 413 603 411 662 400 721 406 590 539 673 535 566 413 689 406
day12/0503.jpg 582 351 627 350 690 345 740 339 621 468 700 467 604 348 718 343
day30/0779.jpg 585 358 635 362 695 363 746 364 623 478 708 476 609 364 718 365
day21/0689.jpg 564 284 627 287 692 286 763 290 608 433 691 424 587 283 725 279
day24/1069.jpg 516 316 575 316 645 310 712 315 564 457 650 455 542 317 682 315
day22/1034.jpg 567 455 616 458 676 454 721 454 612 574 687 570 587 454 697 451
day12/0153.jpg 531 331 579 336 643 328 693 329 568 454 645 452 553 333 670 328
day04/0052.jpg 461 283 532 282 612 283 687 283 517 441 608 443 497 283 656 281
day15/0124.jpg 600 442 661 443 729 441 784 440 648 578 752 571 627 441 758 438
day07/0195.jpg 549 421 593 426 660 424 718 424 587 555 663 556 574 424 688 424
day32/0883.jpg 576 361 638 366 719 362 789 367 625 527 725 524 609 363 753 362
day07/0537.jpg 603 313 662 320 718 316 776 318 648 446 733 449 629 315 755 319
day13/0008.jpg 646 229 693 228 758 218 816 222 694 339 766 345 670 222 791 216
day38/0065.jpg 569 311 621 312 693 310 745 308 618 450 692 445 596 310 725 309
day16/1002.jpg 554 321 608 320 663 316 716 317 595 440 685 433 581 321 693 316
day29/0127.jpg 563 402 613 403 685 399 740 399 602 534 697 530 588 400 713 400
day26/0366.jpg 467 363 523 361 605 346 658 338 533 506 621 500 491 360 632 339
day13/0877.jpg 546 341 602 342 670 334 732 329 595 473 676 467 571 340 708 328
day22/0792.jpg 563 429 612 428 679 419 741 420 596 553 695 544 586 426 712 420
day08/0053.jpg 570 308 627 310 691 304 746 306 616 436 699 435 605 308 720 304
day35/0185.jpg 570 395 627 395 694 391 750 394 612 529 710 525 595 393 730 392
day24/1186.jpg 528 284 581 285 648 279 714 282 575 412 669 406 554 281 672 275
day08/0705.jpg 576 304 628 306 689 307 746 308 617 433 695 429 603 304 723 307
day07/0152.jpg 469 410 512 412 567 404 613 402 508 516 578 508 491 408 590 399
day03/0514.jpg 469 331 536 327 620 319 691 313 535 491 626 477 498 329 650 315
day31/0528.jpg 663 436 725 437 790 432 856 431 708 572 808 569 701 434 830 433
day16/0815.jpg 505 286 562 281 636 277 699 279 553 433 640 435 530 283 665 270
day30/0348.jpg 491 412 561 408 647 403 725 401 540 565 689 551 521 408 691 400
day07/0157.jpg 464 414 508 416 561 405 611 407 503 521 565 514 488 416 588 405
day35/0478.jpg 508 338 561 335 629 334 695 340 542 483 633 477 535 334 665 341
day36/0537.jpg 550 292 608 291 677 277 742 273 609 432 700 415 578 291 717 273
day13/0839.jpg 535 294 585 296 650 290 698 288 583 414 658 416 562 294 677 286
day06/0114.jpg 543 399 583 404 645 412 691 420 564 512 648 520 563 402 665 415
day22/0907.jpg 570 393 617 398 666 393 717 399 605 499 674 495 587 397 691 395
day24/1159.jpg 593 441 642 438 702 425 755 423 657 545 723 532 618 441 727 421
day16/1080.jpg 474 337 520 326 584 309 634 298 529 447 610 422 495 330 612 301
day34/0195.jpg 550 379 617 380 687 375 752 373 595 525 688 521 579 375 725 378
day36/0174.jpg 525 360 585 359 662 349 727 347 582 508 675 504 550 356 689 343
day26/0732.jpg 545 393 612 395 691 395 763 400 591 554 687 550 573 393 728 394
day13/0591.jpg 570 391 612 391 657 387 700 387 600 481 662 481 591 390 684 383
day32/0040.jpg 528 417 587 419 657 413 723 417 570 562 668 558 555 417 697 415
day26/0198.jpg 504 379 560 380 625 375 695 377 549 521 636 515 535 381 658 380
day22/0151.jpg 557 307 628 309 693 300 765 296 615 460 704 452 595 306 737 294
day38/0073.jpg 565 320 619 323 686 316 752 318 612 458 686 459 594 316 724 318
day36/0093.jpg 583 383 642 383 720 377 787 375 641 532 741 533 610 378 746 373
day35/0281.jpg 600 414 651 420 708 417 782 420 637 546 722 555 623 416 737 418
day36/0194.jpg 595 378 649 382 719 382 780 387 633 516 719 519 619 378 752 382
day31/0572.jpg 569 361 635 367 720 365 784 361 628 528 739 524 602 362 761 358
day29/0743.jpg 519 456 572 454 633 447 687 447 575 571 654 566 541 452 664 445
day06/0301.jpg 498 360 557 363 631 358 688 358 542 506 632 506 532 358 661 357
day04/0039.jpg 570 238 624 255 688 269 751 289 587 380 667 399 603 246 725 278
day12/0087.jpg 485 338 541 333 597 320 653 320 544 457 633 446 507 337 622 319
day25/0015.jpg 616 343 670 345 742 353 794 356 656 480 733 482 638 345 767 354
day08/0382.jpg 528 305 591 311 670 305 735 305 574 459 672 453 563 308 708 304
day07/0211.jpg 504 415 555 416 619 408 673 405 544 532 635 532 533 416 645 408
day24/0575.jpg 565 453 616 452 678 449 736 449 608 579 687 583 591 452 704 446
day21/0796.jpg 564 287 616 291 688 291 743 289 604 424 687 422 590 287 715 288
day12/0160.jpg 525 341 577 344 635 338 685 337 569 466 652 458 548 339 663 337
day09/0133.jpg 573 375 621 377 671 373 721 371 618 483 687 483 600 375 697 371
day15/0041.jpg 566 329 616 328 675 324 741 325 617 454 693 444 591 325 710 320
day06/0564.jpg 581 427 633 429 696 420 752 417 629 552 710 546 604 427 720 416
day19/0613.jpg 585 328 634 326 693 321 745 318 629 441 704 441 603 324 712 316
day31/0135.jpg 577 338 626 341 673 336 723 337 606 440 674 441 601 337 695 335
day24/0966.jpg 575 291 636 296 713 287 788 287 625 444 715 437 610 290 756 283
day05/0322.jpg 562 364 625 366 705 364 773 361 619 529 726 531 584 363 736 359
day26/0496.jpg 560 320 625 320 693 320 768 322 610 466 704 470 593 318 728 317
day32/0407.jpg 528 433 585 432 654 428 709 422 586 566 667 564 554 426 682 421
day14/0790.jpg 628 374 679 374 747 367 810 362 681 504 764 499 654 372 773 363
day08/0474.jpg 525 330 586 334 661 330 733 332 582 475 678 481 558 329 700 330
day07/0528.jpg 591 315 650 314 713 313 778 312 638 446 725 444 620 312 740 308
day19/0052.jpg 566 309 624 314 695 312 767 312 613 453 707 456 600 312 731 310
day28/0005.jpg 585 345 641 346 700 341 762 344 625 475 708 470 608 345 731 344
day12/0366.jpg 545 391 590 391 648 376 703 375 599 504 673 491 568 393 677 374
day02/0367.jpg 483 304 553 295 633 283 706 277 550 447 651 437 515 301 666 283
day16/1032.jpg 570 265 626 270 691 270 746 278 611 391 687 391 597 263 721 271
day22/0598.jpg 512 270 572 275 637 274 698 275 553 408 643 411 542 271 675 273
day08/0341.jpg 527 326 579 323 634 309 690 305 583 433 653 421 550 323 659 308
day18/0349.jpg 592 289 648 296 718 293 775 295 638 428 729 434 617 292 752 293
day16/0641.jpg 625 276 679 279 746 279 806 280 662 412 752 413 651 276 777 279
day03/0387.jpg 583 425 626 420 684 410 728 408 633 529 705 518 603 421 705 411
day24/0838.jpg 607 291 668 303 736 310 795 316 636 436 721 445 635 294 762 310
day14/0346.jpg 599 388 654 387 708 387 761 385 645 504 715 506 625 387 737 385
day27/0283.jpg 558 362 616 365 689 368 748 367 610 513 693 501 586 363 720 366
day20/0127.jpg 526 300 587 290 654 271 704 266 587 428 679 402 555 295 681 267
day28/0153.jpg 604 279 652 283 712 279 773 284 644 404 717 404 627 282 754 282
day24/1127.jpg 566 407 614 401 674 391 724 383 620 520 699 504 586 404 693 387
day36/0474.jpg 549 287 614 294 687 286 758 287 602 445 687 438 587 286 729 284
day26/0120.jpg 530 386 597 392 679 388 754 394 569 551 676 560 566 388 719 389
day02/0168.jpg 579 350 640 358 700 358 766 362 621 491 706 486 604 352 736 358
day24/0792.jpg 554 467 600 466 657 458 699 455 603 576 675 566 576 467 680 455
day27/0078.jpg 438 406 497 411 573 410 654 406 480 570 595 568 468 406 621 405
day08/0051.jpg 573 304 629 304 695 301 751 303 618 432 702 430 603 301 725 299
day01/0183.jpg 612 346 675 353 736 355 795 357 654 486 734 488 640 349 762 355
day36/0012.jpg 522 329 583 329 653 325 721 328 557 476 668 475 552 332 696 330
day23/0247.jpg 526 324 591 325 674 322 748 328 562 488 689 486 561 325 720 324
day23/0044.jpg 569 431 616 429 666 426 717 428 608 544 680 534 587 430 694 427
day31/0467.jpg 604 404 676 409 746 406 812 407 646 558 757 567 643 401 789 406
day22/0678.jpg 566 345 619 343 675 339 727 333 614 458 686 457 591 340 696 337
day16/0448.jpg 543 380 602 382 675 378 741 378 594 525 679 519 573 377 706 375
day06/0123.jpg 497 307 551 312 616 310 668 313 537 434 616 436 523 311 646 310
day29/0091.jpg 623 379 690 380 761 378 837 379 666 523 775 527 657 379 804 377
day23/0270.jpg 542 308 593 308 672 305 734 308 592 454 684 451 571 307 706 306
day10/0653.jpg 578 292 630 295 687 295 745 300 613 415 701 419 604 292 713 294
day37/0001.jpg 594 287 658 279 730 264 806 261 662 429 759 413 623 285 773 262
day19/0451.jpg 575 320 633 320 718 316 781 318 619 463 725 459 609 320 746 316
day12/0879.jpg 513 386 577 390 633 383 699 385 556 525 642 516 540 387 662 384
day16/0612.jpg 583 254 636 259 705 258 766 259 621 401 705 399 611 254 745 259
day02/0241.jpg 525 280 581 282 646 283 714 287 566 407 648 416 556 281 685 284
day22/0156.jpg 561 316 625 310 691 302 770 297 614 462 715 452 595 312 735 295
day18/0390.jpg 524 298 587 304 654 295 729 300 575 448 678 445 557 301 698 296
day31/0724.jpg 520 356 579 358 662 348 724 346 571 506 670 499 545 357 694 346
day22/0469.jpg 560 308 607 313 659 307 711 308 591 423 675 412 585 311 691 308
day32/0512.jpg 546 395 616 398 700 394 771 394 604 565 716 565 583 398 743 395
day17/0675.jpg 546 479 604 479 667 478 725 478 593 608 677 611 579 474 701 475
day30/0245.jpg 551 412 610 412 682 408 743 412 594 554 690 550 583 413 712 408
day30/0755.jpg 583 324 637 329 696 327 758 326 623 451 707 452 609 321 734 321
day25/0041.jpg 523 282 583 273 654 256 724 250 589 424 689 400 558 274 694 251
day03/0314.jpg 526 463 577 466 627 462 676 463 566 573 630 571 552 465 654 462
day08/0558.jpg 570 312 615 304 670 287 725 275 629 412 702 402 590 306 693 279
day23/0407.jpg 585 393 629 391 684 375 733 367 641 491 705 471 608 387 711 370
day13/0238.jpg 562 267 614 268 683 269 741 268 592 405 683 399 589 266 716 268
day21/0549.jpg 570 341 628 345 700 345 759 347 609 482 703 481 592 345 729 349
day02/0144.jpg 537 359 600 363 665 358 734 362 589 493 674 500 572 356 698 358
day04/0193.jpg 482 288 543 288 615 280 680 279 533 434 633 430 505 285 651 274
day13/0200.jpg 563 300 630 304 704 302 767 302 608 436 710 439 598 300 740 300
day02/0049.jpg 569 383 626 382 687 376 741 376 625 502 695 497 596 379 716 373
day06/0195.jpg 492 383 554 379 618 375 692 376 545 523 631 517 516 382 653 371
day13/1017.jpg 478 337 528 338 584 335 637 337 522 448 586 452 504 334 617 334
day24/0091.jpg 487 382 550 381 629 379 697 380 541 528 642 527 518 381 665 372
day14/0250.jpg 575 376 624 373 674 369 718 366 625 478 690 471 594 375 700 365
day18/0152.jpg 602 386 654 386 720 384 781 387 642 503 748 497 627 386 745 382
day22/0088.jpg 473 261 532 263 613 260 675 260 525 416 615 410 507 259 647 258
day22/0200.jpg 553 331 592 335 650 329 699 328 579 438 661 436 575 330 673 325
day17/0791.jpg 541 477 596 482 654 475 715 474 594 598 666 598 567 478 683 473
day24/1073.jpg 515 320 579 320 643 314 707 313 559 457 645 455 544 323 679 315
day32/0772.jpg 535 462 602 463 680 461 765 458 593 624 704 628 571 464 730 458
day23/0024.jpg 537 393 599 395 677 395 735 395 576 545 671 544 556 390 695 391
day29/0663.jpg 632 426 682 430 756 433 815 444 662 559 743 563 658 428 789 441
day12/1068.jpg 540 308 591 306 646 304 704 307 573 417 657 416 564 303 676 302
day07/0137.jpg 475 408 516 406 571 400 620 395 517 516 587 507 498 406 595 398
day08/0372.jpg 548 294 608 297 677 294 735 295 589 433 675 437 580 293 704 294
day09/0513.jpg 512 404 558 399 619 392 670 392 561 516 636 504 533 404 644 391
day05/0469.jpg 566 350 611 345 665 341 713 338 603 453 679 445 588 345 693 338
day03/0278.jpg 551 426 612 429 681 425 746 425 597 570 687 555 582 425 720 425
day04/0095.jpg 565 300 623 300 702 301 761 302 614 448 707 450 593 299 727 301
day13/0270.jpg 483 318 545 325 616 325 677 328 519 466 622 459 511 317 638 322
day30/0834.jpg 554 348 592 345 647 334 691 329 605 445 672 427 574 350 670 332
day13/0457.jpg 466 403 525 405 592 391 658 387 516 539 615 533 491 404 634 389
day17/0609.jpg 595 314 649 313 716 310 770 310 643 440 727 437 619 312 748 308
day16/0324.jpg 556 333 618 335 695 329 758 329 609 481 711 479 589 335 725 325
day26/0664.jpg 549 420 617 425 699 425 761 426 596 572 698 582 579 423 732 431
day14/1141.jpg 577 358 623 355 683 355 731 359 613 467 693 467 604 356 707 357
day16/0403.jpg 557 384 602 394 661 400 706 410 580 495 650 508 583 388 682 404
day13/0498.jpg 516 425 560 425 599 420 645 421 545 516 609 508 540 425 627 419
day31/0458.jpg 595 416 650 420 718 418 786 416 636 560 737 558 626 414 761 414
day24/0133.jpg 499 374 566 374 645 363 727 363 552 536 672 529 523 374 683 362
day24/0213.jpg 512 394 574 397 640 390 695 389 554 536 655 531 538 394 671 387
day33/0252.jpg 526 437 591 440 649 433 716 436 570 580 668 572 554 438 691 433
day05/0752.jpg 493 363 547 359 606 357 662 358 541 486 624 480 516 362 631 357
day05/0418.jpg 528 371 593 366 663 348 733 346 590 512 695 493 557 370 695 346
day05/0444.jpg 508 354 581 359 653 354 713 352 555 509 665 507 544 354 687 350
day22/0740.jpg 630 383 692 387 751 389 812 390 664 519 764 518 663 380 789 387
day32/0412.jpg 528 437 579 437 649 433 713 430 569 565 668 573 555 435 679 430
day18/0295.jpg 532 385 583 387 645 387 699 386 558 502 648 508 556 384 666 383
day32/0229.jpg 546 459 608 463 702 459 764 453 603 636 710 626 575 463 733 454
day17/0700.jpg 567 466 622 466 687 461 745 458 611 585 708 593 599 462 717 454
day04/0197.jpg 487 287 545 288 620 281 689 281 541 430 626 430 516 287 652 279
day32/0690.jpg 534 516 587 512 640 504 694 500 581 629 654 624 562 513 668 504
day29/0183.jpg 541 411 592 414 661 411 731 414 582 554 678 554 570 416 698 407
day30/0136.jpg 527 432 578 429 634 412 684 408 589 535 659 523 554 432 656 408
day10/0226.jpg 486 381 550 384 615 385 687 385 533 524 624 530 517 383 660 387
day14/0340.jpg 608 370 657 370 714 366 766 362 654 482 728 483 631 366 740 363
day24/0700.jpg 552 421 596 417 640 409 682 405 595 514 666 502 571 420 664 406
day32/0020.jpg 515 421 572 422 640 419 699 418 563 564 658 558 540 416 670 415
day26/0489.jpg 564 320 626 320 695 317 767 312 617 466 710 463 599 316 739 312
day35/0287.jpg 631 421 688 425 748 429 818 429 671 555 760 560 661 422 784 426
day19/0924.jpg 567 366 614 363 661 358 707 354 610 463 678 454 589 365 679 354
day38/0156.jpg 529 315 587 315 658 310 712 310 571 454 671 453 550 312 686 308
day35/0485.jpg 537 466 592 464 636 456 694 456 583 571 658 565 566 466 671 459
day19/0411.jpg 538 286 595 288 662 291 716 298 576 424 676 427 563 285 686 292
day30/0291.jpg 567 404 637 413 714 416 776 425 593 554 707 571 606 408 745 420
