day21/0130.jpg 579 315 652 311 760 302 832 313 643 488 782 480 619 308 801 308
day41/0374.jpg 554 344 620 334 719 328 789 337 622 499 740 491 593 338 760 331
day41/0461.jpg 550 328 612 316 712 307 783 314 608 475 736 462 576 319 746 308
day42/0084.jpg 532 213 613 216 728 230 805 250 572 408 731 420 562 208 759 237
day44/0718.jpg 539 296 622 294 744 300 823 309 605 495 754 497 582 287 785 298
day27/0146.jpg 540 277 612 268 732 261 804 272 604 456 752 446 576 272 770 268
day28/0494.jpg 509 375 572 364 680 354 750 356 578 527 700 516 548 368 724 356
day29/0406.jpg 454 252 534 243 649 238 732 240 531 441 675 421 495 241 690 229
day44/0481.jpg 511 348 579 347 680 344 748 346 572 509 692 508 553 344 719 340
day06/0006.jpg 470 321 571 318 699 324 788 336 558 542 723 536 523 312 747 320
day35/0264.jpg 484 242 560 236 668 228 740 233 551 411 687 404 526 238 708 232
day26/0129.jpg 507 275 587 273 715 275 797 286 575 477 725 468 562 273 765 279
day35/1053.jpg 523 228 596 220 709 212 782 214 595 399 731 386 553 218 743 208
day36/0023.jpg 498 301 576 291 689 287 770 290 571 479 711 471 545 293 740 289
day41/0515.jpg 571 304 638 295 743 289 816 294 637 460 766 453 612 291 790 285
day13/0185.jpg 500 254 572 242 673 239 745 243 561 413 690 400 537 249 714 241
day43/0375.jpg 484 274 570 278 704 291 784 308 548 499 679 508 539 277 762 304
day50/0380.jpg 515 230 592 237 708 238 783 247 575 420 730 421 549 231 746 240
day49/0919.jpg 520 183 591 181 708 178 789 183 592 368 733 360 565 179 758 180
day43/0234.jpg 496 283 572 273 687 260 769 262 562 454 721 447 525 275 716 259
day41/0731.jpg 503 239 581 229 691 218 767 224 579 412 712 395 537 236 730 220
day10/0243.jpg 487 211 566 201 678 200 756 212 547 376 695 375 535 200 727 200
day17/0096.jpg 577 247 641 240 743 236 812 247 641 396 754 399 602 240 775 237
day44/0129.jpg 497 312 572 307 694 298 770 299 575 497 723 481 542 305 736 300
day21/0051.jpg 484 283 562 275 667 266 750 270 565 448 687 434 521 275 705 262
day46/0429.jpg 487 212 555 200 666 195 743 200 564 381 687 366 521 201 702 193
day10/0079.jpg 516 323 570 321 656 314 712 318 562 459 672 450 544 320 687 314
day36/0486.jpg 527 277 605 267 720 262 801 269 597 456 738 448 556 272 752 266
day49/0228.jpg 511 222 588 224 701 227 777 226 580 413 711 410 545 217 736 219
day37/0299.jpg 567 304 645 301 764 310 840 325 633 482 774 496 598 301 791 309
day43/0265.jpg 533 245 616 245 727 245 795 254 618 425 740 425 579 243 770 250
day22/0209.jpg 566 217 631 213 748 216 817 222 621 392 755 387 606 213 792 216
day40/0096.jpg 526 312 595 304 709 300 780 301 590 481 722 475 561 302 744 296
day27/0148.jpg 537 267 613 265 727 261 807 265 600 463 750 446 566 261 760 254
day39/0140.jpg 515 287 587 283 696 272 780 270 591 463 732 455 559 277 750 264
day40/0566.jpg 481 325 559 316 683 311 770 327 554 508 694 507 512 319 721 318
day13/0307.jpg 515 257 590 254 701 259 772 271 570 435 708 436 548 257 731 262
day21/0098.jpg 487 253 561 245 673 225 737 220 564 420 711 400 519 247 699 220
day49/0867.jpg 503 270 574 267 695 270 779 283 565 458 708 456 548 265 747 273
day49/0854.jpg 515 321 586 310 696 300 776 304 584 491 728 478 543 315 731 302
day41/0444.jpg 528 358 595 352 692 341 756 343 595 507 709 496 569 353 733 343
day23/0009.jpg 536 233 595 227 694 216 758 218 602 379 716 375 569 227 729 216
day13/0013.jpg 530 246 597 239 702 236 774 245 591 406 716 398 575 237 750 234
day40/0400.jpg 517 302 594 292 706 291 781 302 585 470 721 468 550 300 745 299
day44/0605.jpg 524 254 593 251 706 248 783 253 592 429 719 435 560 251 738 246
day24/0274.jpg 481 301 560 298 684 295 766 300 550 505 699 498 533 296 741 295
day12/0651.jpg 522 207 598 201 710 199 780 199 590 376 718 373 564 198 750 197
day44/0332.jpg 441 279 527 276 636 268 708 267 525 460 663 446 495 274 681 266
day35/0270.jpg 484 241 560 230 662 226 737 230 550 401 682 395 519 230 700 226
day50/0253.jpg 495 275 568 268 673 257 744 260 564 432 691 427 539 265 719 257
day33/0212.jpg 524 313 590 311 694 304 760 310 589 473 708 465 553 309 729 303
day17/0017.jpg 571 240 633 237 745 236 813 241 633 403 763 400 595 233 774 236
day26/0066.jpg 533 308 615 309 735 310 816 320 593 501 744 497 573 300 775 310
day16/0121.jpg 608 202 660 195 752 195 804 194 662 343 765 332 634 195 779 191
day12/0750.jpg 508 225 578 220 686 218 750 225 587 395 709 389 551 216 726 216
day20/0132.jpg 483 241 554 225 661 204 733 215 554 389 687 362 524 225 700 207
day47/0587.jpg 522 329 587 323 688 314 754 313 591 483 712 470 549 320 720 310
day13/0367.jpg 507 283 582 274 690 265 762 268 577 447 710 436 553 274 736 266
day28/0004.jpg 539 318 603 316 708 308 773 320 595 474 721 465 573 312 741 308
day29/0501.jpg 508 310 580 303 695 299 769 305 575 489 707 483 550 302 745 298
day44/0358.jpg 545 352 623 341 735 329 808 323 643 532 772 514 589 342 779 323
day51/1195.jpg 548 226 616 229 711 230 775 237 608 379 720 387 583 220 745 231
day43/0053.jpg 554 226 635 228 746 225 822 232 626 404 770 408 605 223 795 225
day29/0309.jpg 558 310 634 305 734 309 812 316 617 479 744 477 592 303 767 306
day35/1028.jpg 488 304 550 292 668 282 735 289 562 468 700 453 527 297 707 281
day28/0423.jpg 521 272 591 264 703 257 775 259 602 437 726 423 569 263 747 250
day40/0404.jpg 500 313 582 304 705 292 787 299 582 504 733 491 542 308 749 296
day40/0591.jpg 481 341 557 333 679 316 761 315 576 523 723 503 517 334 713 312
day51/1143.jpg 545 239 613 237 721 236 788 239 622 408 733 405 589 237 765 236
day11/0169.jpg 488 284 562 275 669 264 746 274 550 450 679 442 516 278 698 264
day24/0370.jpg 521 240 595 235 705 227 780 236 587 402 718 395 553 237 731 233
day33/0177.jpg 535 311 598 298 704 286 787 287 615 468 730 454 559 300 744 284
day50/0127.jpg 503 287 575 288 691 294 763 305 566 466 697 465 537 287 727 295
day12/0720.jpg 560 329 627 324 729 318 797 320 623 482 745 478 596 326 766 316
day38/0485.jpg 548 346 629 346 737 349 814 359 607 525 742 528 590 340 779 349
day50/0812.jpg 563 279 642 279 763 275 842 276 645 474 788 468 613 272 810 271
day03/0167.jpg 579 356 649 347 758 345 831 352 650 522 776 523 607 347 788 345
day43/0135.jpg 595 287 670 288 781 294 858 301 658 470 795 478 641 287 833 300
day24/0144.jpg 497 254 568 246 670 238 741 238 566 412 702 398 528 248 702 236
day48/0378.jpg 504 275 573 267 680 256 757 258 563 444 697 429 546 266 725 256
day23/0051.jpg 585 208 650 201 744 197 808 199 643 349 762 340 608 201 771 192
day39/0275.jpg 501 262 572 262 687 255 765 262 573 437 702 441 541 255 725 250
day12/0241.jpg 533 282 604 280 709 276 775 283 612 445 728 440 570 281 743 279
day24/0083.jpg 523 284 598 279 707 280 779 288 588 452 728 445 563 282 745 283
day29/0571.jpg 492 239 571 241 686 236 754 246 572 413 701 416 536 236 724 237
day51/0394.jpg 500 241 563 229 660 216 729 221 575 379 683 365 534 234 700 220
day06/0112.jpg 456 305 539 304 673 292 754 290 549 512 692 498 498 297 709 285
day40/0219.jpg 521 334 589 329 687 327 754 335 583 489 706 479 549 328 715 327
day50/0245.jpg 500 269 570 264 677 254 746 259 575 429 698 424 528 267 704 254
day44/0340.jpg 478 370 551 354 663 338 741 331 564 541 700 516 504 358 691 332
day38/0174.jpg 550 396 611 383 703 374 767 377 608 535 723 519 570 387 731 372
day03/0175.jpg 531 370 603 355 708 342 781 345 609 525 738 512 571 361 755 345
day18/0007.jpg 549 278 614 266 725 258 793 262 622 434 747 427 588 271 768 259
day46/0150.jpg 527 284 591 275 683 262 757 261 596 434 704 427 556 281 715 258
day47/0786.jpg 469 270 545 256 661 248 730 252 558 439 696 429 507 263 701 250
day44/0833.jpg 550 297 622 300 741 310 811 325 600 479 737 496 583 292 777 316
day05/0064.jpg 551 266 626 260 740 263 820 270 625 437 754 438 591 258 784 261
day37/0036.jpg 529 316 604 314 715 316 785 322 593 491 726 489 566 308 753 315
day51/0836.jpg 461 245 537 235 654 229 721 226 543 415 679 404 508 235 698 222
day23/0100.jpg 542 423 601 420 681 418 739 425 595 553 691 555 570 420 712 427
day48/0615.jpg 500 256 572 256 690 252 766 259 568 436 701 432 531 248 720 248
day41/0976.jpg 512 292 581 279 687 265 756 264 583 448 716 435 546 284 724 262
day33/0262.jpg 489 284 560 274 677 264 756 266 564 462 694 443 520 273 710 259
day33/0186.jpg 492 343 568 335 675 327 746 332 564 511 692 501 539 336 717 332
day29/0494.jpg 488 309 574 299 691 301 771 306 575 500 703 490 535 296 730 296
day07/0079.jpg 576 290 638 291 748 298 812 309 635 456 754 463 612 285 788 299
day39/0327.jpg 520 357 595 359 700 373 771 389 564 528 691 546 550 354 728 379
day35/0193.jpg 528 303 600 294 709 280 790 283 593 477 734 460 558 296 750 276
day32/0174.jpg 506 321 576 311 683 298 748 302 580 472 704 457 548 309 722 292
day10/0174.jpg 490 273 560 264 662 258 735 262 548 430 679 417 522 268 697 257
day44/0313.jpg 516 389 585 383 696 372 765 374 584 559 720 550 557 381 739 370
day27/0118.jpg 544 282 618 277 728 274 805 281 602 460 746 455 586 277 775 275
day13/0192.jpg 495 251 560 244 662 237 735 240 553 411 679 396 524 244 699 233
day36/0511.jpg 509 292 582 280 688 273 768 273 584 454 718 443 549 288 731 274
day13/0277.jpg 488 271 561 257 667 244 744 246 559 431 696 411 530 261 711 240
day42/0708.jpg 564 324 627 318 728 316 790 320 624 462 743 464 595 313 759 312
day35/0201.jpg 532 276 616 268 736 259 813 268 613 464 763 451 582 271 780 263
day22/0072.jpg 529 304 600 298 716 288 789 292 606 485 744 471 569 296 754 287
day21/0016.jpg 514 358 588 349 684 335 760 340 589 515 708 502 560 349 729 335
day40/0570.jpg 507 315 590 312 705 308 785 321 576 499 729 496 543 309 742 313
day48/1230.jpg 540 348 616 352 737 356 808 364 602 550 751 552 570 348 772 359
day35/0646.jpg 530 266 612 267 732 264 810 272 604 468 753 464 559 264 763 267
day46/0397.jpg 479 304 554 298 659 296 727 299 551 472 679 463 511 294 692 293
day19/0084.jpg 562 188 615 179 708 175 774 172 622 329 727 318 592 181 747 171
day08/0256.jpg 517 295 586 293 705 292 790 295 567 484 721 472 552 288 748 286
day41/0255.jpg 526 228 600 222 712 218 794 227 588 401 725 400 561 220 748 220
day12/0755.jpg 472 251 548 240 651 228 719 234 558 400 679 391 516 245 683 232
day47/0170.jpg 510 349 588 342 685 340 757 348 576 507 703 503 554 342 724 344
day41/0352.jpg 495 324 568 313 679 300 761 298 576 493 704 483 536 313 720 294
day05/0235.jpg 493 267 580 261 704 260 792 269 580 465 726 460 538 264 750 263
day48/1306.jpg 524 256 596 251 710 262 784 268 580 433 722 439 564 255 755 267
day43/0031.jpg 532 248 608 247 724 240 805 243 607 434 747 429 562 241 758 235
day47/0634.jpg 548 336 618 330 728 324 793 337 620 496 748 489 574 330 756 328
day21/0165.jpg 570 275 639 269 744 268 814 269 633 445 768 440 602 269 783 264
day02/0334.jpg 556 334 613 332 717 336 780 343 608 483 725 484 588 333 752 332
day10/0240.jpg 449 244 522 239 628 225 701 236 509 407 656 391 488 237 669 225
day24/0192.jpg 480 336 554 324 653 317 729 318 556 495 680 480 519 328 700 319
day40/0567.jpg 481 326 559 316 686 313 771 329 551 512 697 508 514 322 724 321
day45/0329.jpg 500 347 567 339 672 333 743 332 562 509 705 499 533 340 712 332
day02/0322.jpg 541 343 608 337 709 334 782 342 604 496 719 494 579 338 749 333
day13/0337.jpg 506 284 586 280 690 278 761 291 579 456 707 448 548 273 735 280
day12/0252.jpg 490 284 559 274 663 270 737 271 556 435 688 428 526 278 699 268
day47/0279.jpg 578 321 651 316 750 315 815 315 654 486 772 480 613 317 788 312
day51/0910.jpg 532 258 603 250 705 246 778 248 596 417 727 407 560 252 736 246
day03/0245.jpg 545 294 626 296 739 304 819 316 617 481 754 483 587 286 776 300
day42/0323.jpg 540 310 613 300 726 297 803 307 607 472 743 468 582 305 765 303
day19/0071.jpg 580 188 640 192 737 192 802 190 646 346 748 341 612 189 772 186
day51/1196.jpg 545 232 605 229 708 232 769 235 595 385 707 384 570 224 733 233
day14/0099.jpg 487 255 561 246 664 236 737 238 556 418 683 405 528 244 708 230
day24/0021.jpg 487 322 560 319 688 324 765 331 566 520 710 518 522 319 723 319
day42/0352.jpg 497 329 569 323 672 316 750 319 566 499 699 489 527 324 711 314
day45/0320.jpg 522 336 592 330 700 326 775 331 588 506 724 504 560 332 741 325
day25/0177.jpg 507 311 576 300 681 290 757 296 580 469 709 459 542 304 724 292
day20/0258.jpg 545 260 617 252 715 256 788 262 600 415 735 415 592 254 761 256
day48/0539.jpg 506 253 588 252 706 252 785 259 580 451 724 448 553 244 757 247
day36/0119.jpg 557 290 624 292 738 292 816 306 612 462 741 468 592 285 776 295
day24/0149.jpg 488 252 560 240 661 228 731 231 553 408 689 392 534 241 710 229
day28/0137.jpg 487 328 553 316 654 308 728 308 552 477 683 461 512 321 684 304
day26/0391.jpg 521 236 599 230 703 232 778 240 584 404 722 403 550 230 740 236
day38/0153.jpg 540 311 606 302 705 298 769 308 597 466 723 459 576 300 743 296
day33/0084.jpg 550 316 620 307 719 299 792 299 616 474 744 461 589 309 767 299
day29/0151.jpg 525 288 588 280 680 268 743 267 596 427 699 408 549 280 704 264
day02/0270.jpg 536 359 600 346 697 337 766 341 610 498 720 489 563 346 728 334
day51/0609.jpg 502 260 571 256 677 248 752 249 568 429 697 420 542 256 724 250
day10/0049.jpg 532 212 590 209 676 200 739 208 586 345 688 340 563 206 711 199
day13/0008.jpg 534 239 598 232 708 230 776 232 590 400 723 394 571 228 751 228
day44/0500.jpg 520 345 592 336 699 326 779 329 591 512 730 497 552 338 736 323
day48/0608.jpg 468 280 544 276 661 268 734 268 551 465 680 450 520 276 712 268
day12/0716.jpg 505 292 567 286 656 275 721 279 568 429 682 419 542 282 698 272
day28/0522.jpg 563 311 626 309 729 316 799 323 616 472 746 476 596 307 765 314
day01/0160.jpg 595 256 637 252 708 249 757 245 646 358 724 352 615 250 732 242
day42/0479.jpg 534 334 604 334 713 331 784 338 600 501 730 497 573 334 751 334
day29/0564.jpg 496 332 580 324 702 312 784 314 589 524 726 511 536 332 740 315
day44/0518.jpg 504 345 573 334 679 326 752 332 575 498 702 487 544 337 721 327
day13/0280.jpg 487 266 564 259 664 246 740 244 560 427 688 408 517 259 697 240
day07/0060.jpg 552 268 625 269 739 278 806 288 612 430 744 437 588 267 770 282
day21/0129.jpg 579 316 649 309 756 301 828 310 655 483 779 476 611 312 796 308
day50/0432.jpg 491 273 560 264 672 252 748 247 558 444 701 428 529 265 716 246
day40/0134.jpg 512 310 574 305 681 297 749 306 571 470 696 456 548 308 718 303
day47/0670.jpg 537 240 611 231 714 223 785 225 612 399 741 384 570 234 751 222
day36/0736.jpg 527 244 603 242 721 242 796 248 592 431 735 433 572 235 766 242
day48/1310.jpg 524 248 592 249 709 253 786 267 593 428 724 434 561 247 757 259
day35/0952.jpg 573 312 634 299 748 288 825 292 644 476 783 462 604 300 789 287
day22/0099.jpg 493 284 564 270 670 255 740 259 571 440 696 423 522 273 704 253
day41/0829.jpg 527 267 600 260 713 256 784 264 604 431 728 425 576 263 760 257
day32/0283.jpg 524 217 596 215 708 216 772 224 594 383 720 380 566 213 746 216
day05/0084.jpg 505 264 586 262 710 259 791 268 588 452 730 450 555 260 754 257
day29/0442.jpg 513 336 596 332 704 320 782 321 601 516 728 501 558 336 750 320
day29/0171.jpg 520 396 578 387 672 372 740 373 584 536 712 516 551 389 706 372
day38/0268.jpg 593 280 668 280 778 282 861 286 658 464 793 462 618 276 812 279
day48/0422.jpg 508 296 580 295 698 288 773 293 574 478 712 473 552 292 748 291
day51/1128.jpg 548 231 608 226 708 226 772 227 619 384 728 380 582 227 748 220
day35/0991.jpg 522 281 603 280 721 280 804 278 600 472 740 474 575 277 776 276
day42/0532.jpg 520 323 593 316 699 310 775 316 594 484 720 474 558 320 741 314
day42/0308.jpg 527 324 597 311 710 305 777 310 607 479 727 467 564 320 739 305
day15/0096.jpg 501 279 570 272 680 257 752 265 564 448 704 431 541 267 728 258
day28/0159.jpg 523 372 592 364 697 349 767 352 604 529 723 516 559 362 729 344
day36/0814.jpg 501 298 582 295 695 291 777 296 582 485 720 478 550 291 746 284
day39/0300.jpg 541 276 624 283 736 295 817 305 601 466 739 480 596 274 782 296
day49/0108.jpg 512 259 590 248 701 235 776 237 597 422 736 413 538 251 731 228
day18/0227.jpg 527 279 597 267 705 253 776 258 588 429 724 420 568 266 751 255
day46/0352.jpg 550 344 629 340 746 332 821 342 631 526 770 521 595 340 784 336
day21/0088.jpg 502 258 568 244 675 227 745 226 582 414 708 400 535 248 716 221
day38/0269.jpg 578 288 656 284 764 284 845 293 640 466 776 467 620 285 805 285
day29/0307.jpg 563 310 635 311 740 312 813 321 616 484 743 476 596 306 776 308
day37/0081.jpg 475 344 561 341 692 332 788 334 553 556 713 551 507 346 733 337
day32/0037.jpg 520 272 585 267 688 260 756 259 589 423 708 417 542 266 713 259
day49/0647.jpg 503 246 581 232 688 223 769 224 580 414 712 399 531 236 720 219
day26/0230.jpg 504 307 584 306 706 308 788 324 566 502 713 506 560 301 761 316
day51/0719.jpg 496 232 565 225 669 218 740 214 569 396 692 382 531 220 705 211
day42/0693.jpg 557 340 618 332 723 325 792 330 614 492 735 487 583 336 759 328
day05/0116.jpg 541 279 608 270 716 260 785 264 617 433 734 424 577 270 752 260
day32/0438.jpg 636 233 692 223 780 210 841 205 708 353 804 340 664 224 811 200
day37/0232.jpg 525 341 591 330 701 319 776 324 588 503 725 484 554 334 737 318
day49/0436.jpg 507 267 582 264 706 268 785 272 566 458 708 458 552 258 749 262
day14/0036.jpg 499 258 574 250 687 246 764 250 563 434 707 425 544 248 734 241
day26/0290.jpg 524 265 604 259 720 254 805 268 583 448 731 438 571 261 768 261
day41/1196.jpg 553 256 640 256 752 252 832 263 625 442 772 441 604 256 802 258
day08/0135.jpg 503 296 572 285 680 272 753 281 558 452 696 436 543 284 720 277
day13/0035.jpg 478 248 553 240 652 234 725 239 554 403 676 396 516 247 691 237
day31/0039.jpg 528 325 608 319 722 312 799 322 603 512 744 503 568 324 761 318
day24/0241.jpg 538 291 612 284 731 274 813 276 618 476 756 471 571 284 772 277
day39/0280.jpg 540 312 610 308 727 306 807 309 605 496 740 493 584 306 775 312
day35/0378.jpg 550 324 626 316 736 317 811 317 619 501 764 502 592 316 780 314
day36/0075.jpg 511 305 586 296 697 291 780 299 578 484 717 474 540 299 732 294
day37/0048.jpg 540 317 624 319 746 324 827 334 600 515 759 524 591 310 787 323
day41/0394.jpg 505 322 576 312 685 300 768 300 579 487 705 481 539 312 727 300
day12/0287.jpg 510 282 573 272 682 265 754 267 569 434 704 433 551 269 729 259
day29/0175.jpg 512 401 576 390 660 374 732 375 576 535 696 520 537 395 692 374
day36/0871.jpg 493 260 568 249 676 239 749 253 558 420 695 413 533 256 717 248
day05/0113.jpg 545 290 609 276 714 271 793 273 608 434 731 432 582 283 749 274
day34/0063.jpg 552 328 633 316 758 311 843 315 641 525 787 510 600 320 807 310
day26/0333.jpg 517 248 595 244 706 236 788 243 592 432 729 416 544 244 739 233
day41/0146.jpg 508 327 590 317 716 312 796 312 592 521 760 508 541 323 748 308
day20/0026.jpg 532 227 591 214 688 204 757 208 589 368 707 357 560 216 728 206
day41/0440.jpg 534 350 597 341 696 335 762 339 599 497 722 493 565 344 728 331
day51/1170.jpg 497 221 564 216 660 210 724 219 561 370 676 368 526 215 695 211
day39/0167.jpg 497 265 569 256 680 243 761 241 575 432 704 424 528 257 716 237
day11/0081.jpg 572 286 647 280 756 282 822 290 636 447 765 452 620 279 798 289
day11/0041.jpg 551 315 633 311 748 311 824 320 612 495 760 486 594 315 788 315
day49/0659.jpg 492 251 568 240 677 221 755 226 576 413 713 399 533 240 724 220
day24/0018.jpg 505 264 581 251 707 245 792 246 593 436 733 428 548 253 748 242
day40/0610.jpg 523 317 604 316 723 324 803 335 572 500 735 513 556 312 764 328
day36/0673.jpg 503 327 576 320 687 317 763 328 564 497 695 487 544 318 731 320
day06/0093.jpg 521 298 606 292 724 296 803 300 589 488 744 486 548 292 757 289
day44/0619.jpg 608 229 677 234 791 250 852 267 656 404 799 427 652 230 828 254
day42/0351.jpg 522 332 599 328 710 325 784 332 596 498 716 500 568 332 749 328
day18/0031.jpg 537 275 608 269 714 268 783 272 608 438 737 435 575 275 751 272
day44/0230.jpg 502 324 575 315 676 310 748 315 569 476 694 476 542 318 720 310
day48/0911.jpg 528 332 606 328 725 324 814 329 604 526 745 517 571 330 771 327
day39/0149.jpg 528 291 602 287 725 287 802 288 597 476 736 471 571 284 762 281
day26/0172.jpg 497 282 573 270 691 261 774 272 556 463 719 452 536 280 740 269
day40/0145.jpg 517 279 588 269 700 263 771 266 585 450 717 434 549 268 735 256
day51/1069.jpg 513 241 577 237 678 234 736 237 577 395 685 391 547 235 710 236
day08/0242.jpg 522 291 600 290 721 292 799 303 577 476 727 484 568 293 766 302
day13/0156.jpg 488 257 558 247 663 236 728 242 554 410 671 394 528 248 700 241
day37/0192.jpg 521 241 589 236 707 229 784 239 597 412 732 406 546 235 732 227
day28/0304.jpg 404 307 492 304 620 300 702 301 478 505 636 499 458 301 668 300
day40/0153.jpg 516 280 586 274 692 265 770 264 577 447 716 438 552 273 737 264
day14/0188.jpg 477 187 554 185 686 186 770 192 548 400 698 394 511 184 729 184
day36/0465.jpg 473 253 561 246 681 234 775 243 549 449 712 438 512 240 721 234
day44/0108.jpg 473 201 550 196 669 189 753 186 546 396 699 383 513 193 712 184
day07/0093.jpg 575 301 642 296 750 303 812 319 635 459 750 464 608 300 783 313
day47/0741.jpg 567 237 632 234 734 235 803 245 618 391 750 394 599 232 769 236
day20/0085.jpg 492 346 550 332 646 317 718 319 542 484 670 473 513 340 677 320
day45/0092.jpg 466 212 533 215 639 222 701 241 512 374 638 385 495 209 673 228
day01/0132.jpg 601 388 642 384 725 381 779 387 648 498 743 500 624 379 742 375
day21/0250.jpg 525 322 592 316 700 306 769 312 590 479 725 470 554 319 730 308
day47/0608.jpg 485 354 562 346 679 342 760 343 566 540 715 527 520 352 711 341
day48/1229.jpg 543 339 621 351 742 351 818 363 605 549 756 554 591 344 790 354
day46/0188.jpg 470 341 524 338 605 334 662 341 520 466 616 460 503 336 637 329
day05/0207.jpg 547 249 629 248 747 245 829 258 609 442 757 445 576 243 774 250
day03/0241.jpg 520 296 595 296 716 298 796 309 604 484 729 485 567 291 761 298
day08/0213.jpg 488 289 564 289 670 283 743 300 537 454 680 456 525 283 708 285
day46/0544.jpg 522 251 593 243 710 241 791 245 588 433 733 426 550 246 744 241
day10/0134.jpg 512 339 579 331 683 319 750 325 561 490 707 479 548 332 720 319
day25/0026.jpg 495 368 562 362 675 359 747 367 548 533 687 533 534 365 718 364
day12/0577.jpg 514 264 577 256 681 246 756 239 587 426 713 406 555 257 722 236
day36/0755.jpg 514 270 594 266 722 259 804 264 579 462 743 458 566 264 767 259
day41/1011.jpg 541 312 606 303 708 291 767 292 596 450 733 441 581 304 747 289
day41/0369.jpg 496 303 567 300 676 282 757 287 561 475 695 465 537 283 733 270
day48/0187.jpg 533 322 612 330 729 327 813 335 592 526 747 526 562 324 766 327
day42/0402.jpg 437 306 508 297 616 283 683 283 500 473 645 449 474 297 654 276
day36/0820.jpg 509 308 579 299 693 287 774 301 566 491 718 475 545 300 737 294
day13/0124.jpg 487 245 543 228 643 216 712 220 546 393 672 362 512 236 673 215
day51/0736.jpg 520 225 583 218 686 208 748 213 587 366 706 365 554 217 719 210
day24/0194.jpg 479 333 549 325 651 316 722 318 537 494 675 479 523 322 704 312
day45/0015.jpg 525 228 602 238 716 246 783 264 575 413 728 424 554 229 742 250
day41/1021.jpg 566 296 624 291 727 286 785 293 608 437 739 435 598 291 758 289
day36/0242.jpg 572 354 646 350 775 349 858 375 614 541 779 545 607 347 807 359
day35/0463.jpg 504 304 588 293 711 283 786 291 580 489 725 478 555 296 758 288
day12/0498.jpg 531 252 592 236 682 221 747 224 590 387 711 367 563 241 716 218
day28/0148.jpg 520 362 589 358 698 350 762 351 590 534 724 520 554 356 734 345
day21/0116.jpg 485 298 561 293 663 279 741 281 561 462 695 455 529 291 716 275
day13/0128.jpg 488 246 541 227 637 206 712 208 536 383 669 360 504 237 670 208
day03/0447.jpg 568 212 638 218 742 220 808 228 635 371 739 382 609 212 775 217
day42/0214.jpg 521 254 597 250 716 245 787 251 586 429 746 427 554 250 750 247
day35/0676.jpg 487 283 558 267 672 258 748 270 550 451 700 435 514 277 701 263
day13/0264.jpg 494 268 568 257 670 242 744 248 555 425 700 408 537 258 717 241
day13/0149.jpg 487 250 551 241 656 234 723 237 658 317 606 424 520 240 694 232
day20/0357.jpg 494 266 553 251 668 240 737 240 558 427 684 405 512 258 692 238
day45/0326.jpg 501 343 570 338 679 329 750 334 566 512 706 503 542 334 721 326
day43/0098.jpg 562 332 633 339 742 342 813 359 607 508 742 520 603 333 782 351
day02/0221.jpg 564 366 628 350 733 343 808 350 637 515 756 513 595 361 769 345
day44/0296.jpg 451 412 517 396 630 378 703 379 525 579 656 553 491 404 670 379
day41/0224.jpg 510 243 569 233 680 225 757 234 572 406 695 398 541 238 719 227
day51/0500.jpg 512 259 585 256 689 247 758 253 579 425 721 412 546 250 720 242
day35/0572.jpg 511 314 585 305 700 295 786 303 577 490 729 481 535 304 736 290
day35/0588.jpg 508 300 591 292 708 287 780 301 576 484 727 468 553 298 753 295
day43/0277.jpg 505 291 579 289 692 293 767 303 562 469 706 475 535 290 719 296
day48/0724.jpg 457 275 539 270 659 264 745 272 536 471 683 467 500 277 704 267
day51/0979.jpg 541 216 618 212 730 209 798 217 608 383 742 382 580 208 758 208
day41/0544.jpg 532 321 594 312 706 304 774 310 585 479 723 471 558 315 739 302
day12/0188.jpg 533 274 603 271 717 266 789 269 584 448 736 440 570 269 756 262
day44/0489.jpg 503 344 563 340 670 331 734 342 556 493 678 491 535 334 704 332
day23/0102.jpg 538 306 612 303 732 303 809 307 601 493 747 497 575 302 764 302
day39/0372.jpg 475 317 538 315 670 320 739 331 529 500 675 498 517 315 709 320
day44/0158.jpg 550 265 619 264 722 264 787 271 604 422 735 432 580 260 754 265
day29/0154.jpg 533 289 591 281 680 269 741 279 580 431 719 412 563 283 718 274
day47/0043.jpg 523 263 592 265 714 275 780 290 562 450 712 461 566 260 757 280
day39/0355.jpg 454 267 526 268 637 268 705 276 495 430 637 434 485 262 659 270
day46/0230.jpg 500 343 563 331 666 312 741 310 577 505 699 479 529 336 700 307
day33/0015.jpg 552 330 616 320 718 315 787 317 619 482 741 475 582 323 750 308
day32/0166.jpg 503 327 579 316 685 303 755 304 577 483 705 468 537 315 716 299
day24/0257.jpg 508 304 589 295 709 283 787 279 587 486 731 472 552 295 747 276
day46/0120.jpg 508 298 587 307 709 308 789 319 570 500 714 510 553 296 758 311
day36/0636.jpg 500 221 574 216 697 219 768 237 559 398 707 404 529 220 725 225
day42/0494.jpg 538 338 608 333 717 336 797 345 594 514 733 508 568 335 748 336
day43/0021.jpg 513 271 581 262 701 253 782 250 591 448 724 441 546 265 734 247
day10/0144.jpg 497 300 570 286 677 285 756 287 554 455 690 445 535 290 712 280
day07/0032.jpg 533 295 601 289 712 284 784 287 593 466 733 468 572 288 762 281
day35/0908.jpg 566 310 650 300 761 291 841 300 641 486 802 487 597 306 791 293
day50/0661.jpg 450 247 521 238 645 232 725 235 518 429 665 423 489 241 688 233
day17/0128.jpg 570 268 634 261 738 257 809 270 625 420 753 414 593 263 770 265
day35/0799.jpg 429 250 510 245 632 237 715 244 508 434 658 422 470 244 677 240
day29/0169.jpg 520 398 581 386 671 368 736 371 593 533 712 518 555 388 714 365
day29/0254.jpg 565 281 650 279 752 274 826 282 654 458 774 450 619 278 797 275
day41/0078.jpg 547 245 618 249 737 250 814 262 603 430 741 438 582 245 772 250
day45/0029.jpg 510 202 594 213 703 225 777 240 568 387 709 404 545 205 733 226
day26/0193.jpg 532 250 616 252 741 259 820 272 592 443 752 451 586 250 791 261
day16/0012.jpg 551 241 610 231 706 223 764 225 600 383 727 369 571 230 728 220
day36/0190.jpg 509 285 580 273 708 260 790 265 587 473 738 457 537 279 741 264
day42/0590.jpg 479 312 550 310 651 304 718 314 535 483 668 474 521 311 697 304
day28/0128.jpg 486 329 558 318 658 307 729 311 557 484 687 466 512 324 687 308
day36/0389.jpg 482 233 556 220 683 210 760 219 554 416 701 394 523 226 727 216
day02/0318.jpg 637 288 695 283 785 287 845 287 675 424 795 425 655 280 812 278
day49/0168.jpg 441 307 501 296 614 286 682 289 500 466 636 451 474 296 654 283
day44/0012.jpg 548 274 632 278 735 285 796 304 616 460 746 467 586 279 765 291
day40/0329.jpg 481 323 550 311 651 300 731 296 558 480 692 465 510 315 683 294
day48/0447.jpg 456 295 531 292 641 282 720 287 526 473 664 460 496 291 679 278
day36/0558.jpg 489 244 568 227 687 216 767 223 562 418 710 397 530 234 732 223
day04/0050.jpg 580 337 648 337 754 338 819 345 646 504 774 511 612 329 790 338
day28/0322.jpg 531 296 600 289 716 281 799 287 597 467 740 462 570 288 762 280
day45/0242.jpg 484 226 554 219 654 203 720 208 549 366 674 352 521 218 687 200
day44/0451.jpg 479 247 558 236 665 224 746 226 554 429 700 409 517 238 709 220
day32/0243.jpg 525 227 604 218 721 213 792 225 604 401 745 395 567 225 760 222
day41/0121.jpg 509 266 588 267 700 262 782 267 578 441 723 453 558 262 754 261
day37/0190.jpg 519 240 597 229 709 225 787 235 583 409 729 400 552 233 737 226
day29/0018.jpg 509 359 575 350 679 340 754 339 565 513 706 508 542 358 719 333
day29/0349.jpg 513 283 584 279 697 281 769 291 558 458 704 455 562 275 748 285
day38/0394.jpg 503 338 569 330 684 320 765 320 562 503 699 492 535 333 708 317
day47/0910.jpg 525 233 598 240 716 240 786 248 587 416 721 420 569 230 753 243
day48/0696.jpg 491 340 554 333 658 325 724 323 556 504 678 493 525 331 700 322
day08/0271.jpg 501 286 573 280 664 271 735 273 562 441 691 437 537 280 707 271
day21/0036.jpg 487 291 554 281 660 266 733 267 561 448 684 429 512 291 687 269
day10/0123.jpg 539 323 609 315 716 312 782 318 606 477 734 466 575 317 753 314
day35/0989.jpg 527 279 600 277 717 275 807 279 598 471 731 471 555 272 759 269
day29/0141.jpg 545 295 602 279 697 272 757 278 596 422 725 413 571 283 734 274
day10/0035.jpg 560 339 614 332 692 321 752 325 616 464 712 447 582 335 719 320
day32/0263.jpg 543 237 617 232 724 218 799 235 606 400 743 401 589 232 773 223
day36/0732.jpg 534 253 618 250 733 254 812 266 591 439 744 449 581 249 771 256
day40/0272.jpg 449 246 525 244 647 236 730 238 528 437 670 431 493 244 691 239
day20/0274.jpg 543 172 614 181 720 196 787 213 583 346 735 358 576 172 757 200
day32/0311.jpg 479 206 541 202 641 195 703 208 538 361 653 350 514 203 682 203
day48/0210.jpg 541 239 606 237 707 244 768 259 583 391 715 395 566 238 736 252
day25/0121.jpg 507 338 573 338 683 342 753 350 561 510 691 506 543 343 720 354
day14/0098.jpg 487 255 545 245 663 236 733 238 539 416 675 405 512 242 691 230
day33/0147.jpg 488 316 563 307 675 298 747 304 558 486 697 474 525 308 712 301
day47/0319.jpg 538 274 608 265 708 258 784 266 611 419 733 418 581 270 753 262
day40/0126.jpg 516 311 582 302 691 304 751 307 575 470 704 464 556 300 729 298
day49/0382.jpg 510 287 593 285 702 288 783 304 566 464 713 466 555 289 746 295
day51/1083.jpg 483 233 552 233 655 229 723 226 560 394 660 393 525 229 695 222
day36/0054.jpg 532 298 602 296 720 289 793 293 595 475 741 468 560 294 751 287
day40/0389.jpg 526 296 605 294 723 289 800 297 599 475 740 475 566 289 758 288
day48/1161.jpg 502 263 583 264 708 261 787 270 583 459 725 467 530 258 745 262
day35/0435.jpg 514 360 599 355 719 344 793 347 593 553 754 548 559 355 760 344
day38/0139.jpg 539 305 612 308 720 303 791 312 610 479 732 474 580 305 756 307
day42/0733.jpg 550 328 622 318 733 321 794 331 609 492 744 490 586 323 768 325
day17/0171.jpg 540 250 607 246 729 251 800 266 588 424 733 431 576 248 766 257
day41/1192.jpg 503 299 571 288 672 279 744 272 571 465 700 445 528 291 708 274
day51/0175.jpg 461 202 529 195 627 189 699 183 533 352 652 345 500 193 666 185
day35/0909.jpg 566 300 645 290 762 284 841 291 647 469 791 472 601 292 803 284
day44/0757.jpg 481 262 570 249 695 247 775 252 562 454 716 447 515 254 724 252
day12/0312.jpg 485 305 560 302 652 284 720 288 546 452 678 438 517 301 681 280
day08/0047.jpg 337 271 420 272 554 268 623 272 425 470 572 461 385 269 590 262
day27/0051.jpg 633 291 685 283 774 274 828 275 683 414 799 404 655 287 799 275
day37/0102.jpg 524 356 604 355 725 351 815 349 598 563 750 555 563 349 765 343
day29/0344.jpg 513 280 586 281 698 284 772 288 572 461 706 461 541 274 726 279
day29/0142.jpg 540 287 605 278 699 272 760 273 606 422 724 414 578 278 735 272
day27/0107.jpg 536 292 606 284 722 280 798 284 598 469 748 464 573 286 766 280
day45/0358.jpg 470 272 544 266 652 261 724 258 538 445 676 428 510 263 695 256
day28/0256.jpg 556 292 618 292 719 290 784 301 612 444 724 442 592 290 756 295
day37/0255.jpg 532 331 601 326 723 320 790 328 594 514 734 508 568 323 752 317
day45/0300.jpg 484 294 552 291 655 284 714 290 544 448 676 444 518 289 686 284
day37/0298.jpg 560 307 647 304 767 309 836 326 619 488 779 497 601 300 800 312
day38/0246.jpg 540 269 610 272 705 273 765 281 588 412 712 420 576 266 739 272
day05/0161.jpg 605 284 681 291 792 300 856 313 668 459 800 474 654 284 831 303
day50/0076.jpg 553 257 636 256 751 254 828 261 625 452 772 447 596 252 790 252
day38/0149.jpg 538 312 608 306 710 304 777 311 604 467 727 466 568 307 738 304
day49/0883.jpg 488 286 569 280 691 278 772 288 556 474 709 470 538 280 746 286
day48/0429.jpg 506 296 580 292 700 286 775 292 572 480 711 472 540 289 733 287
day32/0179.jpg 522 319 588 311 690 296 759 304 583 470 712 454 560 312 732 296
day50/0442.jpg 467 265 546 264 662 253 748 260 541 455 682 445 505 263 702 255
day36/0854.jpg 508 273 585 260 702 253 784 263 581 448 724 437 544 260 732 253
day12/0727.jpg 564 315 631 305 732 300 800 303 620 471 752 460 600 304 775 298
day43/0478.jpg 507 263 591 266 715 268 796 265 578 466 729 467 561 261 765 266
day10/0282.jpg 530 229 596 231 696 228 756 236 580 387 715 386 565 231 728 234
day48/0989.jpg 472 276 550 275 668 272 740 283 540 457 678 461 522 274 713 274
day51/0603.jpg 491 261 564 256 670 249 745 252 566 431 691 423 523 258 704 243
day41/0083.jpg 596 271 682 267 783 267 862 273 681 441 808 449 640 264 823 266
day41/0723.jpg 495 241 568 228 682 216 763 213 576 410 715 399 538 228 728 211
day15/0091.jpg 496 280 567 269 679 260 758 256 561 453 702 440 533 257 723 244
day37/0069.jpg 541 329 621 322 736 320 820 327 616 512 759 505 576 322 773 316
day25/0005.jpg 500 327 580 321 692 311 766 309 569 499 726 484 529 316 722 304
day33/0476.jpg 508 239 571 232 684 229 750 232 572 399 709 391 538 230 716 224
day51/0573.jpg 512 244 576 237 682 228 754 238 554 395 702 390 544 236 720 228
day49/0353.jpg 499 272 568 264 680 256 756 255 568 448 704 439 534 264 720 251
day25/0158.jpg 487 287 561 284 676 276 751 286 541 460 692 457 532 282 725 275
day40/0256.jpg 460 253 531 244 639 239 713 244 520 419 658 411 495 250 679 242
day51/0913.jpg 534 252 603 244 706 244 773 244 596 413 731 408 572 244 744 236
day39/0458.jpg 537 371 605 368 730 363 808 364 603 567 738 557 558 368 760 362
day26/0251.jpg 495 293 576 287 700 276 793 280 572 492 728 478 523 288 734 276
day18/0233.jpg 537 271 601 263 708 252 784 260 592 429 730 416 577 260 760 252
day12/0127.jpg 541 308 612 300 706 289 771 292 602 460 725 450 578 300 746 287
day12/0491.jpg 541 242 601 233 696 220 760 224 599 380 714 368 577 232 736 217
day35/0377.jpg 549 322 624 320 739 319 811 323 619 504 760 502 592 313 787 315
day33/0054.jpg 486 294 562 282 675 269 750 274 568 464 700 452 532 284 716 269
day26/0281.jpg 534 264 621 264 746 262 820 274 605 456 756 461 580 260 784 268
day29/0515.jpg 500 314 575 310 698 304 771 310 572 506 720 489 541 311 740 307
day35/0323.jpg 577 308 649 306 776 304 861 312 642 508 793 508 610 306 815 302
day40/0441.jpg 549 352 627 348 737 342 816 340 623 535 761 527 602 347 790 340
day36/0062.jpg 523 313 606 308 717 305 801 311 596 500 746 491 577 305 771 303
day39/0332.jpg 531 356 608 358 715 369 784 384 574 536 708 544 576 352 756 370
day29/0216.jpg 535 222 600 212 704 205 766 207 596 372 720 360 560 215 734 201
day42/0285.jpg 504 340 574 332 680 321 754 328 573 500 712 489 535 333 712 320
day19/0353.jpg 555 256 619 248 727 243 797 250 621 408 744 409 594 250 770 248
day17/0174.jpg 534 256 608 248 720 253 795 266 592 428 732 429 568 248 760 260
day26/0331.jpg 554 294 632 293 755 292 829 297 624 489 781 478 602 291 800 297
day03/0238.jpg 544 300 613 296 721 297 780 309 606 459 732 457 589 297 760 303
day36/0509.jpg 510 288 582 279 686 272 761 272 580 456 720 444 552 278 733 266
day38/0287.jpg 536 357 595 358 704 367 765 378 577 511 707 522 568 354 732 366
day35/0544.jpg 482 335 568 331 688 325 768 322 554 536 712 519 516 331 719 317
day50/0552.jpg 504 239 577 240 676 236 757 250 552 416 689 412 551 236 732 240
day50/0122.jpg 492 278 570 280 680 283 755 292 552 454 700 455 527 276 712 284
day36/0750.jpg 492 279 572 278 696 265 782 265 568 479 731 464 546 278 748 263
day48/0739.jpg 489 274 559 264 672 256 740 260 558 440 693 430 532 264 719 258
day33/0456.jpg 477 252 555 240 675 228 748 236 550 419 700 408 524 244 722 232
day08/0235.jpg 540 294 612 292 717 295 788 305 588 462 730 456 584 286 764 291
day29/0186.jpg 487 341 551 328 661 323 727 320 541 490 695 472 521 330 686 315
day51/1138.jpg 508 242 576 234 680 231 748 234 570 409 713 405 533 236 720 231
day41/0007.jpg 489 372 553 371 669 364 742 373 550 559 680 546 521 369 703 368
day24/0421.jpg 504 260 587 252 703 244 788 252 568 449 728 439 548 252 747 251
day46/0385.jpg 431 283 508 274 618 268 692 275 488 452 632 440 465 279 651 272
day35/0332.jpg 565 297 645 294 766 289 850 302 622 488 776 485 600 293 803 293
day24/0451.jpg 448 318 532 308 644 303 723 313 537 500 683 484 487 312 680 308
day51/0607.jpg 499 260 571 256 678 250 748 252 568 428 696 420 546 253 723 246
day37/0350.jpg 548 224 616 220 726 218 794 232 597 380 745 384 580 220 761 220
day13/0021.jpg 486 274 549 264 652 255 715 256 540 422 669 413 508 266 683 252
day08/0251.jpg 512 295 591 293 704 288 786 296 575 480 720 478 538 291 736 288
day21/0127.jpg 578 312 652 307 756 303 830 306 652 486 790 480 598 308 785 303
day38/0276.jpg 569 296 637 288 758 296 826 295 620 458 772 462 604 289 784 289
day22/0013.jpg 530 318 604 308 701 300 771 309 599 472 721 461 568 312 740 305
day36/0719.jpg 527 256 608 255 724 252 801 264 584 443 744 438 576 251 772 259
day48/0195.jpg 541 312 614 309 736 312 809 324 604 498 740 502 589 303 783 316
day48/0727.jpg 451 279 541 272 667 264 750 268 535 479 698 464 501 276 708 268
day20/0174.jpg 530 240 610 236 716 238 782 245 601 408 740 409 572 236 747 244
day42/0158.jpg 540 205 606 208 719 215 788 226 588 383 724 386 576 203 758 215
day48/1008.jpg 496 289 570 280 689 268 767 274 568 472 716 461 537 284 738 272
day35/0172.jpg 497 335 573 323 694 309 782 308 576 520 732 505 524 324 728 303
day10/0071.jpg 513 325 571 317 654 315 716 314 568 452 669 448 539 320 681 309
day33/0038.jpg 535 360 602 351 704 344 768 350 601 512 728 499 572 352 744 348
day03/0398.jpg 564 254 635 260 738 261 808 272 619 427 749 428 607 253 786 261
day37/0295.jpg 580 296 664 300 775 304 846 323 650 484 793 491 627 293 818 316
day35/0190.jpg 526 304 600 292 714 280 792 282 591 475 746 467 556 297 746 280
day46/0276.jpg 495 323 568 312 672 302 747 304 565 481 696 467 520 312 694 301
day40/0220.jpg 528 339 591 332 688 327 753 341 590 484 702 483 556 332 720 334
day29/0513.jpg 495 315 575 314 694 312 768 317 584 506 716 499 544 315 740 312
day17/0082.jpg 592 244 658 240 765 245 828 251 654 404 770 402 629 243 803 246
day46/0535.jpg 499 224 569 222 674 224 746 242 545 387 684 392 524 220 708 232
day11/0171.jpg 489 286 557 278 662 268 744 269 544 460 681 441 516 277 700 263
day31/0030.jpg 528 324 606 321 719 313 796 316 603 521 747 508 560 317 758 314
day48/1254.jpg 541 262 625 258 741 265 826 273 601 456 760 457 569 261 773 267
day32/0377.jpg 512 316 587 313 688 310 760 322 568 488 696 493 547 311 727 313
day44/0311.jpg 512 387 588 380 694 372 764 374 588 556 719 547 546 382 727 373
day20/0077.jpg 512 322 571 312 660 300 725 304 569 450 682 437 549 315 701 302
day46/0267.jpg 503 321 570 312 682 304 750 309 576 475 708 470 538 312 716 303
day41/0866.jpg 508 240 571 230 672 216 740 226 563 384 688 367 544 229 715 217
day42/0451.jpg 492 310 567 304 689 296 763 301 564 494 704 488 528 300 725 293
day27/0292.jpg 525 328 597 328 714 328 788 341 579 507 727 513 572 326 765 334
day28/0085.jpg 527 324 592 314 705 305 781 311 592 498 729 484 555 316 744 306
day50/0806.jpg 576 284 653 283 777 279 851 281 645 481 792 477 615 280 816 275
day49/0395.jpg 525 289 596 288 710 286 803 302 588 474 730 478 551 291 749 290
day32/0106.jpg 519 333 584 320 684 306 753 306 583 485 714 462 552 326 723 304
day48/0783.jpg 477 298 553 293 668 288 750 290 544 480 687 472 511 289 697 283
day35/0973.jpg 531 288 598 284 699 290 770 296 586 448 727 449 556 283 729 288
day12/0328.jpg 472 302 544 294 645 293 706 298 523 456 657 450 509 300 678 295
day41/0903.jpg 481 276 550 264 655 255 736 255 552 440 683 426 520 274 698 258
day36/0145.jpg 564 336 629 325 738 312 818 307 638 507 768 490 593 314 772 292
day29/0556.jpg 498 346 592 342 720 337 804 326 608 554 756 541 552 342 767 328
day40/0157.jpg 506 283 580 275 689 265 763 268 572 454 711 439 536 275 721 262
day51/0873.jpg 504 238 576 234 686 231 758 236 572 410 703 408 542 235 724 231
day27/0047.jpg 631 276 697 271 785 260 844 262 687 410 804 394 667 271 823 259
day25/0160.jpg 487 296 559 287 672 281 754 295 555 459 692 452 521 292 710 286
day46/0271.jpg 495 328 565 314 677 307 739 312 560 480 695 467 528 320 708 306
day21/0197.jpg 507 387 569 379 669 367 736 364 576 543 696 528 535 380 700 360
day38/0480.jpg 565 346 640 350 753 357 817 368 625 520 754 524 610 349 791 359
day38/0016.jpg 624 294 688 291 795 296 868 308 683 463 810 468 650 291 824 296
day11/0126.jpg 507 272 583 265 699 254 770 258 568 452 715 437 544 267 738 254
day45/0231.jpg 473 302 547 294 655 287 724 284 538 468 672 462 519 293 692 283
day03/0480.jpg 529 287 584 284 672 276 741 275 596 416 704 409 555 280 704 271
day43/0408.jpg 516 243 592 236 716 240 785 249 575 432 731 430 552 236 748 238
day40/0556.jpg 471 316 548 308 664 292 739 292 548 490 689 469 500 307 690 286
day25/0057.jpg 492 265 573 262 696 260 772 267 555 453 711 445 535 258 739 256
day37/0314.jpg 560 302 647 301 762 298 833 316 634 480 783 486 599 307 799 305
day38/0156.jpg 534 309 607 303 706 299 774 309 593 472 730 459 568 308 738 306
day07/0019.jpg 432 250 508 244 621 243 701 247 508 433 634 424 465 244 659 236
day48/0827.jpg 470 240 544 232 652 216 718 221 548 404 676 395 500 233 687 219
day43/0022.jpg 550 274 626 279 746 279 831 280 628 474 764 470 588 274 790 276
day46/0231.jpg 510 338 572 330 679 310 754 306 588 496 712 476 544 330 717 311
day48/1297.jpg 524 237 600 236 708 240 772 246 585 409 716 412 559 234 744 244
day44/0524.jpg 457 236 524 232 632 217 703 220 529 398 663 386 495 232 673 216
day38/0390.jpg 516 337 579 334 691 326 768 326 581 509 724 500 543 338 729 324
day47/0225.jpg 488 328 559 313 656 299 722 301 546 475 684 460 519 319 689 301
day28/0496.jpg 509 373 578 365 680 351 752 353 581 519 702 512 552 363 724 355
day41/0387.jpg 547 336 608 328 708 319 773 321 603 481 728 468 570 327 728 319
day29/0161.jpg 540 401 594 393 693 384 759 386 608 548 728 526 567 395 726 381
day08/0223.jpg 491 305 560 296 665 288 752 290 543 472 694 456 521 298 704 284
day36/0272.jpg 580 234 657 231 767 232 844 246 636 402 777 402 612 232 795 237
day35/0183.jpg 570 298 648 299 767 291 844 289 642 492 795 481 618 294 820 292
day39/0398.jpg 512 292 588 294 736 301 828 316 576 520 743 539 544 292 783 308
day32/0205.jpg 521 361 590 352 696 344 760 346 594 516 717 505 558 351 728 336
day38/0012.jpg 556 301 624 295 733 280 810 284 623 467 764 460 585 294 768 280
day35/0705.jpg 500 268 585 258 700 245 781 251 579 444 729 438 546 261 748 250
day49/0850.jpg 518 315 593 307 701 298 784 304 591 488 722 477 556 309 748 300
day33/0479.jpg 510 240 568 236 680 226 750 233 579 401 709 396 544 232 724 225
day24/0282.jpg 587 264 663 271 775 272 843 282 653 450 791 454 628 266 813 276
day15/0092.jpg 488 289 568 274 683 260 752 271 556 452 702 438 526 280 715 267
day26/0127.jpg 500 269 582 268 708 264 787 272 574 468 722 461 552 258 760 262
day25/0016.jpg 534 336 607 328 720 322 792 328 594 504 742 496 581 326 759 320
day44/0574.jpg 450 336 521 324 627 312 698 320 514 492 643 480 476 326 658 316
day03/0225.jpg 500 304 569 300 677 293 754 301 561 465 696 456 528 303 704 295
day25/0004.jpg 538 334 610 323 731 318 806 328 596 509 752 501 576 322 763 315
day47/0165.jpg 496 334 564 326 673 320 739 330 556 496 689 492 535 322 709 320
day51/0606.jpg 500 260 566 256 676 248 741 250 569 429 689 422 531 255 710 244
day44/0633.jpg 529 376 609 376 721 379 792 386 611 570 747 568 563 372 756 377
day51/1115.jpg 557 228 623 225 704 224 768 228 616 369 716 364 576 223 732 223
day51/0244.jpg 497 265 569 255 664 245 739 248 567 420 694 404 537 254 707 241
day24/0259.jpg 516 304 595 295 708 285 781 284 597 491 734 476 558 295 757 276
day32/0367.jpg 530 312 600 310 701 311 777 317 583 484 708 484 560 308 740 315
day13/0409.jpg 528 259 608 253 720 248 784 256 584 431 740 419 575 252 759 249
day44/0292.jpg 453 408 526 393 632 381 708 376 530 580 665 553 487 395 665 370
day26/0384.jpg 532 235 602 232 710 236 778 250 588 400 714 409 563 232 744 241
day49/0465.jpg 520 274 601 270 715 264 787 271 596 453 728 452 556 265 748 261
day03/0019.jpg 537 396 610 392 731 386 805 391 611 578 743 572 573 388 764 382
day03/0359.jpg 516 322 601 312 718 312 791 324 587 495 723 500 549 320 748 317
day41/0939.jpg 476 292 538 278 646 259 710 258 535 436 672 406 512 281 683 255
day36/0864.jpg 483 261 566 255 672 245 750 253 549 431 700 420 528 258 716 255
day51/1100.jpg 553 224 616 222 709 222 768 227 621 370 718 368 580 222 739 221
day17/0181.jpg 567 268 644 268 757 270 819 276 632 441 768 444 607 268 792 272
day40/0240.jpg 469 244 540 235 640 225 708 226 544 398 663 388 505 239 679 228
day44/0719.jpg 539 292 623 294 744 296 817 304 607 490 755 493 577 288 780 297
day48/0437.jpg 468 295 540 291 653 284 729 286 546 468 674 461 508 288 696 284
day43/0280.jpg 504 294 574 296 686 298 754 306 560 468 693 472 531 295 715 300
day27/0130.jpg 519 256 596 259 722 252 795 256 584 456 734 456 559 252 762 252
day43/0054.jpg 556 230 626 234 739 232 811 240 610 408 756 404 586 228 773 233
day45/0164.jpg 487 301 555 299 677 291 756 296 563 502 699 492 516 292 714 290
day41/0926.jpg 473 280 544 270 648 252 732 252 547 444 676 425 499 272 679 248
day40/0131.jpg 513 311 576 304 684 300 752 308 568 472 704 460 539 306 714 299
day11/0192.jpg 488 269 568 256 680 249 754 256 568 441 707 429 531 261 724 254
day48/0720.jpg 444 274 533 270 661 260 740 260 534 474 684 462 480 265 693 255
day09/0038.jpg 516 341 583 332 703 318 781 316 580 519 727 501 557 330 740 311
day03/0374.jpg 576 284 647 282 764 279 836 283 641 462 780 458 616 281 806 284
day42/0327.jpg 535 307 608 295 722 292 798 300 600 476 734 463 569 293 757 290
day33/0385.jpg 553 221 618 219 712 211 780 215 618 376 736 369 581 217 746 210
day43/0349.jpg 497 284 572 283 700 285 785 282 565 491 716 482 523 277 734 278
day29/0333.jpg 510 275 593 278 702 282 781 288 579 468 712 465 563 272 756 277
day25/0011.jpg 526 342 602 333 708 324 784 332 592 514 739 504 566 335 755 332
day48/0582.jpg 476 262 554 260 669 259 741 267 549 445 680 443 519 261 705 264
day14/0027.jpg 504 259 581 258 690 253 766 258 568 442 708 430 544 259 731 254
day41/0191.jpg 551 328 624 335 736 337 809 348 604 517 745 523 596 330 787 341
day32/0351.jpg 512 280 585 272 697 259 768 262 599 444 720 431 552 272 738 257
day11/0040.jpg 552 312 619 305 724 296 796 308 607 472 740 460 578 304 753 300
day45/0256.jpg 496 240 564 227 667 216 726 220 564 377 684 364 533 230 701 220
day48/1015.jpg 554 279 636 281 752 288 828 291 620 472 758 476 600 280 792 286
day42/0247.jpg 496 280 568 274 675 265 744 262 571 446 706 440 524 273 707 261
day28/0502.jpg 582 330 640 322 742 316 811 324 640 482 767 479 612 317 780 314
day26/0276.jpg 521 256 598 259 717 267 797 284 572 451 719 455 549 253 749 267
day47/0337.jpg 487 341 551 324 657 306 724 300 558 490 701 466 515 332 686 300
day33/0137.jpg 474 325 544 323 651 323 716 329 536 494 654 495 503 325 681 327
day44/0322.jpg 467 292 544 289 659 277 732 280 552 475 679 462 511 284 702 273
day32/0104.jpg 515 325 577 316 682 297 752 296 576 480 710 460 540 319 711 296
day35/0750.jpg 524 279 596 268 715 260 789 274 585 453 734 441 564 267 763 268
day26/0164.jpg 492 287 575 276 700 269 784 265 560 482 723 460 525 278 735 262
day19/0175.jpg 509 291 569 287 670 281 741 288 568 440 702 437 535 284 708 283
day48/0680.jpg 494 316 561 312 680 301 756 308 565 496 692 493 526 306 713 304
day42/0521.jpg 516 306 592 300 705 297 765 306 591 464 716 460 568 302 745 300
day21/0100.jpg 576 297 649 296 764 300 823 302 648 473 781 469 616 297 803 300
day04/0057.jpg 577 344 644 343 752 341 821 354 640 512 776 505 601 342 780 343
day47/0900.jpg 511 274 579 264 685 262 747 265 577 432 708 431 545 268 719 261
day45/0205.jpg 500 290 572 276 688 264 761 267 576 452 714 440 540 281 728 266
day48/1233.jpg 544 344 617 349 740 352 812 360 604 548 752 552 572 345 772 352
day33/0016.jpg 555 324 615 316 718 308 789 309 626 486 739 470 580 316 747 304
day10/0155.jpg 501 313 569 300 673 292 751 293 561 465 695 457 525 304 703 294
day26/0272.jpg 528 260 606 263 726 269 808 280 588 458 743 462 560 255 756 271
day44/0678.jpg 503 399 570 389 677 376 744 380 572 562 706 544 524 395 703 376
day40/0611.jpg 526 313 604 317 724 320 802 335 577 505 734 516 557 316 758 328
day47/0134.jpg 528 321 592 312 696 308 764 312 586 474 718 463 565 310 734 307
day47/0531.jpg 520 312 587 301 701 292 768 293 597 473 726 460 556 306 739 292
day32/0371.jpg 537 312 605 308 711 309 784 319 592 482 722 481 576 305 756 312
day42/0574.jpg 510 308 584 306 685 300 764 307 573 479 699 475 541 303 721 300
day51/0960.jpg 504 276 576 272 688 260 764 264 583 448 712 433 551 276 735 263
day42/0498.jpg 529 338 603 335 704 328 777 333 597 497 720 492 564 332 735 326
day29/0443.jpg 513 340 590 332 701 320 782 320 591 519 730 504 544 335 731 320
day51/0375.jpg 502 224 572 218 672 206 744 217 561 377 696 364 543 216 715 206
day10/0281.jpg 522 362 570 358 656 350 713 353 568 488 672 486 547 352 683 349
day16/0038.jpg 625 287 681 275 772 266 828 265 676 418 794 404 650 273 801 260
day41/0237.jpg 515 252 584 246 696 244 771 251 581 427 717 422 544 244 727 245
day12/0747.jpg 436 227 503 212 608 198 682 201 505 380 642 360 462 218 640 193
day01/0131.jpg 600 392 652 388 728 386 782 389 643 496 751 504 624 386 752 380
day39/0423.jpg 508 272 588 269 696 260 771 264 583 446 716 439 553 264 740 257
day41/0918.jpg 493 285 568 274 676 268 756 268 568 450 711 441 525 278 713 264
day45/0246.jpg 487 236 555 223 654 211 717 215 552 377 672 360 523 226 689 211
day16/0077.jpg 583 249 643 236 732 232 783 234 640 374 751 356 615 240 757 228
day17/0140.jpg 540 239 610 233 716 236 787 242 597 405 729 402 576 232 755 236
day49/0400.jpg 528 292 601 285 720 284 800 298 584 477 732 472 576 284 776 292
day06/0037.jpg 556 332 628 330 742 325 819 330 625 515 752 508 588 324 772 320
day41/0142.jpg 492 334 568 324 690 308 776 313 568 531 729 514 520 327 730 306
day24/0456.jpg 427 321 508 314 631 307 704 318 505 502 663 489 464 316 660 310
day48/0624.jpg 468 263 544 255 659 251 736 252 547 439 680 426 498 255 684 245
