day11/0509.jpg 613 362 677 357 773 359 841 361 673 522 791 525 642 362 803 358
day16/0444.jpg 628 324 698 327 786 328 852 331 674 488 801 494 661 324 824 330
day01/0322.jpg 632 339 696 336 783 332 846 332 684 494 802 495 660 337 814 333
day20/0561.jpg 634 312 701 310 804 312 871 315 685 482 816 485 668 312 838 313
day12/0259.jpg 619 340 680 338 771 343 830 342 660 492 781 498 650 337 801 342
day09/0226.jpg 626 342 693 344 794 348 863 347 676 520 810 528 658 344 826 348
day05/0130.jpg 604 354 670 356 757 360 838 358 650 524 781 532 634 357 792 352
day16/0665.jpg 634 344 692 339 772 339 835 337 676 480 786 480 661 341 801 338
day16/0696.jpg 655 349 707 345 794 348 858 347 699 493 807 496 680 345 822 344
day15/0482.jpg 677 325 739 327 822 328 876 329 728 468 836 472 706 324 850 329
day23/0205.jpg 620 316 692 314 794 316 868 313 682 488 808 495 658 313 829 312
day20/0487.jpg 546 361 616 360 712 359 794 358 606 532 742 537 577 360 748 360
day01/0515.jpg 633 297 698 293 792 288 862 287 694 455 812 456 660 295 820 289
day07/0323.jpg 628 304 696 303 791 307 856 306 684 469 804 474 660 301 820 305
day18/0028.jpg 592 369 656 370 760 369 830 372 648 544 771 551 621 370 792 370
day19/0395.jpg 598 328 673 330 768 333 849 331 652 513 784 516 632 329 808 332
day11/0160.jpg 642 400 705 400 799 400 861 403 696 556 811 562 673 400 828 402
day14/0302.jpg 575 316 635 315 744 312 821 310 628 485 759 489 607 317 777 312
day01/0486.jpg 630 280 692 286 776 286 847 287 678 446 792 448 660 280 811 283
day12/0474.jpg 616 343 673 345 764 348 829 347 659 500 776 503 640 348 792 347
day18/0246.jpg 644 347 726 348 824 350 905 345 702 538 843 539 687 341 871 343
day16/0254.jpg 700 374 771 376 866 381 942 383 750 545 880 555 734 376 907 381
day15/0104.jpg 653 310 698 314 772 316 826 312 684 440 780 444 676 310 802 314
day25/0374.jpg 540 249 599 250 696 248 768 243 593 418 713 416 566 249 732 242
day03/0271.jpg 640 384 698 380 788 376 852 380 691 541 808 540 665 383 821 378
day02/0082.jpg 608 348 658 345 737 340 794 336 655 476 750 476 630 348 767 339
day09/0762.jpg 632 392 680 388 763 383 828 380 679 531 783 526 657 390 791 380
day17/0539.jpg 613 356 671 360 773 358 841 358 668 522 783 525 646 360 808 360
day16/0556.jpg 606 349 678 352 781 352 854 356 657 526 798 536 640 349 816 351
day12/0385.jpg 657 395 725 398 825 409 892 412 703 576 836 584 696 396 858 408
day10/0693.jpg 612 396 667 393 759 391 828 392 657 549 779 555 636 395 791 391
day20/0014.jpg 664 359 720 364 793 369 849 375 700 503 800 508 690 361 824 372
day15/0590.jpg 581 291 645 292 744 291 813 287 634 457 762 458 609 294 774 288
day10/0303.jpg 649 332 722 334 820 338 892 336 710 511 835 513 691 330 857 335
day10/0325.jpg 636 357 707 360 811 363 876 364 689 531 820 536 674 358 844 364
day12/0236.jpg 584 313 636 311 721 305 779 303 632 454 738 451 608 312 745 301
day06/0206.jpg 633 360 700 360 800 360 864 360 686 527 815 528 670 361 828 360
day03/0143.jpg 595 364 663 360 756 358 828 358 652 533 779 533 627 362 790 358
day10/0311.jpg 624 348 692 348 785 347 864 348 678 519 811 524 656 348 826 347
day17/0455.jpg 609 380 669 376 764 381 836 380 659 544 773 551 641 376 802 381
day08/0334.jpg 626 314 697 316 803 324 881 324 679 497 812 505 662 313 836 322
day08/0623.jpg 664 383 728 381 820 387 883 391 714 545 836 552 693 383 854 387
day01/0907.jpg 650 418 704 423 783 425 834 429 691 560 797 566 674 420 808 424
day24/0844.jpg 545 300 606 301 704 295 778 289 601 473 725 467 571 303 741 294
day04/0594.jpg 654 349 709 351 790 351 847 353 695 488 803 495 683 349 818 351
day10/0656.jpg 630 327 700 330 800 331 875 326 690 508 820 512 665 331 837 327
day18/0099.jpg 599 378 675 376 766 378 834 386 657 541 782 549 637 377 799 381
day24/0014.jpg 679 310 736 314 801 316 850 317 716 429 812 436 708 310 826 316
day22/0548.jpg 569 357 636 354 749 359 825 358 630 538 758 545 601 358 789 362
day24/0133.jpg 649 328 717 332 800 334 872 333 699 488 817 496 682 331 838 334
day12/0091.jpg 604 373 662 372 755 372 820 372 650 527 772 528 634 373 784 372
day10/0323.jpg 584 370 651 376 755 378 824 377 636 548 768 556 614 372 783 378
day23/0007.jpg 655 348 716 348 802 350 867 353 699 508 818 514 683 347 837 349
day19/0244.jpg 676 307 748 312 839 316 907 316 740 485 856 490 712 305 876 312
day24/0328.jpg 700 368 775 373 882 384 944 380 760 564 897 576 736 369 914 383
day11/0399.jpg 692 345 743 341 820 345 870 348 731 468 828 476 719 342 847 345
day14/0168.jpg 668 292 732 292 832 296 896 293 722 455 835 460 699 292 866 293
day03/0004.jpg 611 338 673 344 769 344 835 342 661 511 783 516 645 340 801 340
day20/0423.jpg 677 348 744 349 843 348 911 349 732 528 864 526 709 352 880 351
day20/0191.jpg 562 332 631 336 737 338 811 336 613 518 742 525 596 329 766 330
day18/0339.jpg 615 388 684 385 784 386 849 381 678 559 800 553 649 384 814 380
day02/0124.jpg 584 382 631 377 711 369 774 368 628 513 734 505 603 379 739 368
day11/0320.jpg 677 274 735 272 821 277 877 283 722 419 832 424 704 275 849 278
day04/0479.jpg 625 304 680 305 760 312 812 316 660 441 771 450 654 304 788 314
day16/0520.jpg 560 326 623 325 700 316 768 311 612 471 731 464 588 323 732 313
day09/0129.jpg 604 354 675 358 780 360 853 362 657 533 793 541 640 352 817 358
day23/0154.jpg 647 384 716 383 819 384 887 384 710 562 834 566 680 384 855 384
day08/0391.jpg 665 406 729 408 834 409 903 404 722 579 853 579 698 405 866 406
day09/0296.jpg 624 340 684 338 792 341 864 342 672 511 803 522 649 339 826 344
day08/0772.jpg 655 325 703 328 772 337 820 338 685 447 777 456 676 328 796 337
day16/0637.jpg 627 363 678 359 754 351 819 350 668 495 774 491 650 359 782 347
day23/0693.jpg 673 338 721 338 790 340 845 343 705 461 804 468 693 337 816 338
day22/0323.jpg 552 385 615 384 707 382 787 384 605 553 728 562 577 384 741 383
day01/0125.jpg 612 294 673 294 753 292 817 293 663 443 778 443 642 295 788 291
day03/0047.jpg 649 380 714 381 807 380 868 380 708 552 831 548 683 379 837 379
day14/0268.jpg 607 393 660 395 745 394 802 393 652 535 757 537 628 392 768 396
day10/0584.jpg 599 336 652 336 724 336 781 340 637 462 736 465 620 333 750 332
day22/0119.jpg 584 356 639 353 728 356 799 360 624 515 737 519 608 355 760 356
day23/0114.jpg 572 319 636 321 728 323 805 320 617 489 745 492 600 316 766 320
day08/0558.jpg 707 353 767 357 854 361 908 362 749 500 861 509 736 356 880 359
day01/0144.jpg 612 347 680 346 756 345 820 348 656 490 771 500 641 345 784 346
day12/0333.jpg 636 339 702 341 796 345 864 351 682 499 805 509 672 340 832 347
day23/0005.jpg 616 352 683 348 772 352 840 351 670 508 789 515 650 348 804 348
day10/0137.jpg 640 358 705 356 811 364 880 363 688 536 825 540 668 359 844 363
day08/0526.jpg 639 357 687 359 769 361 824 358 674 496 783 500 659 359 795 359
day09/0450.jpg 690 334 748 333 847 334 911 336 736 500 860 504 720 332 882 335
day22/0086.jpg 568 304 623 300 709 291 774 286 610 459 735 448 593 299 740 286
day15/0527.jpg 676 354 733 355 829 361 890 364 720 513 840 523 704 355 864 364
day14/0010.jpg 677 366 731 369 819 372 865 376 717 508 825 516 704 368 840 374
day08/0800.jpg 696 344 743 344 812 348 866 351 732 464 823 466 716 344 841 350
day15/0005.jpg 638 339 697 341 794 352 852 356 679 498 800 504 668 341 824 353
day22/0514.jpg 676 346 753 347 855 344 920 347 736 539 868 536 716 349 884 347
day07/0127.jpg 637 332 696 332 784 329 846 331 681 484 802 484 663 332 813 333
day25/0105.jpg 640 295 704 299 802 304 871 308 688 460 813 468 677 296 836 302
day11/0116.jpg 619 388 687 385 784 387 852 393 671 548 798 557 650 388 815 391
day22/0502.jpg 612 326 692 329 800 333 875 332 678 526 812 528 653 328 835 329
day16/0308.jpg 636 400 699 397 793 400 860 400 683 569 815 572 668 399 831 399
day12/0089.jpg 591 368 648 368 739 366 803 364 637 529 756 532 619 367 770 364
day09/0081.jpg 670 346 736 348 831 347 903 350 720 519 850 522 707 348 872 349
day22/0188.jpg 628 276 693 280 794 284 860 282 676 456 804 457 663 275 830 280
day16/0215.jpg 610 371 664 368 756 364 827 363 656 531 778 528 629 371 788 365
day02/0092.jpg 643 345 692 343 770 341 824 342 680 478 782 481 667 341 801 338
day22/0290.jpg 545 330 604 328 687 320 760 321 597 480 712 475 571 330 717 320
day09/0676.jpg 658 300 720 305 813 305 880 305 704 463 828 472 686 298 846 302
day09/0427.jpg 702 298 764 300 864 306 924 308 745 467 872 475 734 300 896 305
day04/0780.jpg 615 387 663 379 738 376 800 378 654 516 760 516 636 383 770 376
day07/0395.jpg 628 294 690 296 795 301 855 300 674 467 798 472 662 293 826 298
day24/0669.jpg 576 328 632 332 732 329 796 328 623 496 748 500 604 332 768 327
day05/0144.jpg 615 330 680 330 771 329 845 328 668 492 796 500 646 330 812 327
day23/0725.jpg 655 293 718 292 811 294 872 293 705 443 827 445 688 289 836 289
day10/0460.jpg 632 357 697 359 796 360 867 361 683 528 816 531 664 359 831 362
day16/0141.jpg 606 360 669 362 774 360 848 360 655 538 788 547 633 362 804 358
day14/0157.jpg 631 265 692 266 784 264 850 262 679 419 802 420 660 264 816 262
day03/0466.jpg 519 345 589 348 696 347 773 344 572 533 706 541 548 344 732 344
day23/0489.jpg 633 387 688 389 781 390 838 392 685 539 800 544 661 388 809 390
day17/0985.jpg 599 360 674 361 778 360 852 363 658 549 797 549 631 361 814 360
day15/0803.jpg 599 356 646 357 734 358 786 359 635 497 744 498 621 357 756 360
day20/0137.jpg 640 346 706 348 807 348 870 346 698 519 824 518 672 344 837 343
day12/0321.jpg 614 340 680 343 772 343 841 342 665 499 789 504 648 340 809 340
day23/0377.jpg 672 296 736 301 834 306 898 304 724 472 845 476 709 295 872 302
day19/0237.jpg 580 364 645 358 739 363 824 360 627 536 760 546 608 362 776 364
day22/0347.jpg 611 354 684 356 784 357 852 359 680 536 806 540 648 353 817 356
day19/0815.jpg 667 340 724 336 809 336 879 336 717 492 826 496 688 341 843 337
day19/0040.jpg 601 398 662 400 756 401 828 397 652 561 776 572 628 398 785 396
day10/0456.jpg 620 350 690 350 786 352 860 352 668 522 804 525 654 348 823 352
day24/0210.jpg 659 331 722 332 816 333 874 336 712 490 829 489 688 331 844 333
day08/0897.jpg 622 396 669 396 748 392 808 392 662 532 764 532 642 394 772 389
day19/0299.jpg 656 297 720 296 812 296 884 296 714 472 840 472 685 296 848 292
day09/0602.jpg 605 345 667 348 758 349 829 352 655 508 773 516 630 348 788 350
day19/0814.jpg 690 320 752 324 839 323 903 325 742 480 860 484 720 320 872 320
day10/0966.jpg 635 365 700 369 796 370 872 369 687 541 816 548 660 368 835 366
day19/0529.jpg 645 369 704 368 785 368 850 376 690 519 803 524 672 368 819 375
day17/0879.jpg 578 296 647 302 744 302 820 301 631 480 761 482 609 299 784 298
day08/0312.jpg 697 364 761 365 862 372 935 377 741 537 867 547 728 365 896 375
day13/0020.jpg 609 299 676 299 768 308 848 308 657 468 781 476 648 297 812 305
day12/0044.jpg 590 368 653 364 745 368 814 371 635 520 763 526 621 366 776 368
day19/0297.jpg 563 293 630 292 719 296 796 291 610 465 735 468 592 291 755 291
day18/0718.jpg 628 372 694 373 788 373 867 372 686 552 812 551 660 371 830 372
day03/0372.jpg 632 408 688 408 776 413 845 416 663 575 788 580 655 412 810 414
day02/0132.jpg 624 365 676 364 756 367 814 367 668 501 772 504 652 364 785 364
day24/0356.jpg 659 391 724 392 810 396 880 403 702 564 830 568 687 392 849 400
day25/0297.jpg 548 341 608 335 698 333 774 329 596 509 716 508 575 339 736 329
day11/0391.jpg 664 379 706 380 783 380 832 379 703 507 793 508 688 379 807 378
day04/0679.jpg 684 468 728 470 798 475 844 475 719 595 815 600 706 472 822 475
day23/0821.jpg 644 287 691 285 767 285 827 281 684 418 782 418 663 287 793 282
day17/0569.jpg 581 383 637 384 728 383 796 384 625 542 748 548 607 384 760 383
day02/0115.jpg 660 319 716 318 797 324 856 331 699 464 812 472 685 318 828 325
day23/0258.jpg 652 312 720 313 813 315 884 316 718 488 844 489 692 310 850 307
day16/0251.jpg 639 374 701 369 795 368 869 368 685 533 810 541 667 370 828 366
day19/0108.jpg 571 292 637 295 739 300 821 294 621 473 756 480 604 290 776 292
day19/0448.jpg 600 359 668 360 770 363 849 361 656 540 791 544 629 362 812 361
day16/0204.jpg 638 330 704 332 794 336 860 336 692 489 813 494 673 328 829 333
day06/0296.jpg 652 363 718 364 804 364 872 362 704 528 822 529 682 360 839 360
day09/0397.jpg 653 342 716 345 813 347 877 345 696 506 828 512 684 344 848 345
day01/1015.jpg 587 436 640 436 732 434 793 432 638 592 747 589 616 433 764 433
day01/0173.jpg 602 335 658 330 744 324 804 323 649 478 759 475 628 334 773 323
day04/0249.jpg 625 350 695 352 787 356 854 353 678 516 798 520 660 350 819 352
day01/0890.jpg 594 439 647 439 722 442 772 444 634 570 732 575 620 436 744 442
day12/0470.jpg 616 346 675 347 763 346 828 347 657 497 777 500 644 348 794 345
day18/0654.jpg 583 397 648 400 748 400 822 400 636 572 762 573 612 399 783 399
day09/0223.jpg 673 345 741 348 839 353 909 353 728 524 850 528 712 348 880 353
day22/0192.jpg 638 275 706 281 801 283 868 280 691 457 814 458 672 276 838 278
day11/0444.jpg 592 362 637 364 709 365 765 365 628 492 722 494 613 364 732 363
day09/0567.jpg 647 354 707 356 800 356 874 360 686 521 820 524 674 352 834 354
day23/0305.jpg 625 327 690 331 789 334 854 336 671 497 799 507 656 325 818 330
day08/0253.jpg 624 418 682 422 776 424 848 425 675 584 792 592 651 420 807 424
day06/0332.jpg 608 398 671 402 777 399 850 400 665 574 799 577 642 400 812 400
day25/0416.jpg 595 338 653 337 751 336 826 335 647 512 773 511 619 336 786 332
day20/0007.jpg 634 360 686 361 766 368 820 368 677 496 776 501 660 362 791 366
day07/0202.jpg 652 323 708 323 803 328 862 331 695 477 813 484 678 324 830 329
day10/0525.jpg 663 356 725 356 823 360 888 360 710 520 839 525 697 355 860 357
day09/0559.jpg 641 374 703 373 800 372 867 373 692 534 818 538 665 377 829 375
day14/0235.jpg 648 390 713 391 795 392 864 400 699 545 810 552 680 392 835 396
day24/0596.jpg 592 316 652 316 751 313 819 312 636 484 765 487 619 316 781 311
day01/0122.jpg 600 304 656 301 744 296 804 296 648 452 764 448 625 305 769 297
day18/0447.jpg 656 427 717 428 815 432 884 436 705 596 829 602 684 428 847 433
day19/0304.jpg 679 344 745 346 843 347 914 350 736 520 862 520 711 344 877 348
day08/0001.jpg 626 391 691 389 777 387 846 385 678 545 803 541 653 390 810 387
day08/0753.jpg 677 278 725 280 795 280 847 281 710 407 805 407 700 279 822 280
day10/0384.jpg 637 338 704 338 802 340 878 340 692 508 823 507 669 338 842 341
day19/0150.jpg 617 318 684 319 786 316 862 320 668 500 806 503 648 320 823 318
day18/0563.jpg 589 368 657 372 757 371 829 368 643 544 773 547 622 368 795 368
day24/1017.jpg 575 324 630 322 722 311 792 307 627 484 744 480 596 324 752 312
day22/0560.jpg 540 315 614 318 716 318 801 318 596 508 737 516 579 313 752 316
day17/0827.jpg 578 377 646 375 740 375 812 379 629 542 753 552 608 376 771 376
day01/0235.jpg 660 317 713 316 802 322 869 331 693 472 814 481 683 316 839 327
day12/0505.jpg 663 232 723 236 806 240 860 244 704 377 811 384 692 231 828 240
day14/0270.jpg 593 396 648 403 731 399 792 404 634 541 742 546 622 399 760 402
day25/0333.jpg 614 343 688 347 783 352 861 360 671 531 800 539 654 344 827 353
day19/0034.jpg 618 392 679 389 770 396 847 394 663 557 793 561 648 389 805 390
day10/0669.jpg 650 327 719 328 822 330 896 326 702 506 840 505 687 327 866 327
day18/0570.jpg 548 352 624 359 715 361 798 358 608 536 734 537 585 355 754 352
day08/0673.jpg 640 320 691 321 757 318 811 320 675 441 772 443 660 320 786 316
day09/0094.jpg 609 356 670 357 768 361 835 364 652 527 777 533 634 358 796 360
day25/0281.jpg 516 356 577 354 675 345 752 336 576 528 706 524 543 355 708 341
day17/0118.jpg 622 373 682 376 776 378 848 377 668 541 796 548 648 372 812 374
day10/0021.jpg 600 408 659 410 756 411 835 411 652 583 784 589 626 409 792 407
day19/0804.jpg 679 334 732 332 820 332 888 334 724 486 840 491 705 335 857 334
day05/0007.jpg 672 344 734 343 830 341 895 346 716 512 848 516 702 344 857 345
day15/0617.jpg 583 303 643 303 750 295 823 292 630 477 762 476 604 303 781 292
day04/0012.jpg 560 376 620 381 720 380 789 380 602 556 728 566 580 379 749 378
day06/0283.jpg 627 367 689 368 784 369 850 369 678 527 799 531 658 368 816 368
day18/0003.jpg 572 364 639 369 740 368 810 367 624 540 751 544 603 368 773 366
day03/0572.jpg 620 378 680 384 775 380 839 380 672 548 792 552 644 380 799 378
day15/0480.jpg 672 325 730 329 812 334 870 338 710 468 820 475 700 326 843 333
day19/0278.jpg 600 340 663 342 752 342 829 340 645 510 767 517 628 341 786 336
day14/0265.jpg 618 405 673 406 757 409 812 408 659 544 768 548 645 403 786 407
day12/0058.jpg 603 364 657 367 759 368 824 372 640 524 768 534 624 366 782 369
day23/0784.jpg 618 325 676 323 754 317 822 317 659 469 778 470 641 324 784 316
day20/0480.jpg 580 356 647 356 750 359 828 363 628 530 763 538 605 357 786 362
day09/0345.jpg 616 343 676 344 776 340 840 341 668 508 792 507 642 344 801 342
day03/0042.jpg 588 390 645 393 741 394 803 389 636 564 757 565 617 391 771 388
day18/0328.jpg 573 396 636 397 732 397 804 400 624 562 751 565 602 395 760 398
day01/0398.jpg 598 348 652 345 747 336 809 336 648 501 769 501 617 348 776 338
day18/0123.jpg 591 336 646 337 748 338 810 339 636 501 764 501 614 337 776 337
day06/0247.jpg 596 360 658 363 751 368 821 367 642 527 768 534 624 360 783 363
day19/0699.jpg 634 345 695 345 781 346 843 348 687 494 791 496 661 348 811 349
day15/0891.jpg 596 271 642 273 735 275 787 280 629 409 739 415 614 272 756 279
day15/0733.jpg 569 406 625 402 710 401 776 402 616 556 732 559 592 404 739 402
day16/0231.jpg 663 360 728 360 824 362 889 364 712 526 838 532 696 359 859 362
day22/0549.jpg 601 349 671 348 784 349 856 352 656 531 796 538 632 348 820 350
day14/0097.jpg 653 332 716 332 808 332 870 336 700 488 819 492 684 332 842 336
day01/0247.jpg 611 352 668 350 768 344 834 344 660 517 796 516 636 352 799 344
day18/0694.jpg 570 332 637 338 736 334 806 335 620 511 746 508 600 333 764 332
day02/0253.jpg 600 417 642 417 720 416 778 411 632 551 737 548 620 420 748 412
day08/0229.jpg 687 362 748 364 851 371 913 368 736 533 863 539 720 362 880 368
day09/0473.jpg 626 340 688 340 780 346 861 340 673 508 798 516 658 337 817 339
day25/0265.jpg 660 320 732 324 830 333 900 344 710 501 843 510 698 323 867 338
day23/0674.jpg 651 347 722 353 819 355 892 357 700 524 832 533 687 344 857 355
day15/0255.jpg 665 276 725 279 817 278 881 281 713 432 836 441 698 276 853 277
day15/0288.jpg 660 248 719 248 812 253 871 256 702 396 821 401 689 250 841 255
day17/0262.jpg 599 372 663 370 769 372 837 372 654 542 786 544 629 374 799 372
day17/0297.jpg 612 380 679 379 776 384 846 387 660 548 788 555 641 381 810 384
day09/0224.jpg 616 346 678 346 777 349 852 348 662 521 793 527 640 345 809 348
day17/0285.jpg 588 376 648 377 748 379 816 379 636 548 764 553 616 379 772 376
day18/0319.jpg 610 352 681 360 780 360 848 358 674 540 800 536 650 355 817 355
day15/0504.jpg 672 318 743 329 837 336 900 339 719 500 850 508 707 324 871 336
day14/0173.jpg 616 298 676 295 768 288 836 286 670 449 792 451 640 299 800 288
day17/0477.jpg 664 372 724 376 805 379 871 380 716 532 825 531 695 375 841 379
day10/0568.jpg 622 325 679 323 776 324 847 325 665 485 796 489 645 324 808 325
day08/0573.jpg 722 353 780 357 859 360 914 362 763 495 867 502 752 352 887 360
day04/0247.jpg 636 363 698 362 792 362 863 364 688 524 808 532 667 360 826 363
day03/0276.jpg 584 377 634 377 721 376 785 372 622 536 736 538 604 376 752 372
day23/0832.jpg 658 295 702 296 772 300 816 304 692 412 776 416 678 295 792 300
day01/0713.jpg 626 384 681 381 767 384 830 382 672 537 788 542 648 384 796 382
day25/0426.jpg 589 363 646 366 748 365 817 366 636 536 758 541 616 366 780 368
day23/0511.jpg 661 359 731 367 820 370 883 373 706 526 828 533 694 361 852 368
day05/0054.jpg 636 404 691 411 780 415 846 416 669 566 793 581 661 405 812 413
day10/0494.jpg 649 306 716 308 807 312 876 313 700 474 826 479 682 305 843 311
day10/0517.jpg 604 356 666 353 757 355 828 356 650 512 775 517 632 357 788 356
day01/0399.jpg 647 339 709 339 805 340 864 340 700 500 825 504 677 340 837 342
day01/0872.jpg 632 328 684 329 768 328 821 330 677 462 784 468 653 328 796 328
day25/0118.jpg 584 328 649 327 733 324 809 328 631 486 755 488 609 324 764 324
day20/0196.jpg 579 324 640 325 742 324 815 324 629 494 762 497 609 323 779 322
day24/0666.jpg 581 323 640 323 739 324 800 324 626 492 755 493 611 318 772 321
day25/0148.jpg 596 300 655 306 751 306 822 308 637 471 756 478 620 303 779 300
day04/0162.jpg 621 422 684 428 782 430 851 431 669 596 798 600 651 420 816 428
day19/0393.jpg 596 342 662 343 756 344 842 345 648 516 780 525 622 343 797 347
day16/0104.jpg 617 370 680 370 776 367 843 371 667 531 791 536 646 367 805 369
day08/0228.jpg 673 404 738 406 828 408 896 402 731 572 851 569 708 404 871 401
day22/0054.jpg 636 320 695 323 782 328 840 333 681 476 801 481 665 320 814 330
day01/0481.jpg 630 280 688 280 780 284 846 283 681 441 794 446 656 279 812 280
day19/0583.jpg 639 372 698 372 781 371 848 371 690 521 804 524 663 372 812 372
day10/0227.jpg 600 316 662 316 762 319 837 325 643 489 780 496 629 317 796 320
day02/0289.jpg 624 440 675 437 750 435 808 436 658 568 763 572 645 440 772 436
day16/0139.jpg 609 373 675 372 772 369 845 369 660 544 795 545 636 372 812 369
day22/0569.jpg 572 342 641 345 747 349 829 349 617 530 757 541 604 345 777 345
day10/0099.jpg 618 395 683 397 773 404 850 408 663 564 789 577 647 396 810 406
day14/0332.jpg 629 382 695 383 796 388 864 388 676 558 808 561 662 380 829 385
day17/0772.jpg 641 352 716 352 804 354 880 354 701 537 833 533 679 356 851 354
day15/0795.jpg 670 382 723 383 816 386 881 387 713 531 828 533 694 385 850 386
day01/1005.jpg 634 435 694 439 787 444 844 450 685 590 796 599 667 438 816 447
day14/0067.jpg 633 280 683 282 754 287 807 286 662 406 765 411 658 280 782 285
day07/0333.jpg 637 311 699 312 801 315 859 316 679 477 811 477 670 309 828 316
day04/0248.jpg 648 357 714 355 805 358 875 362 695 520 816 525 682 355 842 360
day03/0432.jpg 655 400 720 402 815 404 877 400 709 577 835 580 687 400 850 400
day09/0153.jpg 627 329 700 330 805 335 883 334 679 516 822 518 668 329 844 333
day16/0315.jpg 622 383 679 384 784 385 852 386 670 555 802 563 654 382 817 383
day15/0443.jpg 642 360 692 361 777 363 832 365 680 499 789 501 664 362 803 365
day12/0195.jpg 638 416 686 418 759 414 818 412 683 545 780 545 659 418 785 412
day09/0201.jpg 633 333 697 336 801 336 870 340 676 512 814 517 665 334 835 338
day09/0693.jpg 673 311 736 313 818 310 882 306 726 461 841 461 704 309 850 307
day03/0377.jpg 620 398 678 403 760 403 832 404 657 568 773 572 639 397 793 402
day16/0805.jpg 616 396 675 395 766 398 825 401 658 547 778 550 646 400 792 400
day04/0641.jpg 616 413 665 412 740 409 790 410 652 537 754 541 637 414 761 409
day17/0526.jpg 579 396 636 397 725 397 795 400 627 558 741 566 602 395 760 397
day03/0478.jpg 606 393 663 394 760 394 830 396 656 558 779 564 634 393 793 395
day01/0016.jpg 634 312 685 314 770 313 824 313 678 450 779 452 660 315 797 310
day17/0318.jpg 564 351 629 350 721 353 794 352 617 517 734 525 591 348 752 353
day12/0342.jpg 612 415 671 416 764 412 833 413 656 573 785 577 641 413 795 414
day18/0141.jpg 621 339 694 342 781 345 856 342 672 504 796 512 662 341 817 342
day11/0449.jpg 633 375 682 375 757 382 810 387 666 500 762 514 658 375 787 383
day24/0310.jpg 637 308 695 313 795 322 852 322 681 477 802 483 665 310 827 321
day23/0720.jpg 658 331 704 332 775 337 820 337 693 453 785 460 679 333 799 337
day11/0041.jpg 629 412 688 415 777 418 847 417 670 576 795 579 655 412 811 416
day13/0063.jpg 566 312 629 307 738 300 812 301 617 491 762 489 595 312 769 300
day01/0498.jpg 637 284 698 284 789 288 857 286 682 441 795 450 667 284 823 287
day25/0032.jpg 675 315 744 317 841 319 914 320 732 495 865 500 715 312 881 314
day20/0209.jpg 562 305 629 306 728 309 803 311 603 478 736 488 593 304 759 310
day23/0220.jpg 634 331 704 333 803 332 882 333 695 508 825 512 667 332 849 331
day08/0847.jpg 645 325 702 326 789 326 851 330 682 475 801 479 670 325 817 329
day20/0036.jpg 639 296 696 294 782 293 845 291 683 440 797 444 666 293 809 290
day15/0566.jpg 637 387 692 387 775 385 837 389 680 533 797 539 663 389 811 388
day14/0237.jpg 695 415 750 419 835 424 891 428 741 566 847 573 722 417 866 425
day17/0574.jpg 655 373 715 375 814 378 868 379 707 533 820 539 679 375 844 379
day08/0075.jpg 620 367 683 372 781 375 860 374 668 546 801 555 650 367 813 370
day18/0232.jpg 561 314 625 312 716 308 793 307 612 471 739 475 589 312 749 303
day09/0576.jpg 711 385 776 387 864 390 933 393 756 550 883 554 739 387 902 392
day18/0152.jpg 647 347 708 349 801 347 865 348 695 510 822 512 681 349 835 346
day04/0753.jpg 646 345 703 350 788 352 845 353 684 492 800 496 670 348 812 348
day12/0117.jpg 585 415 644 414 741 414 804 417 636 575 762 579 612 414 769 415
day10/0489.jpg 633 284 697 287 794 287 874 285 689 455 818 460 662 285 833 283
day17/0314.jpg 639 356 712 359 800 364 870 359 691 530 815 532 679 354 841 359
day24/0812.jpg 645 380 709 382 805 384 873 387 691 550 821 556 672 381 840 389
day23/0393.jpg 621 318 683 318 783 316 854 320 675 486 795 489 651 319 820 319
day04/0306.jpg 583 350 645 357 744 359 819 358 629 521 758 533 608 354 779 356
day11/0138.jpg 652 344 716 346 812 350 875 352 702 507 820 510 686 347 842 350
day12/0230.jpg 626 312 687 314 774 312 826 316 676 457 787 458 660 308 805 312
day18/0697.jpg 549 354 621 353 710 351 788 352 609 524 734 529 590 351 754 349
day04/0770.jpg 690 333 754 338 839 345 892 351 733 483 849 495 723 338 866 350
day07/0316.jpg 643 320 704 316 795 319 862 320 688 478 814 484 672 320 825 317
day20/0460.jpg 637 312 705 316 816 324 895 325 691 502 831 505 675 313 858 320
day11/0389.jpg 666 378 709 378 784 376 837 379 704 503 799 503 684 379 808 379
day15/0013.jpg 614 337 675 339 769 343 841 348 662 498 784 505 645 340 803 346
day10/0954.jpg 679 362 751 362 846 365 920 370 739 537 869 539 713 363 883 367
day17/0829.jpg 645 371 710 373 804 378 868 380 690 540 816 545 677 375 838 379
day22/0146.jpg 645 301 712 307 796 308 864 310 698 469 812 472 682 302 833 304
day23/0046.jpg 648 412 716 413 821 416 885 418 695 587 831 594 687 411 850 413
day04/0626.jpg 661 370 714 372 790 373 842 373 696 504 802 508 687 372 817 372
day17/0637.jpg 615 380 686 380 775 383 845 385 669 554 789 558 654 378 811 383
day04/0571.jpg 629 369 683 372 761 376 820 380 658 509 774 517 652 370 787 372
day15/0359.jpg 594 324 654 325 735 329 805 329 629 480 744 486 624 322 767 325
day22/0551.jpg 627 325 708 326 816 325 883 326 698 521 833 520 670 322 851 325
day14/0153.jpg 625 303 683 301 779 300 845 301 670 456 794 459 654 303 808 304
day03/0335.jpg 626 377 681 378 776 377 841 374 679 545 795 542 653 378 808 374
day23/0652.jpg 688 356 753 362 852 365 916 368 737 529 864 534 723 358 883 366
day07/0324.jpg 643 310 707 308 803 312 866 318 688 472 815 479 675 310 837 316
day12/0355.jpg 628 410 686 410 777 407 845 409 675 563 800 567 655 408 813 408
day23/0641.jpg 665 378 722 377 811 373 888 378 712 542 837 546 691 378 848 375
day10/0409.jpg 627 335 689 340 798 337 866 343 675 508 815 516 654 338 825 341
day10/0823.jpg 625 370 697 369 800 373 880 370 682 553 822 556 658 372 834 371
day09/0671.jpg 602 294 656 292 745 287 803 285 646 442 762 436 625 293 771 283
day17/0597.jpg 632 361 693 360 784 362 850 366 681 524 802 525 664 360 819 366
day22/0357.jpg 623 382 692 380 791 385 863 387 676 561 811 564 656 381 826 386
day03/0038.jpg 643 372 705 368 800 365 860 362 698 537 825 537 675 366 829 362
day22/0164.jpg 633 294 702 297 791 302 862 300 683 461 801 464 670 293 827 297
day23/0845.jpg 629 348 691 349 778 350 847 352 677 504 792 507 659 349 808 352
day04/0427.jpg 654 346 698 349 758 350 803 352 678 459 766 463 675 345 782 350
day09/0457.jpg 701 327 766 332 862 332 925 333 746 493 870 501 739 325 894 330
day19/0501.jpg 623 307 674 308 753 306 811 306 667 443 771 441 644 309 781 304
day03/0195.jpg 590 383 643 385 735 388 809 388 630 553 750 563 617 385 771 387
day22/0363.jpg 600 347 664 347 773 347 854 350 649 528 786 537 630 347 809 348
day17/0474.jpg 627 363 686 367 770 368 839 371 670 519 790 520 653 364 806 366
day14/0335.jpg 619 400 681 400 780 403 851 402 667 570 795 575 648 400 813 404
day16/0688.jpg 641 349 695 350 783 347 842 346 681 491 795 494 665 349 806 345
day04/0476.jpg 684 345 740 345 818 343 874 347 724 479 831 483 716 341 848 345
day04/0220.jpg 622 358 691 358 786 361 862 363 674 526 803 535 654 359 823 361
day20/0449.jpg 595 327 666 333 776 330 858 331 649 517 791 525 627 328 814 329
day22/0733.jpg 611 304 688 307 796 310 880 316 670 504 825 504 653 307 838 310
day22/0036.jpg 622 347 681 351 766 355 829 358 666 502 777 508 652 347 795 352
day22/0084.jpg 558 341 616 335 707 330 781 328 613 496 737 495 586 339 742 329
day25/0309.jpg 613 339 678 340 783 344 858 344 670 516 798 520 647 340 823 345
day19/0354.jpg 581 334 648 337 741 339 821 340 632 512 764 514 610 338 776 338
day22/0610.jpg 573 347 633 345 738 339 817 337 623 522 758 526 600 346 771 339
day24/1018.jpg 618 309 681 307 775 311 833 309 662 460 785 462 650 306 804 310
day22/0081.jpg 643 312 704 314 808 311 875 309 693 479 829 479 672 312 841 309
day22/0726.jpg 552 331 613 329 719 320 799 321 601 513 745 512 581 328 753 321
day12/0440.jpg 624 314 684 316 783 320 850 316 674 479 793 484 650 314 815 316
day17/0275.jpg 612 366 679 366 785 371 854 370 666 536 800 542 643 370 809 372
day23/0229.jpg 558 313 618 314 723 320 793 320 597 485 720 497 591 312 753 315
day06/0329.jpg 576 400 645 398 746 396 817 400 632 570 767 575 604 400 778 398
day08/0654.jpg 674 314 737 322 808 326 856 330 709 450 812 459 704 316 833 325
day11/0128.jpg 626 371 688 375 777 378 845 379 673 529 795 535 654 375 808 379
day08/0891.jpg 664 382 720 386 795 387 845 394 704 518 810 524 690 382 817 390
day22/0468.jpg 612 395 683 394 793 400 866 400 669 579 808 581 650 395 827 398
day22/0007.jpg 637 391 695 393 782 396 846 399 680 543 798 551 665 393 811 395
day14/0088.jpg 625 295 670 298 747 299 805 296 662 429 762 425 645 296 779 297
day22/0025.jpg 644 341 700 346 783 351 845 355 686 492 794 503 674 343 816 351
day08/0387.jpg 695 412 756 414 847 417 907 412 749 573 867 570 725 412 882 412
day07/0337.jpg 609 301 674 304 772 304 834 306 657 471 785 474 637 302 800 305
day23/0111.jpg 582 321 644 318 745 324 815 322 633 488 758 495 613 316 775 316
day16/0863.jpg 656 368 710 367 803 370 860 371 700 516 819 517 684 366 833 366
day04/0225.jpg 614 374 679 372 774 371 851 375 666 538 800 541 645 377 810 375
day16/0539.jpg 583 365 642 371 741 366 817 370 628 541 757 545 609 366 776 366
day16/0735.jpg 608 356 660 356 741 352 801 350 645 495 754 498 633 354 768 350
day08/0687.jpg 662 329 712 329 783 331 830 332 700 450 789 452 684 328 805 331
day08/0723.jpg 655 282 706 283 787 284 847 282 695 420 801 422 679 280 813 279
day12/0271.jpg 637 346 702 344 787 347 853 350 684 496 800 501 672 343 824 347
day06/0352.jpg 606 399 671 398 777 400 847 400 655 570 798 577 637 400 816 400
day12/0144.jpg 594 420 650 422 739 416 807 416 639 579 758 582 617 420 768 417
day17/0464.jpg 600 371 658 371 750 374 812 378 640 525 754 530 624 372 777 375
day03/0172.jpg 626 387 685 383 784 383 849 383 673 558 801 553 650 387 816 384
day24/0862.jpg 610 300 683 302 787 305 854 307 666 484 796 487 650 297 821 304
day12/0252.jpg 607 350 667 350 754 354 820 352 654 503 770 512 637 346 785 350
day01/0302.jpg 700 404 774 407 869 413 931 417 757 581 883 590 740 405 900 414
day09/0820.jpg 634 308 679 302 758 296 815 290 680 430 780 426 657 304 780 292
day16/0850.jpg 651 362 705 361 789 360 842 362 692 498 801 503 679 360 815 358
day07/0138.jpg 652 337 712 339 797 338 858 342 693 489 814 494 679 337 825 341
day02/0476.jpg 624 458 691 454 775 450 844 449 679 615 808 610 656 456 809 449
day24/0268.jpg 643 337 696 337 783 330 849 327 687 487 801 488 665 336 813 326
day15/0685.jpg 584 373 642 371 733 372 804 374 630 533 752 540 609 373 764 370
day10/0548.jpg 625 310 688 308 783 308 862 310 673 475 808 480 656 308 823 308
day02/0011.jpg 658 346 720 350 810 359 862 362 706 500 825 508 689 347 837 358
day18/0681.jpg 572 353 639 353 733 351 814 351 623 523 757 530 604 350 771 348
day08/0102.jpg 643 376 704 377 796 374 865 378 691 529 815 539 670 375 823 373
day04/0293.jpg 623 341 687 339 785 341 854 342 664 510 797 515 654 341 821 342
day11/0474.jpg 662 366 716 364 786 362 841 362 707 490 804 493 689 365 809 363
day13/0038.jpg 677 419 732 419 824 427 883 427 715 569 835 580 703 418 854 428
day23/0827.jpg 657 311 709 313 779 311 827 314 696 433 793 435 683 310 803 310
day17/0944.jpg 583 366 647 367 741 363 818 362 631 537 763 540 610 361 775 362
day07/0462.jpg 609 354 684 358 781 361 854 362 658 533 799 539 642 353 819 359
day03/0329.jpg 640 384 697 382 794 379 852 377 693 544 821 541 668 382 820 379
day09/0263.jpg 594 350 658 350 763 353 843 357 638 525 779 537 621 350 797 354
day19/0614.jpg 660 387 719 391 805 395 859 397 700 537 816 548 690 389 830 398
day18/0390.jpg 610 325 691 331 793 332 872 332 671 516 816 521 654 328 830 332
day08/0426.jpg 667 375 730 372 831 368 901 366 721 533 849 533 702 375 865 370
day16/0537.jpg 568 364 619 367 725 361 794 363 612 535 745 537 592 366 751 361
day01/0594.jpg 619 354 675 352 760 352 816 350 661 497 775 498 646 354 787 350
day22/0281.jpg 586 313 645 313 738 312 802 311 628 463 758 467 611 312 764 312
day19/0801.jpg 673 327 730 325 819 324 886 325 715 477 841 483 696 325 847 325
day02/0035.jpg 684 428 746 432 842 440 887 443 726 586 851 592 716 431 864 441
day01/0880.jpg 632 325 683 323 766 324 821 325 673 462 780 467 657 323 791 325
day19/0386.jpg 654 336 723 334 826 337 904 338 702 515 841 520 688 332 862 337
day22/0596.jpg 662 332 732 329 836 330 909 328 730 523 865 522 694 331 875 328
day18/0012.jpg 556 370 625 370 723 364 799 364 608 536 752 539 590 369 757 367
day23/0807.jpg 678 292 731 294 808 295 864 298 716 424 820 430 703 295 835 296
day04/0680.jpg 653 479 704 475 773 475 824 477 688 599 795 601 677 477 798 477
day01/0961.jpg 608 408 679 408 763 408 829 415 658 571 782 575 636 410 796 416
day17/0104.jpg 602 370 664 369 754 373 832 368 640 537 766 543 625 369 789 369
day24/0385.jpg 620 401 681 400 771 399 837 396 662 566 795 570 645 400 803 396
day24/0754.jpg 656 300 718 308 804 312 864 311 695 463 813 465 685 304 836 309
day18/0070.jpg 553 330 620 331 720 331 791 329 604 497 734 504 580 329 753 330
day14/0231.jpg 660 384 724 383 816 392 873 396 703 541 825 545 693 383 845 395
day16/0586.jpg 607 394 673 391 762 396 834 397 655 557 784 562 639 391 800 396
day04/0294.jpg 658 339 732 339 831 342 898 348 714 506 842 514 694 340 868 345
day24/0211.jpg 647 327 709 328 796 326 859 327 702 482 816 483 674 328 828 325
day18/0104.jpg 654 387 720 392 803 399 870 403 702 550 824 561 687 389 841 400
day16/0332.jpg 641 368 711 368 804 372 870 373 687 535 820 543 682 366 836 372
day20/0241.jpg 633 404 708 408 809 411 883 410 683 592 833 600 671 406 847 408
day15/0616.jpg 583 308 643 309 750 300 823 300 633 483 771 480 607 311 777 300
day09/0056.jpg 654 349 719 353 808 358 880 362 693 513 819 524 687 350 849 359
day19/0146.jpg 608 295 681 295 788 296 867 300 665 479 802 486 639 292 827 295
day15/0759.jpg 649 319 703 318 786 320 850 325 683 461 802 465 675 320 813 322
day23/0561.jpg 637 420 700 416 794 418 868 421 684 586 822 591 666 417 831 415
day16/0767.jpg 634 428 690 427 769 424 834 421 678 564 790 565 658 426 794 421
day19/0492.jpg 640 314 696 319 776 321 835 325 670 460 787 470 666 317 805 324
day08/0019.jpg 622 381 685 384 775 384 845 383 666 538 788 541 655 383 804 384
day08/0037.jpg 666 360 733 362 822 362 886 362 714 521 838 526 704 359 858 365
day16/0375.jpg 658 340 725 345 816 355 891 360 698 519 836 529 692 341 858 354
day17/0295.jpg 609 379 678 380 772 385 842 385 656 545 788 554 639 380 805 386
day11/0084.jpg 582 362 645 359 741 362 818 364 631 526 759 534 609 362 774 364
day18/0055.jpg 602 358 669 358 761 361 835 362 651 520 779 526 633 359 796 360
day20/0430.jpg 615 330 687 326 782 328 870 330 666 506 815 512 647 326 827 329
day24/0282.jpg 639 319 694 319 783 316 858 314 676 475 803 479 662 320 815 315
day20/0295.jpg 534 317 601 319 691 322 767 320 582 481 712 491 565 317 724 323
day06/0232.jpg 642 345 711 345 805 349 867 342 700 509 825 512 677 342 837 345
day07/0106.jpg 657 304 730 310 815 313 870 318 701 466 825 469 699 307 845 315
day22/0419.jpg 609 280 691 285 780 289 862 292 666 462 800 469 654 279 822 287
day23/0861.jpg 658 279 727 282 821 288 883 291 707 437 829 445 692 279 848 287
day23/0806.jpg 670 288 727 292 804 293 866 292 715 424 815 430 701 290 839 292
day16/0795.jpg 659 370 722 368 816 375 887 378 704 533 829 538 687 369 855 375
day18/0115.jpg 576 400 638 403 733 404 806 406 625 566 754 572 608 402 763 403
day25/0364.jpg 596 368 657 370 766 371 829 369 641 541 774 550 625 370 794 371
day19/0145.jpg 645 312 716 310 823 312 895 310 704 496 837 495 681 310 861 310
day07/0276.jpg 624 342 689 344 782 344 852 348 672 507 800 509 651 344 816 344
day19/0369.jpg 632 332 708 336 812 335 881 336 689 521 827 522 670 333 843 336
day11/0512.jpg 633 358 698 356 792 356 860 356 680 522 812 522 665 355 824 354
day10/0903.jpg 658 275 725 277 824 276 893 277 708 450 840 452 688 274 857 275
day23/0226.jpg 597 332 668 332 770 336 837 333 648 504 785 508 631 331 801 334
day08/0605.jpg 656 310 717 312 806 308 870 308 701 464 826 468 678 309 833 306
day15/0585.jpg 606 288 670 286 769 287 838 287 653 451 785 453 635 288 803 287
day20/0096.jpg 612 329 667 332 745 328 804 329 665 463 764 467 638 331 772 325
day19/0151.jpg 585 296 657 292 760 296 837 294 632 480 775 484 619 294 798 295
day23/0272.jpg 685 368 760 368 848 363 916 364 744 536 868 536 724 368 884 368
day10/0476.jpg 609 363 682 365 784 368 865 372 657 543 802 556 636 364 828 370
day01/0901.jpg 621 429 677 428 753 427 812 428 664 570 771 575 644 431 784 428
day19/0632.jpg 629 366 693 368 780 369 838 372 677 515 796 522 664 366 813 370
day01/0942.jpg 620 436 681 434 768 435 826 436 672 585 784 587 647 437 795 436
day10/0364.jpg 572 304 640 306 740 310 822 311 622 478 762 488 602 304 776 308
day24/0295.jpg 646 316 704 318 796 320 860 321 680 474 802 480 668 318 825 321
day12/0566.jpg 615 350 684 350 783 356 853 364 659 524 796 529 651 352 820 362
day01/0307.jpg 633 394 693 393 784 392 857 392 680 554 805 557 662 392 822 389
day12/0278.jpg 640 349 702 351 790 356 852 356 680 505 802 508 670 354 820 357
day01/0149.jpg 627 353 680 353 765 354 828 358 664 502 781 508 651 352 796 356
day01/0065.jpg 654 316 720 321 804 319 870 319 701 480 823 480 685 319 837 320
day20/0061.jpg 625 306 678 308 756 309 812 308 667 439 770 446 652 306 782 308
day02/0392.jpg 624 428 687 428 781 426 849 426 680 600 805 600 659 426 816 425
day14/0037.jpg 648 324 711 322 796 325 868 320 695 480 816 482 679 322 828 320
day24/0931.jpg 618 300 692 296 768 298 838 295 660 455 790 460 644 298 803 297
day23/0295.jpg 676 342 739 339 838 341 906 345 732 510 856 511 711 335 872 339
day01/0808.jpg 631 423 680 427 754 426 805 427 665 553 764 557 648 423 775 425
day18/0278.jpg 603 328 680 331 782 332 858 332 659 516 804 520 643 329 822 331
day20/0267.jpg 688 352 761 349 855 347 930 346 748 529 876 528 728 352 896 346
day24/0136.jpg 634 323 695 320 783 320 850 318 677 478 796 480 663 322 816 316
day15/0422.jpg 635 312 703 310 801 311 869 311 687 475 819 477 668 308 834 308
day17/0252.jpg 592 376 660 372 756 374 827 372 644 547 772 548 624 372 790 372
day11/0167.jpg 630 330 696 332 788 337 859 336 681 487 811 492 664 332 825 339
day19/0687.jpg 596 335 651 333 731 328 796 329 638 475 756 478 620 334 764 328
day14/0048.jpg 672 328 733 328 823 330 887 330 712 482 838 488 701 329 855 328
day12/0512.jpg 626 241 682 241 767 238 825 240 666 374 782 372 651 243 793 240
day19/0320.jpg 663 352 733 352 828 354 900 358 714 521 850 525 694 352 864 356
day15/0582.jpg 595 267 654 268 745 264 820 261 636 424 764 428 624 264 782 260
day01/0366.jpg 664 319 736 320 824 324 896 328 711 491 843 494 703 316 859 326
day17/0716.jpg 656 314 724 316 812 318 882 322 706 483 831 488 689 318 848 320
day02/0362.jpg 610 431 674 430 765 434 833 433 656 601 782 605 638 433 800 431
day16/0214.jpg 674 348 739 352 829 359 898 363 719 515 849 524 708 350 865 360
day11/0440.jpg 592 372 636 374 718 373 770 376 620 507 727 510 608 372 745 372
day09/0333.jpg 619 328 681 328 776 331 846 330 664 496 790 500 644 326 809 322
day01/0300.jpg 656 387 716 391 804 392 868 392 699 556 826 562 685 387 843 392
day11/0030.jpg 653 410 716 410 808 412 877 412 702 568 829 577 684 412 845 412
day09/0167.jpg 626 425 689 430 786 433 853 436 668 590 798 602 655 431 816 434
day15/0353.jpg 674 334 736 336 820 343 885 346 706 489 835 498 704 333 855 340
day09/0639.jpg 596 336 656 337 749 338 820 336 637 496 761 504 623 336 778 336
day01/0873.jpg 598 324 655 320 733 315 789 312 642 456 751 452 619 324 755 312
day19/0786.jpg 613 343 668 340 745 337 806 336 652 476 764 478 634 340 775 336
day01/0299.jpg 610 396 665 396 757 392 824 388 657 558 784 559 635 393 788 388
day10/0452.jpg 600 361 671 360 768 366 844 362 654 532 784 536 636 359 801 358
day23/0830.jpg 653 299 703 303 766 301 813 305 684 416 775 420 678 300 788 300
day19/0009.jpg 582 361 648 361 740 364 814 362 614 527 752 537 611 361 770 360
day11/0212.jpg 656 420 715 421 805 428 871 428 690 578 816 587 686 417 836 425
day20/0263.jpg 580 341 648 340 741 341 821 347 620 519 759 530 605 343 780 344
day10/0310.jpg 591 336 656 336 756 341 825 339 633 511 766 519 620 334 784 336
day09/0154.jpg 597 340 667 345 772 345 844 347 640 521 787 529 636 343 804 344
day06/0149.jpg 586 359 645 363 736 358 800 353 628 520 756 522 612 363 765 354
day17/0747.jpg 553 361 623 365 721 364 796 364 603 541 744 540 583 364 752 362
day15/0560.jpg 629 389 684 388 771 387 829 390 665 534 789 534 654 391 795 389
day23/0702.jpg 634 339 686 337 748 334 810 337 671 459 771 462 657 337 779 335
day01/0304.jpg 643 395 707 398 804 401 875 400 696 574 828 581 670 397 841 395
day02/0350.jpg 629 367 688 370 778 373 848 377 675 529 794 537 657 370 816 372
day09/0247.jpg 627 326 698 325 803 330 881 330 672 509 818 513 661 327 840 328
day07/0218.jpg 647 319 705 324 795 325 854 325 688 479 812 483 676 320 825 325
day08/0074.jpg 661 381 730 379 825 382 892 384 705 549 842 557 694 379 860 383
day05/0012.jpg 618 333 685 334 778 337 849 341 662 498 792 510 652 333 817 340
day09/0410.jpg 674 359 736 359 829 363 897 359 720 519 845 527 709 355 866 358
day09/0367.jpg 625 332 684 336 779 336 852 337 665 494 792 502 647 335 806 338
day03/0184.jpg 595 389 659 391 750 392 820 392 641 558 766 564 625 389 783 390
day19/0484.jpg 658 322 715 325 795 327 854 330 693 466 807 470 687 325 821 326
day08/0194.jpg 693 405 756 404 847 404 908 402 740 564 868 569 729 404 882 400
day01/0286.jpg 633 407 693 406 788 404 854 409 683 574 810 575 658 408 822 409
day15/0384.jpg 653 344 714 345 798 350 862 357 692 496 814 504 681 345 829 352
day16/0124.jpg 655 358 730 362 826 370 895 374 700 531 841 538 692 357 860 368
day17/0653.jpg 629 337 696 342 787 345 859 346 678 512 808 514 665 337 825 344
day04/0544.jpg 661 325 713 329 784 333 834 333 694 455 793 462 686 324 809 333
day22/0085.jpg 651 305 714 309 804 312 866 319 695 469 818 475 688 304 839 313
day12/0055.jpg 603 367 663 367 759 370 824 372 645 526 773 532 629 367 789 371
day06/0100.jpg 588 296 650 299 744 300 816 299 629 465 764 470 615 297 780 300
day17/0020.jpg 595 381 658 379 760 379 825 380 639 548 772 550 625 382 787 379
day09/0205.jpg 608 335 679 337 779 340 861 342 666 512 797 520 643 334 817 337
day08/0659.jpg 678 318 732 326 806 327 858 333 704 454 815 462 704 316 833 327
day06/0313.jpg 578 405 641 406 737 406 816 407 618 576 766 581 611 406 776 408
day15/0692.jpg 669 353 737 364 825 372 892 376 717 525 836 537 705 357 858 372
day09/0474.jpg 627 333 695 333 795 338 862 337 680 503 806 506 662 335 826 338
day01/0447.jpg 626 340 676 340 759 337 818 344 671 477 776 482 649 341 784 341
day02/0345.jpg 623 362 687 365 787 368 851 365 677 528 799 534 660 360 818 363
day04/0350.jpg 612 325 650 325 719 323 767 324 641 441 733 441 632 325 738 324
day25/0396.jpg 558 388 616 387 710 383 784 383 593 561 729 564 582 387 746 383
day08/0232.jpg 645 375 712 379 811 379 879 380 692 546 821 552 678 376 839 377
day04/0348.jpg 639 312 685 313 754 314 802 320 675 430 766 434 662 309 775 314
day18/0520.jpg 619 361 688 363 788 364 861 365 669 541 805 546 654 362 820 365
day15/0597.jpg 562 300 625 298 719 291 793 288 612 460 743 462 587 300 754 291
day22/0464.jpg 633 379 705 380 812 381 879 378 684 570 829 570 673 379 847 375
day11/0357.jpg 676 304 738 305 817 307 881 316 714 447 833 454 707 310 851 314
day04/0784.jpg 674 376 741 379 811 379 865 388 714 510 825 520 708 378 841 383
day11/0107.jpg 649 379 721 380 816 382 887 386 698 548 833 554 688 379 849 381
day22/0295.jpg 600 316 664 320 747 322 816 321 643 473 772 477 636 319 784 319
day16/0877.jpg 605 391 665 392 741 387 815 386 645 537 766 539 628 391 775 385
day10/0775.jpg 616 329 683 333 781 335 848 332 663 495 791 503 645 331 810 332
day19/0564.jpg 680 345 741 350 819 354 875 359 720 499 837 506 712 350 853 355
day01/0024.jpg 633 351 687 348 767 349 829 353 670 492 781 494 657 348 794 350
day07/0286.jpg 608 341 668 342 762 338 833 341 654 504 784 504 637 345 798 342
day06/0111.jpg 593 343 662 341 745 343 817 341 641 494 762 503 625 339 779 337
day06/0108.jpg 611 345 668 344 760 344 828 350 654 497 775 503 636 341 792 347
day15/0236.jpg 666 362 729 364 809 362 878 370 706 508 829 515 694 364 841 366
day25/0039.jpg 579 314 648 321 744 327 829 329 614 495 752 509 609 312 779 321
day09/0487.jpg 645 304 719 312 812 313 878 316 695 472 825 478 683 310 845 313
day01/0896.jpg 582 443 631 442 712 444 764 450 620 574 724 578 606 443 736 449
day14/0047.jpg 665 325 725 325 816 329 881 328 702 479 833 484 693 325 846 326
day23/0350.jpg 600 330 662 329 756 330 831 331 641 498 773 507 625 327 785 328
day12/0519.jpg 646 237 710 242 793 244 850 247 695 387 809 387 678 241 821 245
day06/0204.jpg 639 338 709 344 801 345 868 343 688 508 826 511 676 338 836 340
day13/0002.jpg 574 300 647 300 738 299 804 295 624 462 754 465 604 298 764 294
day20/0388.jpg 552 329 621 325 712 325 802 321 601 492 737 500 584 325 750 325
day08/0294.jpg 675 378 745 380 842 384 912 384 723 548 850 552 712 384 875 386
day11/0055.jpg 635 406 695 411 785 412 850 412 677 570 800 570 662 405 815 408
day09/0398.jpg 652 337 717 340 808 342 883 340 697 501 828 509 695 337 849 336
day17/1044.jpg 650 378 722 384 815 387 878 390 695 554 829 557 688 383 850 388
day12/0573.jpg 590 348 662 352 766 354 841 357 644 526 776 534 630 349 809 352
day08/0529.jpg 641 345 692 350 762 347 828 349 677 476 782 480 662 348 788 349
day19/0104.jpg 593 306 667 308 772 310 844 309 654 487 786 491 631 303 809 303
day09/0698.jpg 677 324 735 329 823 328 886 329 723 476 841 484 702 323 853 325
day23/0786.jpg 587 327 642 327 727 322 795 320 628 477 745 479 611 329 755 321
day01/0472.jpg 619 342 675 342 753 342 811 342 663 482 769 485 645 338 779 339
day08/0121.jpg 630 375 695 375 790 380 867 379 681 537 807 544 665 371 826 375
day12/0111.jpg 604 413 673 413 762 416 829 419 650 581 783 586 626 413 793 415
day19/0818.jpg 703 317 768 316 852 319 914 321 748 472 866 475 734 314 883 317
day10/0087.jpg 626 377 692 384 778 388 859 391 671 554 803 565 652 377 819 381
day18/0423.jpg 557 348 628 354 723 354 800 355 601 521 739 533 588 352 760 353
day15/0256.jpg 616 292 673 289 768 282 832 283 667 446 788 444 641 292 796 287
day09/0449.jpg 649 327 715 332 809 330 881 335 696 491 824 500 682 332 841 330
day08/0107.jpg 656 386 720 384 802 389 876 388 700 542 826 550 685 386 843 386
day09/0068.jpg 587 332 651 333 747 336 820 344 625 500 758 510 616 335 781 340
day23/0619.jpg 681 330 747 334 838 341 899 346 731 490 848 500 717 333 868 340
day11/0040.jpg 621 416 684 416 772 416 845 420 666 575 793 582 648 417 804 416
day01/0131.jpg 628 292 691 288 772 292 832 296 675 436 792 443 660 292 803 293
day18/0166.jpg 572 361 636 364 734 364 802 364 616 539 749 542 596 364 759 363
day16/0416.jpg 565 343 624 344 706 349 768 353 596 490 714 496 592 342 735 348
day15/0331.jpg 639 284 692 284 776 285 840 288 676 427 795 431 665 288 805 285
day03/0049.jpg 583 391 645 391 737 388 805 387 629 556 751 559 609 392 766 388
day22/0149.jpg 568 318 632 321 720 325 796 333 604 480 732 487 597 317 746 325
day14/0271.jpg 626 396 690 403 769 406 825 414 668 547 779 552 658 397 796 408
day16/0330.jpg 627 368 696 371 785 372 853 375 672 531 800 538 654 371 818 372
day08/0203.jpg 660 396 730 402 824 401 896 397 713 561 839 567 694 399 860 397
day03/0179.jpg 612 394 676 392 777 390 841 388 663 561 796 560 649 396 802 391
day01/0387.jpg 644 336 708 339 795 341 863 342 686 498 816 503 675 337 827 342
day17/0127.jpg 623 302 683 304 787 305 864 300 659 476 808 480 646 303 824 301
day04/0452.jpg 668 361 716 363 772 364 815 370 698 466 780 469 691 360 792 366
day16/0512.jpg 669 269 728 276 797 272 848 272 708 401 811 404 699 274 820 271
day06/0067.jpg 566 300 627 304 722 300 795 301 608 460 741 468 595 305 762 303
day03/0094.jpg 595 341 650 343 743 339 806 338 634 505 758 512 620 343 770 337
day17/0439.jpg 636 396 702 395 797 396 866 396 680 563 814 566 664 395 828 397
day04/0327.jpg 654 386 694 386 761 385 804 389 682 497 773 500 672 387 779 387
day15/0239.jpg 642 354 698 358 779 357 850 356 686 506 804 508 665 357 812 352
day19/0192.jpg 558 353 620 354 713 357 785 351 603 524 730 533 587 353 746 353
day18/0052.jpg 554 332 617 334 712 334 779 337 596 494 725 502 582 333 737 333
day04/0019.jpg 578 366 646 364 745 366 823 366 625 548 760 550 612 363 783 362
day24/0284.jpg 693 296 758 301 845 312 906 318 734 455 857 465 729 298 877 312
day06/0228.jpg 626 355 693 358 788 360 854 358 680 520 810 521 658 360 828 360
day18/0369.jpg 649 332 716 333 824 334 889 327 711 503 836 508 690 329 850 328
day16/0481.jpg 613 370 651 369 722 366 773 364 648 486 743 480 630 369 742 361
day09/0359.jpg 660 316 729 318 824 318 892 313 718 482 845 482 697 312 861 312
day17/0444.jpg 628 370 701 375 795 375 866 377 671 546 807 553 661 367 829 371
day25/0064.jpg 622 314 687 317 783 318 854 320 664 484 798 488 654 312 820 316
day10/0289.jpg 626 370 688 374 783 374 862 377 668 537 804 541 656 369 818 372
day08/0760.jpg 653 287 699 284 771 277 824 274 694 406 794 403 672 283 792 275
day22/0689.jpg 596 344 657 344 760 336 839 334 646 522 791 520 626 345 792 335
day12/0120.jpg 587 413 656 416 750 413 812 415 637 582 770 581 615 416 776 416
day09/0112.jpg 650 389 719 391 815 398 890 395 701 570 838 573 686 391 857 399
day17/0656.jpg 579 342 644 346 745 346 814 350 632 513 754 520 608 342 775 345
day22/0083.jpg 640 295 704 296 799 300 859 304 686 458 819 466 675 291 831 300
day14/0103.jpg 649 327 712 325 802 325 869 330 688 483 816 488 682 326 841 329
day06/0090.jpg 612 296 676 300 775 301 845 300 661 468 795 471 645 295 808 299
day19/0307.jpg 668 362 734 366 831 368 910 374 714 534 848 536 704 363 866 372
day18/0243.jpg 580 325 652 334 755 336 844 328 633 520 787 527 612 327 799 328
day03/0107.jpg 608 429 669 428 756 431 827 427 647 595 776 598 636 428 793 424
day04/0837.jpg 654 360 704 360 778 357 841 362 691 492 793 489 676 360 807 359
day19/0023.jpg 641 403 712 404 808 403 874 402 700 566 827 571 676 396 843 396
day18/0392.jpg 642 336 716 339 817 339 894 342 692 526 835 529 676 339 858 338
day22/0400.jpg 539 389 608 385 696 383 779 387 587 566 723 572 564 388 729 387
day23/0267.jpg 629 336 695 340 784 345 855 344 667 510 794 517 659 336 821 340
day22/0009.jpg 654 405 714 407 800 413 859 415 692 558 812 565 687 408 830 414
day08/0087.jpg 641 390 712 392 806 393 878 390 694 568 830 573 676 387 844 392
day01/0298.jpg 612 392 671 391 761 387 832 385 658 556 784 555 635 390 792 381
day04/0422.jpg 645 337 692 340 754 340 800 343 680 448 766 450 670 338 781 340
day20/0422.jpg 650 332 716 331 814 332 891 328 702 510 844 512 688 331 856 331
day25/0303.jpg 585 315 653 316 752 316 826 313 639 488 765 492 611 316 786 313
day19/0291.jpg 600 292 669 296 767 299 848 296 637 468 778 476 632 291 808 290
day09/0018.jpg 629 355 696 356 788 360 861 360 674 525 808 528 658 353 823 360
day14/0238.jpg 684 414 745 417 832 421 889 424 724 568 846 573 715 416 866 420
day15/0601.jpg 600 344 666 344 768 344 843 340 644 520 788 524 628 344 801 340
day23/0400.jpg 603 312 675 314 769 315 844 316 655 479 783 489 636 312 804 313
day18/0158.jpg 634 348 702 351 792 348 860 348 688 516 812 516 671 348 829 345
day17/0099.jpg 567 356 630 359 722 359 799 356 613 517 748 525 595 356 756 354
day06/0202.jpg 598 345 662 348 753 349 828 347 641 516 778 518 632 349 792 346
day15/0349.jpg 664 340 728 344 812 349 871 352 700 499 825 504 692 344 841 352
day09/0775.jpg 674 391 737 396 820 397 877 396 720 539 836 540 704 392 844 396
day03/0326.jpg 597 389 649 381 739 378 806 382 627 541 752 543 615 389 768 381
day17/0019.jpg 579 380 642 376 733 377 808 376 620 548 756 552 603 379 766 375
day24/0884.jpg 550 301 623 303 726 303 800 303 607 484 736 491 588 300 760 304
day08/0560.jpg 665 337 724 337 804 336 864 338 705 472 824 479 690 335 831 337
day22/0121.jpg 638 310 702 313 796 319 861 316 679 474 806 481 672 310 829 316
day19/0700.jpg 635 338 696 340 778 340 846 340 676 491 798 495 660 338 815 339
day18/0287.jpg 603 303 680 304 793 304 869 308 668 496 811 495 644 301 831 300
day16/0353.jpg 578 380 639 381 739 380 811 382 615 550 756 552 603 381 771 382
day24/0668.jpg 588 330 656 332 750 332 819 330 637 497 770 501 623 330 794 332
day11/0096.jpg 632 363 699 366 796 372 871 374 679 536 810 542 664 364 833 372
day01/0049.jpg 623 334 680 329 768 327 825 332 668 474 786 480 648 331 796 332
day17/0821.jpg 563 376 626 379 712 380 796 379 609 543 732 553 586 376 752 381
day07/0458.jpg 631 352 697 356 798 362 868 361 680 528 811 534 661 350 833 355
day24/0484.jpg 624 350 692 352 788 353 844 355 672 512 796 516 655 349 816 348
day08/0559.jpg 675 359 732 363 816 367 876 367 709 508 832 508 702 361 844 367
day19/0381.jpg 597 327 673 332 773 334 848 332 649 510 782 518 630 332 804 334
day10/0420.jpg 636 330 710 334 815 336 888 343 684 508 824 515 672 333 848 340
day24/1009.jpg 584 304 648 300 741 295 808 292 625 464 754 466 609 301 770 291
day11/0469.jpg 672 358 723 358 796 358 849 359 712 484 807 486 696 356 822 360
day04/0781.jpg 653 384 708 384 787 383 844 389 688 515 802 524 679 384 811 387
day02/0308.jpg 692 435 750 439 826 445 878 456 728 573 835 583 722 437 850 450
day24/0937.jpg 609 288 676 291 760 292 824 286 659 449 778 448 636 289 786 285
day08/0619.jpg 594 392 650 388 742 377 812 373 644 553 770 546 620 388 772 377
day02/0404.jpg 636 404 701 403 794 402 853 396 704 579 824 564 669 401 824 394
day10/0183.jpg 611 295 677 298 777 303 852 304 656 472 792 480 639 296 812 301
day16/0031.jpg 624 346 685 340 772 342 847 343 672 502 800 504 649 344 815 342
day22/0152.jpg 609 319 676 324 763 325 836 325 656 488 778 489 646 320 798 324
day12/0232.jpg 624 319 691 322 772 324 827 328 667 464 788 468 656 321 801 324
day12/0578.jpg 596 355 660 359 760 361 838 363 636 532 772 536 625 355 794 359
day08/0788.jpg 633 335 684 339 751 338 803 340 666 457 760 462 656 332 777 336
day17/0630.jpg 604 366 670 370 767 373 835 375 649 537 781 548 640 365 798 371
day07/0359.jpg 642 342 708 344 802 350 877 352 687 516 819 520 672 341 840 348
day10/0509.jpg 624 289 690 291 781 291 848 296 668 446 799 454 656 289 816 292
day04/0151.jpg 524 379 598 378 697 378 775 376 580 551 718 560 563 376 728 374
day03/0594.jpg 604 375 669 378 761 380 830 376 655 545 778 548 628 374 796 376
day09/0128.jpg 574 364 640 371 740 376 819 374 620 545 756 552 604 370 778 376
day04/0251.jpg 610 353 668 353 759 356 833 356 650 518 775 521 633 353 794 356
day19/0429.jpg 579 320 652 322 749 322 832 320 628 508 767 510 609 320 791 320
day24/0371.jpg 583 391 659 388 740 384 814 376 636 559 768 557 610 390 772 380
day04/0415.jpg 705 309 760 312 831 316 882 324 744 439 844 445 734 308 857 317
day04/0387.jpg 683 335 730 338 801 341 846 345 718 454 810 461 708 336 820 341
day04/0676.jpg 656 405 704 403 779 402 840 402 690 535 799 536 680 404 809 402
day09/0322.jpg 621 328 684 328 782 334 860 334 668 496 798 500 654 329 812 332
day12/0513.jpg 634 238 685 236 772 238 833 238 677 376 788 377 661 239 806 237
day01/0026.jpg 641 350 699 352 776 353 840 359 682 496 789 495 669 351 806 352
day22/0558.jpg 645 304 725 308 828 305 900 308 716 500 852 500 689 304 866 304
day25/0115.jpg 675 326 740 330 831 331 899 336 722 492 844 498 707 328 866 333
day12/0045.jpg 608 358 676 359 764 365 833 366 641 524 782 527 642 353 797 361
day04/0420.jpg 624 357 674 361 733 360 780 361 660 471 748 472 647 357 756 360
day04/0309.jpg 650 377 722 377 813 379 884 384 705 549 830 551 684 379 854 380
day23/0689.jpg 632 343 685 340 752 339 810 337 667 467 770 468 655 342 779 338
day17/0990.jpg 576 337 646 341 752 345 827 338 634 531 778 526 609 337 793 337
day05/0079.jpg 613 363 683 360 779 366 858 367 657 540 801 545 647 361 817 366
day23/0138.jpg 640 358 716 358 804 360 874 361 697 527 828 528 672 358 838 359
day07/0303.jpg 678 312 746 314 841 320 904 321 722 472 848 484 711 308 875 318
day16/0338.jpg 595 376 649 373 741 366 816 364 640 536 766 532 618 374 772 364
day22/0408.jpg 572 283 638 282 739 281 820 286 615 459 759 462 598 283 781 282
day03/0277.jpg 666 376 732 378 821 381 882 382 719 544 843 543 701 380 853 384
day23/0070.jpg 652 337 724 343 816 341 888 342 708 512 834 516 691 336 853 339
day16/0674.jpg 670 325 728 326 814 327 869 332 709 466 823 468 696 325 840 328
day25/0269.jpg 529 318 589 315 684 311 761 307 575 488 708 484 555 317 717 308
day17/0880.jpg 584 309 644 317 748 320 824 317 632 489 765 493 610 313 785 318
day18/0093.jpg 556 375 625 372 714 373 789 380 601 539 738 540 584 375 750 376
day03/0458.jpg 644 392 716 392 816 392 879 389 704 572 838 571 678 386 848 387
day25/0239.jpg 597 321 672 320 773 329 857 335 642 507 780 524 632 322 816 333
day09/0665.jpg 692 294 760 301 848 308 916 314 724 459 855 471 725 296 886 312
day18/0233.jpg 589 321 656 322 752 324 828 320 638 483 771 483 619 322 791 319
day23/0251.jpg 628 346 697 348 792 349 865 352 679 520 804 522 662 348 826 352
day15/0459.jpg 653 336 706 344 787 344 845 344 686 484 799 484 680 336 819 344
day01/0963.jpg 584 402 647 402 740 397 807 397 628 569 759 568 618 404 775 396
day02/0300.jpg 684 431 743 434 815 442 869 456 728 569 829 580 716 433 842 445
day19/0225.jpg 574 332 645 332 748 332 828 329 622 513 768 517 609 329 786 324
day08/0568.jpg 651 359 709 356 794 358 860 355 693 504 806 502 680 359 822 359
day09/0340.jpg 641 313 709 313 808 316 871 313 688 480 820 481 673 314 836 314
day13/0012.jpg 604 304 668 306 764 310 835 311 652 475 776 479 632 308 797 309
day02/0243.jpg 632 413 689 412 764 414 821 412 674 554 788 559 658 411 797 410
day09/0591.jpg 576 376 638 375 732 376 805 375 619 546 747 546 602 376 764 375
day16/0292.jpg 640 382 705 379 798 381 875 379 688 548 821 552 671 379 836 377
day10/0463.jpg 657 352 737 356 837 360 919 365 707 533 852 548 697 355 884 362
day17/0303.jpg 584 344 652 344 741 346 816 348 630 508 758 516 612 344 777 352
day01/0182.jpg 600 326 663 325 744 320 813 321 648 481 764 481 628 324 780 316
day08/0861.jpg 673 324 741 329 826 328 885 330 716 474 840 480 708 325 857 328
day22/0368.jpg 610 368 687 368 784 368 868 371 660 551 804 557 647 372 824 373
day17/0419.jpg 608 380 671 384 769 386 846 385 656 552 783 556 639 381 806 381
day08/0599.jpg 660 312 729 310 820 306 887 308 707 468 840 468 693 309 852 309
day19/0802.jpg 668 331 732 329 816 327 884 326 723 480 837 484 695 330 850 325
day19/0780.jpg 623 354 685 357 765 356 822 358 668 494 779 504 652 353 795 356
day12/0023.jpg 564 373 620 371 702 364 776 360 604 521 728 518 589 372 736 364
day23/0930.jpg 622 377 676 376 757 371 814 368 670 516 773 513 649 378 782 371
day16/0179.jpg 589 351 652 349 755 349 830 349 639 529 774 527 618 349 789 348
day08/0339.jpg 658 339 732 342 831 345 910 344 708 520 847 524 697 337 877 343
day25/0258.jpg 592 341 673 344 779 349 859 362 647 535 797 544 625 344 822 356
day16/0305.jpg 642 381 715 388 808 392 884 396 688 557 824 568 683 381 846 389
day08/0761.jpg 676 280 732 281 800 277 856 276 713 408 818 403 700 279 823 276
day20/0201.jpg 592 340 661 342 761 343 842 340 644 508 786 511 621 343 795 341
day07/0261.jpg 644 328 714 330 811 334 876 333 693 498 829 505 678 326 840 333
day15/0720.jpg 617 378 680 380 772 381 831 384 667 533 784 536 647 378 797 384
day19/0263.jpg 650 352 718 351 808 352 888 352 700 528 836 534 685 352 848 351
day09/0328.jpg 657 323 728 324 820 328 890 330 703 493 837 497 692 324 857 328
day15/0274.jpg 628 440 682 438 760 441 823 444 658 578 785 582 658 436 786 439
day25/0262.jpg 562 324 625 321 717 320 797 320 603 483 736 482 585 325 755 321
day10/0174.jpg 632 286 700 289 804 290 877 292 677 466 823 471 666 285 840 287
day18/0514.jpg 597 383 666 382 766 386 838 383 651 554 784 554 626 383 796 384
day18/0650.jpg 557 384 622 387 725 391 802 390 607 560 745 566 586 385 753 384
day02/0342.jpg 625 366 690 370 786 370 852 366 670 538 799 539 661 362 817 366
day06/0312.jpg 618 391 690 396 788 395 866 397 675 576 814 575 650 393 825 394
day23/0291.jpg 641 332 707 333 807 337 875 339 687 504 820 509 675 331 835 333
day10/0170.jpg 609 312 669 312 776 309 855 311 652 478 796 484 637 313 810 313
day04/0291.jpg 593 343 661 343 750 341 833 348 640 512 770 516 626 345 793 345
day22/0586.jpg 654 363 725 357 828 366 908 366 710 545 853 553 687 365 864 364
day22/0602.jpg 600 321 663 320 767 316 846 312 641 501 795 501 625 320 799 312
day18/0385.jpg 662 340 733 342 837 342 919 342 712 525 851 525 701 344 877 345
day10/0520.jpg 627 360 695 361 791 362 859 364 676 522 809 525 659 358 826 360
day09/0588.jpg 640 383 708 381 805 382 875 377 694 555 828 556 670 380 839 379
day10/0095.jpg 608 379 674 383 771 384 850 388 641 552 784 560 634 379 803 380
day19/0470.jpg 651 285 704 289 785 293 841 298 687 426 794 432 677 284 813 295
day24/1025.jpg 609 325 672 323 762 323 827 323 654 479 777 483 639 326 789 322
day08/0716.jpg 654 281 712 283 788 285 843 281 691 419 801 421 683 282 816 279
day08/0041.jpg 674 353 747 353 836 355 901 357 727 516 855 520 715 354 872 354
day03/0330.jpg 611 391 679 389 765 383 833 384 669 551 795 550 636 390 792 382
day20/0223.jpg 645 322 719 323 819 324 898 325 691 505 841 504 683 320 859 324
day24/0134.jpg 664 320 726 325 814 328 880 328 704 482 830 489 693 321 850 327
day10/0673.jpg 625 344 691 339 780 337 861 337 674 500 799 508 650 341 815 337
day05/0015.jpg 585 361 646 356 733 358 813 355 627 517 760 523 611 358 771 359
day01/0462.jpg 616 342 668 342 745 340 810 341 662 480 767 484 641 341 774 337
day19/0295.jpg 609 284 679 288 773 287 852 290 662 458 798 466 645 283 812 281
day08/0153.jpg 623 410 687 417 775 418 849 420 665 578 802 583 656 416 812 419
day07/0117.jpg 637 302 702 306 791 312 853 316 678 463 807 467 667 305 822 310
day19/0461.jpg 651 304 709 309 785 315 838 314 687 442 795 450 679 305 808 315
day10/0650.jpg 619 338 687 339 788 338 864 338 669 504 808 508 654 341 824 338
day24/0918.jpg 614 308 675 312 775 314 837 314 660 471 787 477 640 313 805 316
day10/0711.jpg 654 345 720 346 822 347 896 345 701 519 842 519 688 345 858 343
day10/0148.jpg 645 341 720 345 825 345 901 344 704 525 847 529 689 343 863 342
day09/0236.jpg 600 355 667 359 764 356 843 361 647 525 787 534 637 360 800 360
day15/0408.jpg 671 343 738 348 824 360 885 363 705 500 830 512 703 348 854 363
day07/0390.jpg 619 301 687 305 782 308 848 308 669 475 799 477 644 300 812 305
day13/0062.jpg 645 289 722 291 822 301 894 309 691 471 835 484 684 287 859 303
day11/0448.jpg 613 364 664 364 743 367 792 372 645 492 754 496 641 361 765 367
day20/0169.jpg 603 298 675 301 775 304 844 304 655 480 781 478 636 299 810 304
day16/0832.jpg 645 388 706 388 791 390 848 388 690 532 802 536 676 385 820 388
day17/0339.jpg 635 369 707 371 805 376 862 372 688 536 813 540 675 371 835 373
day23/0045.jpg 577 400 641 398 740 396 813 392 638 576 769 570 611 394 775 388
day18/0551.jpg 609 384 689 384 784 384 864 386 671 560 806 560 649 385 824 382
day06/0177.jpg 632 324 693 322 790 323 861 323 682 491 815 492 662 324 824 323
day10/0096.jpg 628 395 692 397 786 401 863 408 673 568 800 576 656 398 826 406
day22/0536.jpg 592 376 660 377 763 380 837 377 646 556 779 564 622 376 797 376
day01/0362.jpg 657 338 728 337 818 344 888 348 711 505 837 512 695 338 854 349
day08/0407.jpg 691 407 761 409 856 413 926 411 740 582 875 583 730 406 896 411
day08/0271.jpg 635 439 700 436 790 438 864 436 685 594 808 602 669 437 828 438
day18/0156.jpg 651 348 717 349 810 350 875 351 703 512 828 513 684 350 836 347
day17/1031.jpg 566 340 637 341 736 338 816 337 620 520 758 520 600 341 779 333
day06/0089.jpg 553 293 614 294 701 298 782 299 587 459 722 469 576 293 735 293
day09/0274.jpg 602 346 678 348 777 349 857 348 646 528 797 529 637 350 812 351
day15/0201.jpg 683 383 749 387 833 394 901 393 726 540 855 546 718 381 870 389
day01/0291.jpg 621 404 684 399 773 400 844 398 672 562 798 566 650 401 809 399
day18/0402.jpg 589 368 659 370 758 368 841 366 650 540 779 544 626 368 793 368
day07/0473.jpg 587 370 654 370 754 375 832 370 639 549 774 554 620 366 789 367
day10/0218.jpg 645 316 712 316 812 320 885 325 692 484 823 491 677 316 845 321
day16/0097.jpg 632 320 698 322 788 324 859 323 679 485 805 487 667 318 826 323
day08/0388.jpg 616 420 676 420 763 420 837 416 658 575 788 579 645 422 802 421
day11/0467.jpg 674 354 727 355 791 355 850 355 706 478 811 478 704 354 821 356
day12/0209.jpg 598 335 666 336 762 339 838 341 644 505 781 512 629 335 794 341
day04/0332.jpg 631 304 676 305 739 305 791 304 665 423 754 419 653 304 762 304
day23/0880.jpg 664 297 723 303 798 308 858 315 707 439 806 450 692 302 825 308
day10/0637.jpg 616 300 691 305 793 308 870 312 665 480 804 487 659 298 832 305
day01/0868.jpg 612 322 664 319 745 315 808 317 657 458 762 456 636 321 768 316
day15/0564.jpg 636 385 698 387 781 387 845 390 676 537 797 534 662 385 815 386
day22/0585.jpg 662 349 741 343 839 347 920 347 729 533 870 535 705 343 885 345
day14/0264.jpg 645 399 705 402 787 408 844 412 686 542 799 551 675 397 820 409
day10/0640.jpg 612 290 682 293 788 293 862 295 659 467 795 473 644 288 821 292
day09/0261.jpg 616 351 691 352 793 355 871 358 669 525 808 531 651 354 829 360
day02/0426.jpg 581 413 644 416 737 421 808 420 620 590 745 595 616 413 768 414
day09/0078.jpg 627 327 699 331 792 334 869 337 679 500 803 507 666 329 834 335
day07/0312.jpg 681 312 753 318 845 324 906 325 725 478 855 487 713 313 869 324
day10/0300.jpg 625 401 688 402 783 405 858 408 674 562 803 570 657 402 821 411
day19/0603.jpg 584 385 638 381 718 379 783 376 631 525 745 525 608 382 750 379
day04/0805.jpg 629 354 683 352 764 349 825 350 665 493 781 492 655 351 794 347
day18/0608.jpg 557 368 627 370 717 377 800 379 603 544 733 555 585 373 755 380
day01/0474.jpg 620 341 677 341 754 342 816 344 661 482 770 483 646 340 787 344
day20/0013.jpg 618 359 672 362 750 363 811 362 658 495 759 499 645 358 782 362
day08/0211.jpg 663 392 733 398 826 401 891 400 723 562 841 564 703 394 862 398
day17/0266.jpg 565 374 635 376 727 374 808 372 618 547 745 551 593 376 758 375
day03/0014.jpg 596 316 652 314 740 311 808 309 633 479 755 479 620 315 778 310
day01/0162.jpg 629 339 695 336 775 334 843 334 677 491 800 492 659 339 806 336
day11/0447.jpg 639 378 695 380 767 387 826 391 677 511 779 520 670 379 795 392
day12/0356.jpg 624 408 687 404 781 408 850 405 674 562 800 569 659 406 815 406
day08/0040.jpg 651 339 719 341 805 345 875 347 704 503 824 506 682 338 844 342
day05/0040.jpg 675 408 749 408 839 408 910 412 733 579 865 588 712 402 877 406
day18/0137.jpg 562 340 620 343 716 340 790 340 605 497 738 504 589 343 747 342
day09/0073.jpg 593 331 657 333 754 336 826 341 641 492 767 508 620 333 785 338
day10/0601.jpg 604 275 671 277 772 276 843 278 650 447 783 454 639 274 804 275
day10/0241.jpg 618 299 696 299 807 308 887 306 667 492 820 497 658 301 841 307
day09/0215.jpg 596 339 663 345 762 349 838 349 644 516 779 523 627 340 795 345
day08/0726.jpg 665 291 724 295 797 295 856 295 704 427 809 431 694 292 826 294
day23/0063.jpg 574 350 647 356 751 357 823 353 629 526 763 537 617 350 784 352
day01/0380.jpg 614 329 680 325 770 323 842 325 666 490 795 492 645 330 805 326
day08/0043.jpg 645 358 704 358 796 359 866 358 692 514 812 517 672 358 832 357
day08/0286.jpg 625 426 683 430 775 433 847 433 667 591 788 599 655 426 812 433
day01/0493.jpg 624 288 691 289 775 291 844 289 666 449 791 452 653 291 806 291
day16/0221.jpg 665 348 735 350 829 356 893 361 712 513 841 520 703 350 861 356
day22/0434.jpg 634 329 711 331 811 328 879 325 700 508 833 511 676 327 841 324
day18/0161.jpg 597 357 663 358 759 361 834 362 644 526 779 532 630 355 796 357
day07/0391.jpg 626 296 689 300 783 302 853 306 672 465 803 471 654 297 820 304
day17/1037.jpg 533 351 592 350 687 349 763 345 575 522 708 524 558 349 725 349
day20/0043.jpg 596 343 644 341 729 337 792 336 630 486 753 484 618 341 760 334
day03/0365.jpg 656 392 722 398 810 398 879 401 708 561 827 570 688 389 846 395
day14/0138.jpg 615 288 683 290 770 286 837 284 662 439 790 444 645 288 802 285
