day08/0088.jpg 569 203 630 212 703 220 769 225 592 353 696 367 599 207 734 222
day32/0105.jpg 517 240 569 238 631 240 683 243 550 362 643 363 544 236 658 238
day11/0289.jpg 566 291 623 292 694 293 746 300 598 422 692 426 596 291 721 294
day04/0116.jpg 560 199 622 203 692 213 744 214 602 344 704 352 597 198 723 210
day12/0262.jpg 528 357 577 361 645 364 701 365 551 483 660 489 554 356 672 363
day05/0064.jpg 578 361 629 360 687 367 737 374 603 469 696 477 607 360 718 369
day32/0082.jpg 580 230 632 234 703 245 756 249 610 372 699 380 606 230 728 244
day10/0199.jpg 545 300 601 300 663 307 720 311 575 423 669 427 576 299 692 305
day29/0044.jpg 516 280 576 284 640 290 699 292 547 416 646 426 550 281 674 289
day18/0822.jpg 565 298 626 299 695 298 750 301 601 433 707 436 599 301 728 301
day11/0108.jpg 545 277 607 283 674 288 735 292 580 421 680 430 573 280 704 286
day08/0383.jpg 561 273 623 284 690 297 740 303 589 409 684 423 597 273 715 295
day26/0165.jpg 578 292 631 293 699 296 751 294 614 427 708 427 604 289 726 289
day15/0174.jpg 557 230 624 235 713 241 779 241 600 408 712 414 592 230 745 236
day25/0011.jpg 546 244 596 246 662 250 720 256 574 374 664 380 574 244 695 251
day26/0073.jpg 597 321 643 324 702 326 751 324 625 444 711 444 620 320 728 320
day15/0144.jpg 550 335 622 342 712 349 780 350 581 524 709 535 588 333 749 345
day02/1018.jpg 557 379 611 379 669 376 722 381 587 498 682 497 589 377 698 378
day19/0337.jpg 571 344 620 342 679 340 731 347 597 460 691 461 596 341 711 343
day18/0777.jpg 542 266 599 269 660 268 715 271 573 396 667 400 573 265 688 267
day01/0184.jpg 563 313 609 313 668 308 715 313 595 423 678 426 590 309 693 308
day17/0416.jpg 554 307 611 308 686 312 744 312 589 455 691 457 583 307 717 310
day01/0163.jpg 594 336 651 336 715 332 767 330 638 461 728 464 625 331 740 329
day34/0016.jpg 532 243 592 246 665 249 730 249 570 395 677 401 568 244 704 248
day13/0439.jpg 540 346 588 344 653 342 698 344 580 466 663 464 564 343 673 340
day02/0240.jpg 557 297 610 304 676 308 734 316 586 433 678 442 584 299 705 310
day38/0007.jpg 568 243 622 243 687 246 744 244 602 372 689 377 592 241 714 243
day08/0033.jpg 488 332 549 334 630 340 693 338 528 491 633 498 516 331 657 336
day33/0268.jpg 579 365 648 369 734 370 808 370 616 543 740 551 613 362 773 364
day25/0340.jpg 538 327 593 326 661 328 717 331 565 461 664 467 563 324 688 328
day13/0498.jpg 530 342 583 344 647 349 703 349 564 468 652 473 562 340 678 345
day13/0738.jpg 552 356 600 358 656 364 711 368 577 470 658 480 577 356 684 365
day25/0009.jpg 540 248 592 247 658 251 712 253 568 377 663 378 564 245 686 251
day13/0781.jpg 486 377 535 376 601 376 648 379 518 494 611 498 508 377 624 373
day21/0546.jpg 563 292 616 294 681 302 742 309 582 421 680 432 592 290 712 304
day36/0174.jpg 504 256 571 261 660 268 728 269 543 431 664 436 540 256 695 264
day10/0093.jpg 528 244 588 244 658 248 720 249 563 384 663 391 554 244 688 248
day21/0328.jpg 534 269 588 264 648 263 702 265 576 376 663 376 560 268 673 264
day08/0607.jpg 562 230 616 228 691 228 748 228 603 368 703 368 587 228 717 226
day22/0001.jpg 511 256 565 260 634 263 692 262 543 396 644 396 541 256 664 262
day38/0005.jpg 568 244 620 244 688 244 746 248 603 372 693 376 596 242 721 247
day07/0437.jpg 544 354 595 352 669 352 726 351 572 492 672 491 568 350 696 349
day02/0345.jpg 504 274 559 276 635 274 692 271 544 417 646 416 528 275 658 271
day12/0532.jpg 539 203 591 203 656 209 708 211 571 321 657 329 564 203 683 210
day17/0419.jpg 553 304 610 308 686 314 746 308 591 454 692 454 587 304 716 306
day28/0095.jpg 537 313 593 317 669 320 724 320 575 460 674 461 568 315 697 317
day17/0188.jpg 556 191 610 192 679 195 737 192 594 332 688 334 584 189 709 189
day36/0255.jpg 539 197 597 195 664 194 720 199 576 320 672 325 572 193 694 196
day12/0461.jpg 560 234 608 232 674 231 729 232 591 341 687 341 585 232 700 228
day14/0313.jpg 564 308 617 307 678 309 728 316 593 416 680 425 590 307 707 314
day19/0089.jpg 559 333 612 331 674 336 724 340 592 452 672 456 588 332 699 336
day34/0123.jpg 536 307 589 313 654 316 704 316 568 435 654 440 562 304 677 313
day33/0075.jpg 528 312 576 318 639 320 691 322 555 436 644 440 553 313 668 318
day37/0082.jpg 515 303 579 308 660 308 716 308 549 452 658 456 551 304 688 310
day36/0256.jpg 536 192 598 191 660 192 717 195 578 320 672 323 568 188 690 188
day12/0343.jpg 547 249 597 248 655 246 711 244 586 360 666 360 568 247 681 243
day28/0091.jpg 542 308 602 309 669 312 728 311 579 451 672 453 574 305 702 308
day08/0649.jpg 564 384 616 384 684 386 741 389 596 513 692 516 586 384 710 388
day34/0283.jpg 565 288 624 294 695 300 752 300 600 437 693 443 601 289 728 299
day27/0125.jpg 539 232 605 234 686 245 747 246 570 397 683 401 575 230 718 244
day34/0011.jpg 531 237 594 245 669 249 734 250 569 394 672 397 568 237 707 246
day22/0210.jpg 532 349 592 359 663 366 725 366 559 504 661 514 558 350 695 360
day18/0184.jpg 616 384 675 387 752 398 819 404 641 537 741 549 647 387 785 396
day23/0086.jpg 572 304 624 305 688 304 746 308 607 436 699 441 596 307 720 305
day26/0450.jpg 567 344 620 343 679 343 740 338 598 473 695 473 591 343 708 337
day32/0103.jpg 500 230 550 232 609 229 666 233 535 350 615 352 524 228 637 227
day10/0043.jpg 517 294 573 293 641 294 704 295 554 428 655 433 540 291 673 294
day10/0319.jpg 519 280 582 287 657 296 719 300 546 440 655 446 546 283 687 292
day16/0046.jpg 618 237 685 241 769 249 844 258 643 405 760 420 655 237 812 253
day26/0244.jpg 612 260 672 269 741 275 802 275 639 414 749 421 644 262 774 271
day31/0024.jpg 553 239 623 250 701 262 766 269 579 404 696 418 588 243 733 260
day07/0157.jpg 561 300 614 301 675 300 733 304 600 429 687 432 580 300 703 301
day37/0229.jpg 523 345 588 350 655 355 717 359 554 495 657 503 554 346 683 351
day19/0179.jpg 550 362 603 362 663 359 724 360 591 485 673 487 576 360 691 358
day24/0004.jpg 503 251 563 254 635 258 694 256 541 392 642 397 538 250 666 253
day03/0208.jpg 535 225 595 228 665 225 728 225 574 368 679 370 563 225 695 220
day01/0093.jpg 543 279 591 280 649 283 698 283 574 393 654 395 570 277 671 280
day02/0697.jpg 545 369 596 370 655 367 711 372 583 491 665 491 572 366 688 368
day01/0197.jpg 583 266 629 264 691 264 738 265 615 377 699 380 604 264 713 262
day25/0358.jpg 532 257 588 259 650 262 703 266 566 378 654 384 562 255 676 262
day22/0202.jpg 541 356 605 359 676 368 738 374 570 504 673 514 573 356 709 368
day12/0527.jpg 536 198 595 201 655 204 710 211 571 322 664 329 567 199 690 207
day31/0042.jpg 535 238 612 248 692 255 766 265 574 407 695 421 584 240 736 261
day02/0917.jpg 543 254 598 255 666 257 716 257 580 382 670 385 570 253 691 257
day02/0149.jpg 561 308 617 317 680 320 733 320 590 441 679 451 592 308 708 317
day33/0011.jpg 531 333 578 334 637 337 687 336 563 450 645 451 554 333 662 334
day07/0447.jpg 581 328 630 327 699 326 758 324 616 457 716 453 608 322 729 320
day02/1117.jpg 597 334 647 335 702 334 748 335 625 438 716 436 625 331 727 333
day28/0087.jpg 541 304 603 307 670 308 729 308 581 446 678 449 573 306 700 308
day02/0920.jpg 548 257 601 254 669 258 725 258 588 380 681 383 575 254 700 258
day01/0194.jpg 583 260 630 261 692 262 739 262 620 374 696 375 607 258 716 260
day11/0099.jpg 514 295 572 298 652 298 713 298 551 449 660 453 541 294 684 298
day18/0671.jpg 534 274 593 279 660 285 718 288 569 413 659 421 564 275 690 286
day37/0264.jpg 539 332 590 337 661 341 713 341 570 470 667 473 563 335 686 339
day34/0281.jpg 526 292 581 293 657 294 713 294 556 432 656 435 553 291 683 295
day19/0112.jpg 558 276 620 279 697 282 764 283 594 432 704 437 591 276 735 284
day36/0001.jpg 549 288 600 288 659 289 708 288 584 401 666 404 578 287 685 288
day21/0607.jpg 536 264 594 268 664 270 725 276 569 402 668 412 563 268 692 270
day33/0414.jpg 567 293 633 305 704 314 772 320 592 448 692 464 596 297 736 313
day13/0631.jpg 560 324 612 325 674 327 722 329 598 443 680 449 584 324 700 325
day12/0560.jpg 574 290 622 292 682 293 728 296 598 400 685 406 597 289 707 292
day14/0056.jpg 561 301 620 302 685 304 749 306 593 439 692 444 591 302 717 303
day13/0401.jpg 544 336 593 336 652 335 706 337 579 448 667 449 565 334 679 333
day24/0188.jpg 525 359 588 368 656 368 726 370 559 523 666 524 549 360 691 366
day36/0134.jpg 526 299 586 299 660 304 724 308 563 446 668 453 556 296 692 301
day18/0320.jpg 553 241 604 237 664 235 720 234 593 358 675 355 580 238 694 232
day23/0032.jpg 547 332 602 333 665 336 721 339 586 457 671 464 573 332 689 335
day25/0233.jpg 562 282 628 286 715 293 777 296 596 448 712 456 598 283 749 293
day18/0402.jpg 556 272 622 275 704 272 776 273 597 431 707 436 592 268 738 269
day19/0357.jpg 510 343 558 351 622 356 673 364 524 471 615 483 540 347 651 357
day36/0250.jpg 539 191 597 196 663 196 720 201 579 326 670 328 572 192 692 193
day15/0118.jpg 538 359 600 364 668 370 727 376 572 509 679 513 569 357 703 368
day21/0244.jpg 538 340 587 342 651 341 704 344 573 456 658 459 565 340 680 343
day02/0005.jpg 530 277 588 281 660 284 714 285 569 420 664 424 558 276 686 283
day15/0154.jpg 496 381 554 388 644 392 712 394 520 558 647 564 524 383 676 388
day07/0312.jpg 560 321 623 323 690 323 748 325 604 464 699 464 593 320 721 321
day02/1135.jpg 578 357 629 356 690 356 744 356 613 476 696 478 604 355 718 356
day21/0057.jpg 533 287 590 289 657 300 716 304 560 426 660 433 568 287 692 300
day16/0443.jpg 545 368 610 370 685 373 762 378 578 530 684 540 574 368 722 374
day19/0391.jpg 647 306 711 316 788 328 857 339 662 468 768 488 675 308 816 330
day26/0781.jpg 567 294 613 295 676 300 729 304 590 411 676 419 591 293 704 301
day12/0258.jpg 524 328 581 333 659 339 724 340 552 487 660 495 548 328 690 338
day16/0378.jpg 540 294 592 292 656 287 704 284 579 416 671 413 564 295 676 287
day26/0486.jpg 548 222 609 222 684 231 748 232 581 376 688 386 576 222 716 227
day26/0173.jpg 561 304 615 308 683 308 740 307 598 441 691 446 586 304 710 305
day19/0203.jpg 562 275 616 274 679 276 737 280 598 394 692 399 593 274 711 276
day07/0573.jpg 591 298 645 296 707 295 760 295 633 420 721 421 619 296 735 295
day21/0264.jpg 540 359 592 358 655 354 706 356 577 479 664 477 568 358 684 354
day27/0046.jpg 560 267 627 271 701 276 768 272 596 428 708 430 596 267 736 272
day38/0008.jpg 564 246 625 246 684 248 750 252 603 374 692 379 590 244 713 248
day35/0135.jpg 564 260 612 262 668 261 720 260 602 380 677 379 588 257 697 258
day08/0661.jpg 537 274 591 273 658 275 715 276 576 397 670 402 566 273 686 274
day19/0224.jpg 572 342 628 344 690 345 744 341 612 472 700 476 600 344 716 341
day15/0125.jpg 548 319 630 326 713 336 788 341 588 505 718 520 592 323 758 337
day03/0544.jpg 573 305 621 302 686 304 734 303 605 416 696 420 596 303 709 300
day02/0535.jpg 547 235 597 236 654 238 708 242 578 350 657 352 575 236 684 236
day27/0463.jpg 571 347 623 345 684 346 742 345 601 468 700 469 598 342 714 343
day27/0259.jpg 532 266 586 268 647 264 699 266 568 392 654 390 560 264 676 264
day16/0286.jpg 608 312 672 320 741 332 813 345 626 462 726 484 640 316 777 337
day15/0374.jpg 626 405 681 406 748 412 811 414 659 544 752 553 652 402 778 410
day34/0208.jpg 569 372 625 380 695 389 747 392 597 521 695 532 599 376 723 390
day34/0292.jpg 556 293 608 293 685 297 744 295 591 438 692 440 584 292 714 295
day34/0002.jpg 534 243 598 247 673 252 739 252 572 404 681 407 571 244 709 252
day26/0268.jpg 602 288 659 292 729 294 796 293 637 440 740 441 630 288 764 290
day33/0069.jpg 523 313 575 319 633 320 688 325 556 440 640 444 550 313 664 321
day11/0001.jpg 537 284 596 288 664 289 727 285 576 424 676 430 564 286 696 285
day36/0066.jpg 548 280 597 282 659 284 712 286 580 400 665 405 576 280 688 282
day21/0289.jpg 532 280 586 280 652 280 708 286 566 397 670 403 563 279 684 283
day04/0095.jpg 540 254 602 262 675 270 735 272 569 410 676 419 572 255 707 267
day03/0512.jpg 559 272 604 270 678 269 738 266 596 398 688 400 582 271 703 267
day02/0760.jpg 524 231 580 236 649 240 714 241 555 376 651 382 557 233 684 241
day25/0040.jpg 536 255 597 260 666 263 725 268 566 399 663 406 568 252 696 260
day24/0121.jpg 562 263 630 267 700 273 764 273 603 416 714 423 601 262 735 272
day31/0241.jpg 530 292 592 293 664 298 717 304 560 431 664 437 561 289 693 295
day18/0518.jpg 535 306 587 305 659 308 714 308 569 439 665 444 562 308 688 310
day11/0381.jpg 538 276 589 274 660 277 715 280 564 398 668 402 566 273 687 276
day17/0550.jpg 627 320 689 324 762 331 828 327 665 476 768 484 660 320 800 326
day18/0488.jpg 572 309 621 312 681 316 732 318 596 430 684 433 596 310 710 317
day26/0598.jpg 540 373 584 376 639 378 688 380 562 485 644 494 561 374 664 378
day18/0368.jpg 548 335 604 336 664 338 714 332 592 460 674 459 575 334 688 332
day35/0005.jpg 593 335 646 339 712 337 764 342 632 471 727 470 624 335 743 336
day07/0297.jpg 611 232 668 238 729 245 779 252 648 356 725 370 644 233 756 248
day05/0021.jpg 590 272 638 269 703 268 755 266 624 388 710 388 612 267 729 264
day07/0340.jpg 606 238 665 244 736 251 795 252 642 384 734 396 636 239 766 251
day25/0330.jpg 543 328 604 328 669 332 728 333 578 461 675 465 572 324 697 329
day04/0052.jpg 489 294 540 292 604 288 664 282 528 416 624 415 515 291 634 283
day25/0405.jpg 548 279 598 280 663 285 712 288 575 399 665 407 573 276 685 286
day38/0009.jpg 565 244 622 245 687 246 747 247 603 373 690 378 592 241 716 244
day12/0337.jpg 518 260 589 263 675 267 755 265 569 446 688 449 546 256 709 262
day07/0117.jpg 495 316 550 321 619 325 677 321 523 460 620 464 521 316 644 320
day04/0010.jpg 545 252 606 256 677 262 740 267 577 397 679 404 580 251 712 259
day07/0056.jpg 544 340 595 339 662 340 717 336 583 471 675 476 569 336 692 336
day13/0127.jpg 541 250 612 255 694 259 768 254 584 426 707 428 572 249 730 249
day18/0328.jpg 571 338 624 336 687 340 745 340 608 468 692 470 596 333 719 336
day12/0334.jpg 516 256 592 261 676 267 754 264 568 439 681 444 560 254 722 260
day20/0010.jpg 525 366 602 366 692 370 772 368 572 560 709 563 563 363 735 365
day18/0087.jpg 560 317 612 323 676 332 732 332 593 450 678 457 588 318 705 328
day29/0077.jpg 544 352 604 353 672 354 727 355 584 484 682 485 581 350 701 353
day25/0079.jpg 561 300 627 306 705 312 772 310 600 460 720 467 596 304 744 307
day08/0518.jpg 555 318 611 317 675 321 728 325 595 441 686 445 580 319 699 320
day17/0299.jpg 533 241 593 244 661 244 726 244 570 389 672 399 560 241 694 241
day35/0013.jpg 572 352 624 352 687 348 740 344 610 484 700 483 594 347 714 344
day13/0276.jpg 533 296 594 296 668 302 728 305 564 441 672 448 557 296 696 301
day33/0306.jpg 595 392 656 401 724 415 784 430 609 529 711 553 628 396 756 420
day31/0261.jpg 555 246 620 246 697 249 764 252 595 396 710 400 590 244 730 247
day32/0153.jpg 550 250 605 251 667 259 720 266 583 375 668 380 579 250 691 260
day02/1024.jpg 556 257 603 258 662 258 718 255 586 369 673 371 579 256 688 256
day26/0288.jpg 590 318 644 319 718 325 776 324 623 464 728 464 616 316 744 318
day21/0305.jpg 518 289 570 291 635 294 687 295 550 412 638 415 548 288 664 291
day36/0025.jpg 525 292 572 295 638 297 685 297 554 414 638 416 551 291 661 295
day34/0188.jpg 518 358 570 362 633 368 688 374 541 491 636 495 547 358 662 369
day25/0057.jpg 539 319 604 323 680 324 751 327 575 479 688 480 569 320 712 325
day04/0099.jpg 537 257 603 267 672 272 737 275 568 411 677 422 570 258 706 273
day23/0178.jpg 584 306 637 309 696 308 744 312 614 419 694 425 608 306 717 308
day10/0285.jpg 537 215 597 222 675 229 731 233 567 366 675 379 572 216 709 230
day07/0018.jpg 575 359 629 364 702 366 757 368 608 503 707 509 599 359 729 366
day16/0454.jpg 568 366 634 372 708 378 780 383 596 539 708 551 602 365 752 376
day12/0559.jpg 571 288 617 284 678 287 728 292 598 398 680 400 595 284 702 287
day14/0320.jpg 564 312 616 309 677 312 729 318 592 418 679 430 590 310 703 314
day23/0251.jpg 524 344 573 345 628 346 681 349 553 456 632 461 549 342 657 346
day25/0444.jpg 611 326 657 327 721 332 772 336 632 436 723 448 632 326 744 331
day28/0038.jpg 596 288 653 292 721 294 783 292 630 434 732 433 624 286 753 289
day26/0429.jpg 528 323 586 324 650 328 712 330 558 463 661 466 554 325 678 328
day17/0361.jpg 548 312 617 313 688 312 759 307 585 467 708 470 584 310 732 307
day26/0607.jpg 508 358 565 360 636 361 692 364 542 497 641 502 533 360 659 362
day27/0251.jpg 532 264 585 264 648 263 700 262 568 388 656 389 556 260 672 261
day25/0219.jpg 522 235 584 237 656 239 716 239 559 384 668 386 551 232 689 239
day09/0314.jpg 527 301 589 301 659 304 724 310 561 452 664 459 559 301 700 308
day11/0156.jpg 444 372 509 376 577 380 636 385 481 511 583 516 472 374 604 381
day33/0332.jpg 564 364 624 364 694 363 755 364 595 502 696 512 595 363 728 364
day19/0115.jpg 552 284 619 286 691 289 761 290 590 442 704 446 588 282 729 288
day20/0014.jpg 530 374 610 375 695 377 775 380 580 566 712 571 563 376 732 379
day32/0030.jpg 560 257 621 264 701 268 762 276 592 420 699 423 596 259 735 270
day17/0283.jpg 552 228 616 234 684 239 748 238 585 380 686 385 586 229 718 238
day16/0230.jpg 553 318 604 316 667 313 717 312 591 433 680 436 580 315 690 314
day24/0052.jpg 516 262 572 264 635 268 696 270 541 393 636 400 547 261 674 267
day18/0057.jpg 530 273 589 274 652 277 708 280 570 404 659 412 558 274 679 277
day22/0267.jpg 531 300 601 309 671 317 730 327 562 456 676 466 568 301 703 323
day26/0317.jpg 602 344 661 344 729 344 797 340 647 493 745 492 633 340 768 340
day36/0036.jpg 520 332 572 337 634 337 684 339 548 457 647 459 544 333 658 334
day27/0205.jpg 506 360 562 361 625 357 680 356 544 485 636 485 536 360 654 356
day26/0158.jpg 576 282 631 284 692 285 750 282 610 413 698 414 600 283 721 281
day07/0361.jpg 548 231 604 232 665 237 721 242 581 357 672 365 573 231 694 237
day25/0030.jpg 516 255 574 260 643 262 704 265 544 396 644 401 543 256 668 264
day15/0226.jpg 612 360 676 366 756 373 827 380 634 520 745 532 646 361 791 372
day34/0193.jpg 514 366 572 366 634 372 689 372 551 494 643 499 547 363 664 370
day08/0666.jpg 555 273 608 273 676 277 730 279 596 407 692 407 585 274 704 275
day24/0062.jpg 520 290 571 292 630 300 687 300 544 417 632 423 544 289 657 295
day13/0038.jpg 529 195 587 200 652 207 717 209 564 335 661 341 562 196 688 206
day15/0420.jpg 459 381 530 380 615 371 686 368 531 556 651 542 496 382 648 369
day13/0649.jpg 571 322 628 330 686 338 740 343 598 449 688 462 600 328 716 340
day13/0603.jpg 541 356 598 359 664 362 715 362 584 487 668 493 572 357 689 360
day21/0558.jpg 527 304 580 303 652 300 707 300 560 431 657 432 554 304 676 300
day09/0319.jpg 516 300 580 304 657 304 716 304 556 454 659 459 555 300 692 304
day07/0314.jpg 547 330 599 329 667 329 733 330 584 469 679 472 571 330 700 331
day17/0654.jpg 568 295 624 300 699 302 764 304 608 448 711 454 598 296 737 299
day27/0387.jpg 607 300 661 306 725 310 780 309 642 433 734 440 636 300 752 306
day03/0411.jpg 552 243 602 240 674 240 727 241 596 370 688 370 577 241 699 238
day26/0796.jpg 572 316 617 320 679 324 728 328 589 432 676 440 596 317 704 324
day03/0296.jpg 552 244 611 247 676 247 736 250 595 382 686 384 584 245 708 245
day18/0317.jpg 556 245 604 244 669 240 724 240 590 364 678 363 581 245 698 240
day03/0149.jpg 554 295 603 292 668 289 723 289 580 410 684 412 577 292 698 287
day21/0120.jpg 567 311 624 314 691 320 747 324 603 444 693 451 598 308 717 320
day31/0034.jpg 528 246 596 255 676 261 749 266 566 414 679 425 562 248 708 260
day37/0036.jpg 544 300 596 304 664 305 715 304 578 431 668 436 573 301 694 302
day37/0298.jpg 528 294 590 297 665 300 728 300 558 449 672 456 563 293 700 301
day07/0050.jpg 552 339 608 339 673 340 734 338 593 472 689 470 581 337 703 340
day02/0132.jpg 518 217 576 221 637 224 696 227 549 346 649 351 545 217 665 224
day13/0037.jpg 531 193 589 200 654 206 716 209 561 332 664 340 564 196 688 208
day14/0025.jpg 550 273 605 276 676 280 737 285 586 416 681 416 575 275 704 279
day10/0064.jpg 546 303 607 303 682 306 752 307 570 454 691 464 574 305 714 308
day12/0302.jpg 597 382 667 390 744 398 828 403 620 553 740 567 632 385 782 392
day12/0364.jpg 537 298 588 300 646 300 702 303 566 416 654 420 559 298 673 300
day26/0553.jpg 542 304 596 311 659 312 713 313 577 431 661 437 569 308 686 313
day26/0479.jpg 580 308 644 310 712 312 770 312 626 452 722 456 612 306 740 309
day33/0251.jpg 548 336 624 335 704 339 789 346 578 517 708 526 583 338 742 339
day08/0213.jpg 559 336 616 338 683 343 745 346 588 476 692 483 580 336 709 346
day08/0561.jpg 565 283 622 280 688 281 752 283 609 412 701 410 596 278 721 276
day08/0356.jpg 518 300 580 306 640 312 707 314 545 440 655 450 543 300 672 308
day29/0122.jpg 519 292 572 293 640 294 700 298 544 423 647 428 544 291 669 296
day08/0418.jpg 533 211 597 215 671 215 729 215 574 356 680 359 564 210 699 213
day18/0406.jpg 565 274 628 274 708 277 778 282 595 432 705 440 598 277 748 280
day16/0223.jpg 556 307 607 308 669 306 720 308 591 428 683 426 582 305 694 306
day13/0848.jpg 542 297 592 298 652 296 708 299 576 413 664 414 570 296 680 298
day18/0531.jpg 560 320 613 320 672 318 732 324 588 439 680 447 588 319 705 320
day03/0395.jpg 553 237 611 236 679 237 737 241 590 370 684 374 582 233 710 235
day19/0138.jpg 574 338 638 342 717 343 786 342 614 501 726 503 608 338 750 337
day07/0952.jpg 470 317 532 315 620 316 685 312 524 481 641 476 500 317 652 313
day31/0068.jpg 493 250 555 252 622 260 684 265 525 391 626 398 520 248 648 260
day28/0097.jpg 534 314 592 317 658 316 720 316 569 462 670 460 559 313 687 316
day10/0117.jpg 523 298 582 300 649 300 706 302 560 430 659 433 557 297 678 300
day17/0286.jpg 537 237 600 245 668 244 740 246 577 395 677 399 570 241 702 245
day02/0560.jpg 572 310 625 307 688 304 749 308 613 434 704 433 595 308 717 307
day14/0148.jpg 573 297 626 300 695 303 754 305 603 429 697 434 600 297 725 302
day21/0249.jpg 542 343 594 345 653 345 708 348 572 460 663 461 565 345 677 344
day24/0033.jpg 503 270 558 276 625 277 697 279 533 416 633 425 530 272 660 275
day21/0587.jpg 520 320 578 329 636 333 688 335 542 456 634 462 546 323 662 333
day21/0200.jpg 570 377 622 378 690 376 752 375 604 510 706 510 598 377 717 375
day30/0004.jpg 541 337 593 342 650 348 699 348 566 457 646 464 562 336 671 345
day15/0236.jpg 625 364 693 373 772 386 841 395 649 526 758 544 662 370 808 388
day33/0151.jpg 529 307 596 313 678 317 750 320 566 479 686 486 562 308 716 316
day07/0947.jpg 477 312 545 312 628 308 695 308 525 472 646 472 508 310 660 307
day11/0383.jpg 541 270 595 271 663 274 719 276 571 397 668 402 564 271 689 273
day33/0188.jpg 520 312 576 316 648 321 707 323 548 455 653 465 546 315 679 323
day13/0455.jpg 563 315 627 319 698 319 750 320 607 452 704 456 600 316 725 322
day07/0725.jpg 606 275 664 281 727 284 777 287 647 406 732 408 637 279 750 284
day04/0083.jpg 525 250 584 252 659 259 721 262 559 398 665 406 550 252 687 256
day26/0395.jpg 555 315 621 320 695 321 756 316 603 469 710 467 587 318 720 315
day35/0016.jpg 567 349 620 350 684 350 741 351 601 487 700 486 594 350 713 348
day10/0330.jpg 517 330 582 336 659 345 723 350 554 499 662 510 550 328 694 341
day11/0248.jpg 500 364 558 370 629 376 687 382 533 512 633 518 529 366 658 375
day31/0016.jpg 531 287 594 294 665 300 726 299 566 436 675 441 566 293 698 300
day18/0076.jpg 520 323 575 323 637 328 693 329 550 447 639 451 552 321 666 325
day21/0239.jpg 550 291 596 287 666 287 720 287 581 408 678 408 574 287 694 287
day03/0150.jpg 573 310 620 310 691 311 747 311 600 441 704 443 595 310 720 310
day07/0624.jpg 628 282 695 290 785 305 858 316 652 460 783 480 665 285 825 305
day02/0874.jpg 541 267 597 268 660 269 721 274 576 399 670 403 567 268 689 270
day05/0040.jpg 602 271 653 268 710 266 769 266 635 386 725 385 629 268 743 268
day29/0194.jpg 544 252 604 256 675 258 733 262 582 398 684 404 575 254 704 259
day08/0265.jpg 520 254 584 258 659 260 719 268 550 401 662 406 553 254 687 263
day17/0328.jpg 539 184 602 187 676 191 741 192 575 334 679 339 572 184 704 189
day18/0769.jpg 520 277 575 280 639 283 694 284 549 412 648 414 545 279 668 283
day04/0110.jpg 517 208 576 211 645 212 709 209 554 352 658 351 545 206 679 204
day27/0121.jpg 528 228 593 231 675 237 741 238 555 387 675 395 555 230 700 237
day18/0924.jpg 541 313 591 316 651 320 703 325 566 435 660 437 564 313 677 322
day08/0578.jpg 580 287 637 286 701 288 760 289 616 420 711 422 604 285 729 286
day01/0318.jpg 582 270 627 270 695 275 746 279 616 391 708 391 607 270 722 276
day02/0056.jpg 520 270 579 276 656 281 710 283 548 416 654 424 553 269 681 279
day15/0409.jpg 445 363 514 362 596 354 669 349 502 534 621 525 472 358 629 346
day21/0127.jpg 550 247 605 247 672 252 739 258 585 387 680 391 579 245 701 251
day09/0054.jpg 540 268 591 270 663 268 722 266 574 399 670 397 568 268 690 264
day02/0556.jpg 570 309 624 308 692 302 742 303 610 431 700 430 598 305 714 303
day36/0063.jpg 545 288 595 287 661 288 712 289 579 402 666 406 569 287 684 288
day02/0740.jpg 533 342 590 344 653 345 713 345 569 477 667 479 562 344 683 345
day09/0207.jpg 543 255 625 259 708 267 783 272 587 437 723 443 588 258 750 266
day11/0093.jpg 522 288 580 289 655 292 723 295 557 441 665 445 550 287 691 294
day25/0384.jpg 533 329 586 333 643 337 697 341 562 452 648 457 563 331 676 336
day02/0500.jpg 553 336 605 334 667 337 720 336 588 454 674 457 578 336 690 335
day02/0383.jpg 585 298 636 297 700 300 755 298 620 430 712 431 610 295 728 295
day02/0257.jpg 533 266 587 267 659 270 716 268 566 400 666 403 561 266 684 267
day16/0431.jpg 535 262 587 259 650 257 708 259 569 380 664 379 564 260 679 259
day33/0270.jpg 573 360 641 360 722 360 800 359 609 534 733 541 602 358 758 357
day12/0036.jpg 583 328 633 327 695 328 750 324 616 449 708 450 610 325 724 322
day13/0786.jpg 492 383 545 387 607 390 660 392 515 510 610 516 516 383 629 388
day09/0260.jpg 540 237 595 240 666 248 721 255 568 370 666 381 565 239 691 250
day16/0390.jpg 545 281 602 280 660 279 716 280 587 399 671 400 575 277 687 276
day37/0238.jpg 549 289 601 293 657 294 712 292 575 415 670 413 569 286 681 290
day15/0427.jpg 559 282 612 287 672 288 728 287 585 409 686 410 584 282 702 287
day09/0302.jpg 526 294 589 298 665 300 722 303 569 443 667 452 557 296 693 300
day16/0267.jpg 569 399 615 396 674 396 723 396 601 508 683 509 594 399 700 395
day10/0205.jpg 528 263 587 264 662 267 726 270 567 408 674 413 556 260 696 267
day19/0231.jpg 577 348 628 352 690 350 748 352 614 477 700 482 608 349 726 348
day01/0094.jpg 547 283 597 283 652 284 701 283 579 392 659 397 574 280 679 281
day02/1108.jpg 581 332 626 331 685 328 730 327 612 438 700 438 606 328 710 326
day33/0066.jpg 519 318 569 318 628 318 684 319 551 440 636 444 540 316 655 317
day26/0543.jpg 541 305 596 307 664 311 716 312 572 430 664 436 571 306 690 308
day01/0073.jpg 548 309 603 313 668 317 729 316 580 451 672 454 574 312 696 316
day07/0648.jpg 575 316 632 316 712 313 784 311 608 469 716 471 604 314 750 307
day27/0194.jpg 522 285 573 284 640 286 692 287 556 411 641 413 544 284 660 286
day31/0237.jpg 548 258 608 260 680 264 732 265 582 398 677 400 581 256 710 262
day34/0038.jpg 534 274 596 279 678 283 740 280 574 437 681 444 566 272 709 278
day23/0214.jpg 569 324 616 324 676 325 724 327 600 435 682 436 593 323 701 324
day03/0278.jpg 564 284 622 283 692 284 752 281 608 430 701 429 594 280 723 280
day37/0275.jpg 544 280 608 284 688 288 760 286 582 451 704 450 579 280 722 286
day31/0033.jpg 535 245 604 254 680 260 744 264 564 416 675 426 568 249 719 260
day01/0232.jpg 575 290 616 290 688 293 733 293 597 401 685 407 594 290 710 293
day12/0393.jpg 571 233 624 229 692 227 748 227 612 349 702 353 603 231 723 226
day31/0049.jpg 532 240 604 248 689 254 760 257 566 413 692 422 570 243 727 252
day02/0785.jpg 547 292 594 289 662 288 717 289 583 415 676 417 567 289 686 287
day02/0009.jpg 519 290 568 292 645 293 700 292 551 436 648 436 546 292 674 294
day26/0709.jpg 591 368 638 375 706 384 754 386 612 500 700 510 619 369 734 384
day17/0469.jpg 563 244 622 247 690 252 744 252 597 376 695 382 594 244 717 252
day21/0439.jpg 536 379 584 380 651 380 703 380 568 502 657 504 560 379 676 379
day17/0642.jpg 572 305 624 304 701 307 758 308 600 449 708 452 599 305 731 308
day36/0294.jpg 557 240 608 244 680 246 734 251 588 376 676 385 583 240 709 246
day22/0077.jpg 488 232 549 230 628 230 690 229 532 381 640 379 514 232 656 231
day13/0320.jpg 515 250 578 250 662 256 727 258 551 410 670 416 545 250 688 257
day29/0290.jpg 584 347 653 350 735 355 806 357 627 527 743 529 627 345 780 354
day21/0206.jpg 540 294 585 292 652 297 704 297 567 408 660 412 562 294 680 295
day36/0204.jpg 515 332 567 333 645 339 703 338 547 477 645 482 542 331 674 336
day23/0239.jpg 541 370 585 371 651 379 700 384 559 489 641 500 563 370 676 380
day22/0092.jpg 514 204 567 204 643 211 702 211 551 350 646 352 544 203 673 206
day07/0731.jpg 603 279 653 281 719 281 767 284 641 403 732 408 627 281 742 282
day17/0536.jpg 542 328 597 329 671 337 725 337 578 472 670 479 566 327 693 333
day12/0409.jpg 537 204 589 204 656 210 714 214 571 337 657 340 564 204 687 210
day14/0410.jpg 522 249 573 250 640 258 695 261 550 380 641 391 545 248 666 256
day07/0350.jpg 561 453 612 446 681 442 734 439 612 576 701 574 593 448 709 440
day02/0745.jpg 541 225 597 231 670 239 728 241 572 372 668 377 571 228 701 239
day08/0690.jpg 610 239 664 241 737 239 793 237 650 378 744 380 637 241 766 237
day18/0336.jpg 569 337 620 339 689 341 741 341 606 467 690 471 599 339 716 339
day37/0174.jpg 539 298 602 303 696 313 752 314 570 467 684 477 574 300 724 312
day09/0040.jpg 541 239 595 242 664 243 718 241 577 370 668 371 569 238 691 241
day07/0708.jpg 597 358 653 365 729 371 785 377 618 498 716 515 625 361 757 372
day09/0059.jpg 575 265 629 266 700 269 754 269 617 395 709 399 607 265 731 267
day37/0032.jpg 548 303 598 305 665 307 721 308 578 437 666 438 573 304 695 304
day10/0210.jpg 538 270 597 273 672 276 730 284 579 419 680 425 572 271 708 281
day24/0142.jpg 554 300 611 299 688 304 756 308 587 456 695 462 579 300 719 306
day18/0202.jpg 579 329 643 336 735 344 811 349 610 508 730 522 617 331 779 342
day26/0533.jpg 568 316 623 317 704 320 763 323 605 470 710 475 595 316 730 320
day21/0006.jpg 615 374 667 378 731 381 782 382 641 508 730 511 641 375 757 380
day19/0297.jpg 612 218 670 225 754 237 825 245 626 387 738 404 638 224 790 241
day19/0077.jpg 591 320 642 325 712 330 769 339 616 460 708 467 616 325 737 332
day03/0266.jpg 553 283 604 283 682 281 740 279 596 428 689 428 578 282 708 278
day28/0059.jpg 571 292 622 293 695 293 751 291 608 435 699 437 603 291 730 290
day26/0628.jpg 568 334 625 336 700 341 759 336 610 487 711 487 598 335 733 338
day07/0236.jpg 557 251 607 255 678 262 731 264 587 388 675 392 583 252 704 260
day08/0567.jpg 592 282 646 283 717 285 770 287 633 416 723 420 620 279 744 283
day07/0172.jpg 554 287 605 291 675 294 730 289 591 424 679 430 579 286 702 288
day23/0105.jpg 520 337 574 343 640 353 696 363 537 469 626 483 545 338 666 355
day16/0222.jpg 542 314 591 316 654 311 703 313 576 429 668 429 567 315 677 309
day25/0149.jpg 545 315 596 318 668 322 717 324 573 448 671 451 572 316 694 322
day26/0178.jpg 583 302 635 303 704 305 754 304 616 441 711 439 610 301 729 303
day36/0251.jpg 538 195 591 192 665 194 713 195 575 325 670 328 565 193 688 194
day14/0203.jpg 560 319 604 319 670 325 722 326 587 440 672 444 583 319 699 324
day15/0270.jpg 548 275 596 276 664 280 718 280 576 400 666 404 572 275 689 279
day02/0869.jpg 541 271 592 275 665 275 720 280 580 409 666 410 572 274 696 275
day08/0653.jpg 566 375 617 377 689 380 742 383 596 508 694 512 590 375 714 382
day25/0370.jpg 530 332 579 331 638 334 690 339 558 443 644 449 555 330 666 335
day13/0112.jpg 537 227 587 225 654 226 709 225 575 356 666 353 566 225 681 225
day16/0489.jpg 537 231 596 235 679 237 739 236 577 396 684 399 569 233 711 233
day07/0443.jpg 593 319 645 321 717 317 771 315 636 446 734 444 621 316 745 313
day11/0059.jpg 445 323 510 326 598 336 666 341 479 498 594 508 475 321 628 335
day09/0232.jpg 491 362 547 361 626 366 683 366 527 511 630 514 517 361 657 366
day21/0071.jpg 522 367 573 373 642 380 697 383 547 510 635 516 553 369 672 379
day22/0208.jpg 525 355 587 364 658 366 719 368 554 511 657 517 552 355 689 364
day04/0166.jpg 531 291 581 292 652 298 703 300 565 420 651 425 558 291 677 297
day29/0247.jpg 555 349 610 350 694 354 759 359 590 511 699 516 580 351 725 357
day26/0016.jpg 584 233 631 234 694 236 749 240 614 362 700 363 605 232 720 234
day17/0430.jpg 557 279 612 283 691 287 756 286 591 437 697 440 582 283 718 287
day01/0017.jpg 578 254 631 257 699 259 758 256 614 393 706 397 604 254 729 256
day34/0065.jpg 536 341 584 347 654 350 707 351 562 475 654 482 562 338 682 347
day36/0169.jpg 533 244 602 248 687 258 755 258 567 415 686 423 574 243 726 255
day08/0135.jpg 441 383 505 383 592 388 653 389 492 550 599 553 471 383 620 387
day08/0026.jpg 508 320 569 323 645 333 708 333 541 474 648 487 537 319 679 333
day29/0054.jpg 516 278 571 281 650 283 703 286 550 417 649 426 550 279 676 284
day13/0456.jpg 549 312 606 313 674 315 733 313 587 451 684 449 577 310 704 313
day01/0033.jpg 582 237 637 241 710 244 770 240 617 387 714 390 604 240 736 241
day33/0054.jpg 536 370 578 370 645 375 694 375 563 493 650 500 554 370 667 373
day07/0468.jpg 558 330 612 334 683 341 743 351 578 463 678 475 586 333 713 345
day13/0372.jpg 555 222 610 220 684 216 747 219 600 357 697 358 582 225 710 216
day21/0536.jpg 553 329 600 328 662 332 713 337 582 446 666 453 577 330 689 334
day03/0281.jpg 543 236 592 232 660 232 718 228 578 356 667 354 566 232 688 225
day23/0179.jpg 591 300 636 304 698 308 745 313 614 416 696 425 615 303 724 309
day23/0335.jpg 517 272 565 278 637 290 680 295 532 404 622 420 546 273 658 291
day37/0043.jpg 572 330 625 332 686 334 740 336 600 456 694 457 598 330 715 333
day02/0753.jpg 539 233 592 238 664 240 721 242 571 377 664 382 568 234 697 240
day18/0068.jpg 524 315 566 316 636 318 688 316 549 436 632 442 549 312 666 313
day07/0941.jpg 508 297 572 301 658 309 720 309 555 458 667 468 540 296 690 305
day13/0032.jpg 524 198 578 199 649 206 708 203 558 340 656 343 555 195 679 199
day02/0217.jpg 551 325 607 328 680 335 732 341 579 468 682 472 580 324 707 338
day02/0070.jpg 521 266 572 266 649 270 702 269 550 404 652 404 544 263 672 268
day07/0211.jpg 536 292 584 294 655 288 713 284 576 424 664 423 558 292 682 284
day13/0620.jpg 533 360 583 364 649 359 698 355 577 484 658 486 556 358 675 355
day25/0474.jpg 500 244 549 248 620 260 674 273 517 369 603 387 522 245 641 264
day26/0057.jpg 555 300 614 297 696 296 766 292 596 464 712 460 584 300 732 291
day21/0470.jpg 558 306 607 308 666 309 715 313 587 418 668 424 580 305 689 311
day14/0225.jpg 559 294 611 296 684 301 736 312 591 420 680 429 580 296 706 307
day26/0617.jpg 512 357 563 361 635 363 695 364 543 502 641 504 535 358 664 363
day18/0463.jpg 556 222 603 220 668 224 718 223 584 339 672 343 580 220 693 221
day18/0430.jpg 529 319 579 318 648 320 698 323 563 439 641 446 557 317 672 322
day25/0185.jpg 529 284 584 282 652 283 710 284 568 416 661 418 560 279 685 282
day36/0129.jpg 524 296 580 295 656 303 716 308 559 441 664 448 552 295 686 301
day35/0044.jpg 582 366 636 367 700 369 759 370 615 499 712 499 608 368 732 366
day22/0091.jpg 499 208 550 210 628 209 688 208 534 352 632 351 524 208 651 208
day04/0259.jpg 511 236 566 237 626 241 680 242 542 365 638 368 540 235 655 240
day04/0334.jpg 550 347 600 349 659 353 710 355 579 468 663 471 575 347 688 353
day20/0043.jpg 541 396 603 396 689 395 752 397 581 558 700 560 575 394 721 394
day24/0184.jpg 536 354 596 360 674 365 735 364 568 515 673 518 572 356 709 364
day07/0883.jpg 566 299 624 304 723 311 787 318 581 469 703 489 595 302 753 316
day17/0175.jpg 570 273 625 276 704 282 763 281 606 428 703 435 600 273 734 281
day26/0066.jpg 592 309 637 310 702 311 748 311 620 429 705 428 612 308 720 309
day07/0192.jpg 562 337 608 341 674 344 727 342 588 464 677 467 584 338 697 341
day03/0298.jpg 528 250 580 245 644 241 704 236 564 372 659 366 552 245 670 238
day07/0242.jpg 588 288 635 290 700 296 748 296 614 410 703 412 612 288 723 293
day31/0013.jpg 540 285 595 292 667 296 724 296 571 431 671 435 571 285 700 293
day26/0422.jpg 529 313 580 317 650 320 707 320 557 456 656 457 550 313 676 316
day33/0341.jpg 575 306 635 313 714 318 780 321 596 465 702 476 600 308 742 316
day25/0010.jpg 544 246 593 248 661 251 717 253 570 375 666 381 576 244 694 250
day33/0095.jpg 520 337 570 340 636 343 690 345 552 464 635 470 543 337 660 342
day03/0123.jpg 552 256 601 258 676 260 728 260 584 388 676 390 578 257 701 260
day24/0233.jpg 530 332 598 331 679 333 748 331 578 500 696 497 560 332 710 329
day26/0769.jpg 568 284 612 287 668 289 715 290 593 399 672 402 588 286 690 290
day02/1028.jpg 562 255 608 253 668 253 720 257 588 364 673 368 588 253 699 256
day10/0055.jpg 520 297 575 299 644 299 708 299 556 439 661 439 552 297 680 297
day04/0207.jpg 508 244 560 245 627 250 673 256 534 365 627 372 534 243 648 253
day02/0122.jpg 524 218 575 219 643 220 694 224 553 342 648 346 550 219 668 223
day15/0437.jpg 553 280 604 285 674 291 728 294 584 413 676 424 577 282 701 292
day27/0423.jpg 594 329 647 329 716 333 769 330 629 466 722 468 620 325 744 328
day26/0145.jpg 577 274 630 276 692 279 749 278 609 409 701 412 605 274 721 276
day29/0298.jpg 582 356 649 362 739 366 808 364 628 544 744 545 620 356 780 361
day27/0211.jpg 504 362 553 364 620 360 672 357 538 492 629 489 524 364 642 359
day21/0139.jpg 553 246 605 250 684 256 737 257 589 388 679 395 582 248 711 252
day29/0092.jpg 551 277 604 281 673 286 731 285 581 422 676 423 576 278 704 284
day32/0133.jpg 564 276 612 276 672 279 719 282 592 388 675 390 588 276 695 277
day02/0613.jpg 571 374 624 371 687 368 736 368 613 496 699 494 594 373 709 367
day26/0679.jpg 548 312 604 316 682 324 738 323 581 457 680 464 575 313 708 322
day34/0025.jpg 538 266 604 269 678 272 741 271 576 424 688 424 575 265 714 267
day23/0036.jpg 549 333 604 333 664 336 720 338 582 460 673 465 579 332 695 336
day07/0472.jpg 570 349 628 351 696 360 756 371 594 484 695 495 602 347 731 364
day03/0345.jpg 584 251 644 253 713 256 772 259 620 388 724 393 616 253 745 259
day31/0226.jpg 545 258 600 260 669 265 728 267 575 392 676 398 576 259 705 264
day03/0293.jpg 553 244 606 243 675 245 729 245 588 374 676 379 580 241 701 241
day11/0360.jpg 538 319 584 320 656 321 702 323 571 436 657 440 563 317 676 321
day26/0417.jpg 589 321 644 328 713 330 774 330 620 468 720 471 613 324 740 328
day16/0262.jpg 567 384 612 384 670 384 719 380 600 498 680 496 587 384 696 380
day26/0739.jpg 572 291 616 296 667 299 709 300 591 393 671 400 593 292 689 298
day10/0322.jpg 492 325 557 325 636 332 703 336 526 482 641 494 528 322 672 331
day27/0208.jpg 505 360 556 360 624 356 682 355 537 490 632 489 533 358 650 356
day22/0264.jpg 500 295 564 300 637 303 698 311 536 449 640 457 529 294 666 303
day33/0260.jpg 546 336 615 339 704 344 782 347 584 520 703 527 583 339 744 343
day11/0389.jpg 540 276 595 276 668 278 720 279 563 407 671 412 569 276 692 279
day08/0430.jpg 531 282 596 288 668 298 724 302 565 425 672 438 562 284 696 299
day07/0736.jpg 593 282 646 284 708 287 760 285 632 408 724 409 623 284 736 286
day04/0178.jpg 524 301 579 303 641 304 698 305 554 434 649 434 550 300 671 304
day01/0329.jpg 564 276 618 276 676 277 732 276 600 397 692 396 593 274 707 276
day07/0673.jpg 560 356 612 355 673 358 730 360 589 480 675 483 587 353 702 358
day02/0690.jpg 567 345 620 344 678 353 724 363 599 452 681 460 597 344 703 357
day19/0130.jpg 573 337 631 341 708 343 776 344 600 496 712 503 598 339 740 343
day09/0214.jpg 548 252 625 260 709 268 781 270 586 441 716 448 596 255 755 265
day11/0247.jpg 502 366 560 368 635 378 688 380 534 512 631 518 530 366 658 378
day07/0280.jpg 561 280 614 286 681 297 732 304 591 417 672 430 592 280 707 300
day37/0006.jpg 555 289 606 295 669 296 724 295 580 418 669 424 580 292 697 293
day36/0094.jpg 527 351 577 355 634 354 682 355 557 463 636 467 551 353 656 355
day18/0411.jpg 582 282 654 284 729 289 798 289 629 447 735 449 618 285 765 290
day12/0433.jpg 540 218 586 222 643 221 698 225 562 328 648 331 563 220 668 222
day18/0148.jpg 617 243 675 244 748 248 814 251 643 384 744 395 646 244 779 251
day05/0085.jpg 588 188 642 190 708 200 767 214 611 316 702 325 614 188 745 207
day33/0262.jpg 575 364 646 360 734 364 808 372 615 538 734 545 610 363 772 370
day29/0013.jpg 551 273 605 271 667 275 730 277 580 392 671 402 580 273 697 275
day21/0275.jpg 552 366 603 365 667 364 714 363 578 482 670 486 575 363 686 361
day21/0022.jpg 571 276 633 281 708 288 767 291 600 424 711 433 610 278 740 288
day18/0509.jpg 543 305 596 307 662 307 719 312 568 440 673 445 566 305 694 312
day06/0059.jpg 552 325 613 323 678 333 734 335 584 461 684 463 586 322 708 332
day25/0283.jpg 550 317 605 319 678 322 739 327 571 463 683 470 579 314 713 322
day30/0017.jpg 539 341 589 346 650 353 700 354 566 460 646 470 560 341 670 351
day08/0694.jpg 620 242 685 240 750 238 811 239 666 375 766 377 655 241 788 239
day07/0245.jpg 561 239 607 236 675 239 727 238 595 345 685 352 584 236 702 233
day18/0270.jpg 551 348 605 350 666 345 719 341 586 471 676 470 578 350 696 342
day26/0320.jpg 584 321 647 326 720 327 786 322 621 475 733 473 617 321 750 320
day08/0298.jpg 537 223 601 227 669 231 723 237 565 359 670 367 571 225 698 232
day12/0288.jpg 607 400 677 408 761 413 835 423 626 572 755 586 648 400 803 419
day19/0324.jpg 559 336 610 335 678 334 726 334 592 458 682 453 584 336 703 335
day12/0169.jpg 520 311 580 314 654 320 709 317 550 460 655 466 552 314 681 317
day08/0385.jpg 560 278 620 288 685 298 738 308 575 419 684 432 592 280 713 303
day09/0064.jpg 625 364 700 369 783 376 863 378 658 546 789 554 665 367 827 375
day37/0159.jpg 540 290 609 302 691 314 769 311 564 471 689 489 572 291 723 311
day08/0461.jpg 528 219 578 217 640 222 690 226 556 336 643 343 548 216 663 224
day22/0067.jpg 512 227 576 228 654 227 714 228 549 379 659 378 548 228 683 228
day12/0353.jpg 553 247 602 248 669 245 723 252 588 360 673 364 583 246 696 247
day34/0141.jpg 508 326 559 328 618 326 671 328 538 446 628 449 533 325 643 326
day02/0505.jpg 558 283 610 283 671 288 722 289 592 404 683 408 586 284 695 288
day25/0139.jpg 523 309 594 313 671 319 741 322 548 470 666 477 555 307 703 316
day09/0073.jpg 615 372 686 376 770 380 855 385 657 553 782 565 660 376 821 380
day27/0468.jpg 575 357 626 357 691 359 747 358 602 485 704 483 598 359 715 355
day21/0462.jpg 536 430 582 432 640 433 689 438 565 538 646 544 558 432 663 436
day19/0390.jpg 642 309 704 316 786 326 858 338 659 459 771 488 676 313 823 333
day13/0369.jpg 558 215 619 219 684 213 747 216 600 353 700 353 588 215 720 211
day03/0524.jpg 540 295 601 296 660 295 709 296 571 415 664 419 569 297 685 295
day21/0432.jpg 525 384 578 384 639 379 693 379 561 504 650 508 548 384 666 376
day37/0011.jpg 556 286 605 288 672 290 726 291 580 409 674 414 582 285 701 290
day12/0385.jpg 569 241 622 238 685 235 744 239 607 361 696 360 597 238 720 235
day24/0054.jpg 510 267 564 270 632 272 688 276 530 403 630 414 533 267 659 273
day07/0653.jpg 638 313 700 319 779 325 846 340 655 475 776 486 667 317 813 328
day26/0391.jpg 573 319 636 325 707 328 773 325 615 472 715 476 604 317 735 321
day27/0313.jpg 573 309 629 317 696 322 748 325 598 444 695 451 604 313 722 325
day25/0156.jpg 541 312 596 317 665 320 722 324 563 450 664 456 568 315 693 323
day10/0106.jpg 538 295 597 295 660 297 717 300 570 421 672 425 567 295 692 296
day31/0111.jpg 550 260 614 272 682 277 751 283 577 414 690 425 580 265 720 277
day20/0064.jpg 553 332 633 339 720 342 798 348 596 527 733 533 591 334 767 346
day33/0371.jpg 597 270 660 279 739 283 801 288 625 428 726 442 627 275 767 288
day08/0634.jpg 514 369 577 369 648 367 714 364 555 520 665 516 545 365 682 364
day36/0240.jpg 533 307 589 302 655 302 719 307 566 435 669 438 560 303 689 300
day02/0573.jpg 553 338 604 339 667 342 725 342 588 463 676 465 583 334 698 338
day03/0181.jpg 596 276 650 272 716 269 775 265 638 402 732 398 622 276 744 265
day32/0164.jpg 536 263 592 269 655 272 714 277 565 391 659 397 567 265 688 272
day25/0032.jpg 525 264 582 267 650 269 705 271 551 401 650 408 553 264 679 269
day08/0691.jpg 611 240 669 241 740 240 797 239 654 378 746 378 642 241 771 240
day19/0325.jpg 567 339 620 339 683 339 738 345 600 450 691 455 594 339 711 339
day31/0234.jpg 541 259 598 264 670 265 727 265 576 396 678 400 572 259 701 265
day29/0336.jpg 519 322 582 328 658 327 719 329 550 477 663 482 545 323 685 325
day26/0688.jpg 542 387 593 391 658 393 713 399 572 516 664 523 563 390 682 396
day18/0449.jpg 567 294 620 295 673 297 740 304 588 408 670 415 590 294 708 301
day13/0102.jpg 532 230 584 227 649 228 707 227 568 352 662 353 556 228 678 227
day09/0170.jpg 527 326 580 328 635 330 688 329 553 450 647 450 553 323 664 326
day26/0065.jpg 595 310 646 314 703 313 755 313 626 428 713 430 620 314 729 314
day08/0384.jpg 542 284 604 288 667 296 721 304 564 416 668 426 571 287 692 299
day11/0149.jpg 450 372 515 375 590 382 645 385 484 510 589 521 480 371 615 379
day28/0078.jpg 511 321 561 323 614 323 663 323 545 438 627 436 539 321 640 322
day11/0061.jpg 486 345 560 353 630 361 704 370 520 504 636 521 525 352 671 367
day19/0036.jpg 574 321 626 320 690 323 739 326 600 439 688 446 598 322 712 324
day07/0324.jpg 619 261 678 267 742 276 805 277 646 411 746 420 650 260 778 276
day31/0006.jpg 532 288 592 290 660 291 722 293 568 421 671 428 561 287 689 289
day21/0231.jpg 551 284 603 280 671 280 729 283 582 405 678 409 578 282 696 282
day01/0022.jpg 582 253 635 258 705 260 760 261 611 390 705 398 607 253 732 260
day23/0070.jpg 548 276 605 279 672 280 727 289 576 409 675 414 579 279 703 283
day13/0768.jpg 560 308 615 315 679 323 733 327 573 435 676 445 592 309 709 322
day22/0014.jpg 520 244 575 245 642 251 701 256 545 378 645 383 549 244 676 251
day18/0675.jpg 524 268 580 279 647 286 708 287 548 416 651 424 556 276 680 284
day07/0391.jpg 498 344 575 350 658 355 740 351 538 534 667 539 533 345 701 347
day26/0027.jpg 573 292 633 296 704 297 773 291 604 439 715 441 600 290 739 292
day04/0248.jpg 515 228 569 234 634 239 684 239 545 359 638 361 542 228 665 232
day20/0006.jpg 521 377 601 376 697 376 777 376 565 571 703 571 559 371 735 373
day10/0086.jpg 539 241 602 245 667 244 730 247 576 380 680 382 573 246 703 245
day21/0474.jpg 553 313 607 311 661 314 716 315 578 420 671 428 583 309 692 310
day14/0067.jpg 551 271 620 283 680 286 746 292 578 416 678 429 580 275 710 290
day26/0531.jpg 558 309 621 314 696 320 759 319 594 470 704 471 591 311 726 315
day26/0795.jpg 568 317 615 321 675 326 728 330 584 433 672 440 593 317 705 326
day26/0536.jpg 564 313 634 321 711 325 770 325 603 467 711 476 605 315 739 319
day34/0269.jpg 539 278 598 280 672 280 735 279 578 433 685 433 565 275 705 277
day03/0566.jpg 582 220 630 220 691 225 751 232 614 342 702 346 611 221 726 225
day18/0074.jpg 520 316 577 320 638 319 692 322 546 438 640 442 555 314 667 316
day03/0275.jpg 535 289 589 289 663 285 728 285 575 432 670 430 561 289 691 284
day16/0178.jpg 601 328 656 332 720 334 778 340 636 464 729 470 629 332 750 338
day03/0254.jpg 552 267 615 272 680 271 742 271 597 414 691 413 586 269 713 272
day14/0068.jpg 563 266 620 272 688 279 747 288 579 411 684 423 589 267 720 282
day32/0188.jpg 539 317 583 319 638 325 682 326 564 426 641 433 555 315 661 322
day11/0054.jpg 465 327 536 332 620 340 688 345 510 502 627 504 504 327 654 339
day14/0418.jpg 520 250 580 255 641 260 696 264 545 379 641 390 544 250 675 260
day12/0007.jpg 575 288 638 288 705 283 769 285 610 422 713 425 602 284 729 282
day32/0165.jpg 536 269 591 267 654 272 714 275 565 394 660 397 564 267 679 270
day34/0189.jpg 510 359 567 363 625 365 683 369 534 489 628 495 535 358 655 367
day03/0456.jpg 529 201 590 203 660 201 715 202 575 329 665 333 564 198 691 201
day19/0250.jpg 528 377 576 380 636 385 695 396 552 496 642 508 553 373 670 388
day08/0584.jpg 567 272 626 266 685 267 739 275 600 390 694 389 596 269 709 273
day26/0423.jpg 529 320 583 325 653 329 713 328 559 466 661 464 565 323 684 326
day21/0148.jpg 548 408 600 414 671 420 727 426 571 552 671 559 571 410 697 419
day10/0265.jpg 494 236 549 242 612 248 668 259 526 363 625 373 522 237 643 252
day13/0042.jpg 569 236 636 245 710 246 765 251 591 388 708 395 602 236 738 246
day21/0596.jpg 521 326 575 335 638 335 688 344 545 457 634 466 552 330 660 339
day03/0554.jpg 578 303 628 302 686 307 742 303 603 413 692 419 604 302 720 303
day09/0033.jpg 539 234 598 234 658 234 723 240 578 358 675 363 569 234 694 238
day01/0199.jpg 588 263 644 264 701 265 751 265 630 371 707 377 619 259 725 263
day21/0580.jpg 521 325 569 330 639 336 690 342 542 455 639 465 547 326 663 336
day29/0048.jpg 507 282 566 285 634 286 695 291 532 419 641 427 539 284 663 288
day28/0023.jpg 583 288 639 297 713 302 775 300 616 434 719 442 616 295 744 296
day02/0910.jpg 525 254 575 254 644 251 700 252 547 380 646 379 547 250 670 250
day10/0069.jpg 577 304 642 305 715 308 786 310 623 459 730 464 608 302 751 308
day03/0143.jpg 617 289 671 294 735 301 790 303 644 420 745 427 648 285 766 300
day07/0633.jpg 588 301 652 310 738 319 819 330 601 475 726 494 615 303 777 322
day15/0209.jpg 542 389 601 389 671 395 732 403 571 514 671 530 573 386 698 396
day10/0221.jpg 493 252 560 257 650 258 724 254 533 429 658 432 527 255 687 256
day33/0326.jpg 555 355 614 359 680 355 750 359 590 501 691 503 590 358 720 355
day11/0185.jpg 536 260 594 263 661 259 722 258 577 389 670 390 564 257 689 254
day21/0444.jpg 545 295 598 292 663 292 715 295 584 409 671 411 572 294 688 294
day09/0280.jpg 546 359 605 355 660 355 719 361 585 476 671 471 579 360 690 361
day10/0156.jpg 536 402 586 404 648 409 704 405 569 526 658 527 564 403 676 402
day27/0028.jpg 547 245 614 247 685 250 760 250 583 405 698 404 589 244 727 250
day18/0566.jpg 541 293 590 294 655 296 712 302 569 409 663 413 566 291 684 296
day09/0086.jpg 623 289 689 290 770 291 836 294 655 451 771 454 657 290 804 290
day18/0437.jpg 534 314 586 319 647 322 704 326 567 430 648 441 559 315 675 321
day12/0050.jpg 567 444 628 444 688 439 744 439 609 567 705 566 596 442 713 436
day14/0353.jpg 571 395 619 401 680 409 748 425 565 516 660 534 596 395 719 415
day07/0465.jpg 558 335 617 338 688 341 741 347 586 471 689 475 591 332 716 344
day08/0204.jpg 554 329 608 333 676 339 735 340 576 466 681 475 577 330 704 340
day32/0174.jpg 517 269 575 265 632 267 692 269 546 391 641 395 544 265 661 265
day31/0158.jpg 517 260 575 263 635 270 696 276 544 391 639 395 545 260 667 267
day03/0480.jpg 600 257 663 264 725 270 778 272 636 398 720 403 630 257 750 266
day04/0012.jpg 542 250 601 257 673 261 734 264 565 398 672 407 573 253 703 260
day19/0159.jpg 600 350 664 347 722 355 788 361 620 495 728 504 625 348 758 359
day03/0550.jpg 578 314 628 314 691 319 746 317 610 427 694 434 607 314 720 315
day29/0353.jpg 533 379 609 390 686 389 754 389 567 558 700 557 573 384 726 388
day02/0220.jpg 533 330 600 333 663 336 726 345 570 471 676 478 573 333 701 340
day32/0216.jpg 546 290 597 291 651 295 708 294 572 397 666 397 575 289 678 292
day24/0095.jpg 559 326 621 333 695 333 754 333 595 479 701 480 586 326 721 329
day21/0485.jpg 541 295 596 297 655 300 715 307 571 409 665 415 569 294 680 297
day11/0295.jpg 572 294 626 296 692 301 751 301 600 423 694 430 596 294 717 301
day08/0659.jpg 559 378 614 376 683 376 742 378 594 504 691 510 589 377 707 377
day26/0222.jpg 565 251 627 255 701 261 769 263 596 413 705 411 594 252 736 253
day26/0848.jpg 613 329 669 327 747 332 801 332 653 471 752 473 643 328 773 330
day25/0234.jpg 563 277 633 285 707 295 777 292 596 453 709 453 595 276 745 285
day02/0932.jpg 547 271 604 273 675 279 726 283 576 398 671 405 571 266 696 277
day13/0829.jpg 565 224 617 225 684 229 738 233 590 350 690 354 590 224 712 229
day03/0014.jpg 557 333 601 333 662 334 707 337 580 432 668 434 577 332 684 333
day07/0051.jpg 548 339 607 341 671 340 732 342 591 469 680 476 576 338 700 339
day15/0303.jpg 502 279 563 284 626 294 684 304 530 409 627 421 532 283 652 295
day37/0122.jpg 541 292 607 297 680 300 747 307 566 445 685 451 576 292 713 297
day03/0325.jpg 521 263 576 269 636 267 705 265 552 396 647 401 544 265 671 264
day08/0733.jpg 523 292 576 299 643 300 698 300 556 426 644 428 548 292 672 299
day31/0274.jpg 571 259 640 264 715 268 777 273 605 416 720 424 604 257 754 268
day19/0421.jpg 638 263 698 272 763 277 822 285 654 397 744 416 669 265 792 279
day24/0168.jpg 527 303 580 307 645 310 701 313 553 439 644 444 558 304 670 308
day13/0694.jpg 548 337 592 335 655 334 703 338 581 444 658 449 568 335 680 336
day11/0429.jpg 619 229 679 245 764 263 833 278 619 395 726 419 650 236 794 264
day13/0484.jpg 536 335 597 339 661 341 711 348 572 465 669 466 573 335 688 344
day08/0281.jpg 527 214 584 220 652 220 710 224 558 344 660 347 558 212 680 218
day02/0226.jpg 546 297 603 302 671 305 730 305 571 435 675 439 576 301 694 307
day03/0407.jpg 554 239 608 240 672 241 729 239 592 369 685 371 579 240 698 241
day36/0301.jpg 557 250 611 253 679 254 736 260 580 385 678 396 582 250 704 255
day02/0418.jpg 530 282 581 286 641 289 703 287 563 413 652 413 557 279 672 283
day02/0616.jpg 573 369 623 370 686 369 741 367 608 491 698 492 598 366 717 365
day08/0528.jpg 528 266 584 272 652 273 711 278 566 400 654 408 558 269 678 275
day37/0225.jpg 524 350 588 353 656 357 720 364 557 496 662 504 559 350 687 361
day02/0727.jpg 542 334 598 335 659 338 719 340 579 465 670 467 578 332 694 336
day27/0412.jpg 577 330 628 333 688 335 744 336 610 459 698 461 601 333 715 335
day21/0499.jpg 550 294 608 296 665 298 714 302 577 402 663 413 580 291 691 300
day18/0283.jpg 590 272 648 277 726 280 790 290 613 420 720 428 617 277 753 283
day24/0010.jpg 490 248 544 258 614 261 680 269 515 394 613 404 516 254 645 263
day05/0041.jpg 586 206 635 205 696 202 749 200 621 319 707 317 612 204 722 200
day13/0444.jpg 551 291 614 290 680 289 742 292 598 427 700 428 588 292 713 289
day18/0233.jpg 577 319 633 320 689 321 746 328 598 445 696 450 602 317 722 322
day26/0230.jpg 552 264 616 270 689 271 757 273 590 427 698 432 579 263 722 267
day07/0220.jpg 585 284 638 285 701 283 764 282 628 407 714 413 613 284 734 279
day34/0116.jpg 555 279 619 285 698 292 754 297 584 432 700 439 590 278 729 291
day07/0112.jpg 522 326 579 330 645 332 708 336 548 470 647 473 551 326 671 332
day26/0185.jpg 586 300 644 304 709 307 773 308 623 438 717 439 623 301 740 308
day21/0542.jpg 540 306 593 307 658 310 720 316 563 436 662 441 564 304 691 312
day29/0350.jpg 527 370 597 373 676 384 758 382 561 546 695 551 560 371 715 380
day02/0585.jpg 563 348 620 346 676 348 732 355 597 469 686 470 590 346 703 348
day12/0316.jpg 630 410 692 420 773 433 850 440 638 584 765 604 664 411 815 432
day10/0145.jpg 528 404 577 401 637 402 692 404 554 522 652 526 548 405 667 403
day26/0430.jpg 536 317 589 319 659 320 719 321 566 459 666 455 559 314 686 314
day13/0198.jpg 528 304 599 312 679 312 752 313 567 476 691 480 570 304 722 310
day23/0133.jpg 526 345 578 348 644 359 704 361 554 473 647 484 554 344 671 357
day01/0152.jpg 579 341 623 344 691 339 748 333 607 470 697 473 600 342 714 336
day08/0683.jpg 595 241 651 245 722 239 783 238 636 378 728 378 621 246 754 239
day07/0386.jpg 504 344 577 347 666 347 736 350 540 533 675 530 535 346 701 348
day26/0115.jpg 565 235 621 235 689 240 747 240 596 370 696 372 595 233 722 238
day18/0149.jpg 615 241 672 244 742 245 813 252 642 386 744 394 638 241 780 245
day08/0608.jpg 571 221 636 225 702 223 758 223 623 363 714 365 605 221 734 219
day08/0496.jpg 544 305 604 304 671 311 727 313 561 436 669 447 571 303 696 309
day10/0321.jpg 488 326 551 328 632 332 696 336 522 483 640 488 522 326 668 334
day29/0329.jpg 530 308 592 311 670 317 726 322 561 458 669 464 565 307 700 317
day36/0077.jpg 508 336 553 338 616 338 665 336 533 454 619 455 530 339 640 336
day26/0473.jpg 578 328 635 332 707 339 771 339 615 479 715 482 610 328 739 334
day03/0572.jpg 577 222 632 223 696 222 751 228 614 338 703 342 604 219 721 222
day32/0142.jpg 557 272 605 270 661 275 711 276 586 383 667 380 579 269 688 271
day12/0029.jpg 580 323 633 330 696 326 748 326 617 447 705 450 610 326 723 322
day16/0140.jpg 582 271 645 279 716 283 783 288 607 428 710 438 613 277 750 280
day19/0162.jpg 551 338 603 342 664 336 720 338 590 463 676 463 582 336 697 336
day32/0178.jpg 529 265 583 271 642 272 705 275 565 395 653 401 561 267 683 273
day27/0185.jpg 524 284 580 284 640 286 699 288 554 412 649 412 553 284 668 287
day27/0357.jpg 586 310 645 314 717 317 778 317 615 457 725 458 623 313 751 316
day36/0161.jpg 513 332 579 334 648 333 707 329 554 485 663 484 546 330 678 327
day23/0287.jpg 569 332 626 333 688 329 750 327 608 466 703 467 594 332 719 328
day10/0250.jpg 561 304 608 308 672 314 726 326 594 425 683 438 588 304 707 319
day27/0422.jpg 591 332 650 330 715 332 769 330 629 460 726 465 622 328 740 325
day02/0012.jpg 494 292 549 297 620 296 684 294 525 440 625 440 520 296 651 294
day15/0064.jpg 570 353 620 355 690 359 751 358 592 489 692 498 595 353 720 359
day26/0310.jpg 597 330 655 332 729 330 792 326 638 480 739 476 626 332 758 327
day37/0051.jpg 584 327 628 334 690 334 752 339 611 457 698 463 610 329 723 339
day33/0362.jpg 591 266 650 270 728 275 794 278 619 422 721 434 614 267 754 276
day18/0190.jpg 620 386 680 392 751 400 820 409 639 539 742 557 646 386 780 400
day02/0519.jpg 563 289 615 290 677 292 732 296 590 409 683 410 588 289 704 290
day31/0270.jpg 544 264 613 265 685 264 752 268 584 414 696 424 575 260 718 266
day12/0031.jpg 579 326 632 328 700 323 754 323 619 448 705 448 604 325 722 322
day08/0386.jpg 555 273 615 285 680 295 735 308 577 416 680 429 588 277 710 301
day36/0213.jpg 563 240 630 240 703 245 771 252 604 396 717 400 600 238 742 245
day23/0143.jpg 569 313 622 314 685 319 740 320 603 441 692 446 597 314 719 319
day14/0124.jpg 575 302 630 305 697 305 763 313 614 435 710 447 604 302 733 308
day12/0390.jpg 570 241 625 236 685 236 747 240 608 366 700 363 597 235 715 234
day16/0166.jpg 588 304 641 307 705 305 757 307 622 428 714 434 613 304 727 304
day13/0375.jpg 546 229 607 222 676 222 740 223 588 361 688 361 575 223 707 220
day18/0010.jpg 547 248 607 252 677 252 738 258 583 384 678 389 573 248 705 252
day32/0085.jpg 552 295 608 294 667 291 725 291 586 417 673 419 577 289 694 289
day03/0189.jpg 602 285 661 283 734 277 786 273 646 426 748 417 630 286 758 275
day01/0040.jpg 588 234 648 239 720 240 779 239 625 379 723 384 620 229 750 234
day11/0431.jpg 629 242 690 258 771 279 840 295 622 405 733 439 658 248 808 285
day02/0426.jpg 550 297 603 297 663 300 723 302 582 421 671 423 578 298 697 297
day13/0230.jpg 546 367 597 365 663 370 719 375 572 491 665 498 569 364 684 371
day09/0089.jpg 628 291 691 295 776 297 842 298 664 453 772 457 670 291 813 295
day07/0636.jpg 613 301 676 308 766 323 838 335 632 473 746 495 644 307 805 332
day13/0604.jpg 548 358 598 360 661 363 721 364 573 488 669 494 570 358 689 361
day16/0040.jpg 575 214 627 217 694 219 757 227 590 345 682 357 596 214 721 221
day34/0144.jpg 563 348 618 356 675 358 727 358 594 471 675 473 590 349 698 355
day01/0021.jpg 571 259 628 258 698 263 755 263 604 398 701 400 598 260 722 259
day08/0697.jpg 601 238 652 242 726 240 785 238 632 372 725 373 626 239 754 234
day25/0033.jpg 525 257 583 263 653 266 717 270 554 401 655 409 555 255 680 264
day05/0055.jpg 590 210 640 203 701 209 753 208 626 319 710 321 614 203 723 205
day11/0281.jpg 557 285 615 288 676 288 736 292 592 411 682 411 591 284 707 288
day23/0057.jpg 567 420 623 422 689 420 751 415 609 557 704 560 596 417 725 416
day02/0778.jpg 517 282 578 283 646 290 707 294 544 417 652 423 546 282 677 290
day27/0398.jpg 602 310 659 321 725 321 785 320 635 448 732 452 638 311 757 317
day13/0757.jpg 541 289 600 294 666 296 723 300 563 423 661 430 561 290 695 296
day27/0353.jpg 586 306 646 312 716 314 781 314 618 452 722 456 622 310 749 312
day17/0420.jpg 551 308 614 309 684 311 747 311 586 454 692 457 578 308 712 309
day16/0340.jpg 530 280 590 282 666 285 737 286 554 430 660 441 562 277 702 280
day26/0210.jpg 560 370 612 374 673 376 725 376 592 500 679 499 586 368 700 373
day18/0448.jpg 571 294 624 295 682 299 743 305 589 405 674 418 602 292 719 303
day02/0185.jpg 524 348 581 349 641 355 697 356 556 480 651 484 552 346 667 352
day25/0297.jpg 539 334 603 332 676 337 742 336 572 484 688 486 566 333 706 334
day19/0347.jpg 506 345 555 352 621 359 674 365 528 475 615 487 533 346 650 359
day03/0184.jpg 568 270 620 266 684 258 748 253 590 394 693 390 592 266 714 258
day03/0635.jpg 499 377 542 375 600 372 650 373 528 483 610 478 524 374 623 372
day13/0397.jpg 565 301 635 309 719 320 790 332 586 475 708 490 596 305 751 327
day02/0438.jpg 560 300 611 300 678 303 730 305 590 424 683 430 588 296 707 304
day18/0611.jpg 552 300 606 299 671 298 729 302 582 424 675 424 584 298 704 295
day12/0320.jpg 626 410 695 422 778 432 857 441 648 589 765 610 659 411 813 434
day28/0013.jpg 565 291 629 294 696 291 765 292 602 444 710 441 598 289 727 290
day09/0180.jpg 523 329 571 330 633 330 679 330 549 450 641 449 547 329 659 329
day14/0332.jpg 574 314 625 317 683 318 737 320 598 424 691 428 602 314 712 315
day13/0446.jpg 555 296 615 291 682 295 745 294 602 432 697 430 585 292 711 295
day23/0182.jpg 547 278 592 279 648 279 703 282 565 392 657 395 564 275 678 279
day13/0359.jpg 543 286 600 283 668 285 723 291 576 402 674 409 571 282 691 286
day03/0638.jpg 503 375 548 377 602 377 650 378 526 486 604 486 524 376 623 375
day01/0159.jpg 585 341 636 344 700 343 755 339 617 474 705 470 611 342 729 339
day07/0467.jpg 579 340 644 345 705 352 767 363 609 475 708 483 616 340 739 355
day26/0388.jpg 569 316 628 322 701 327 769 320 609 472 711 478 596 321 736 321
day34/0159.jpg 552 351 603 354 655 356 710 356 579 468 660 473 578 349 685 354
day14/0438.jpg 651 382 709 380 783 384 845 391 677 517 783 528 682 380 808 385
day03/0215.jpg 532 232 596 235 664 235 723 235 570 371 670 378 560 232 692 234
day37/0148.jpg 535 295 605 305 688 309 757 309 577 467 695 475 564 300 716 305
day03/0238.jpg 563 303 623 307 694 310 746 310 603 439 698 447 594 303 717 310
day18/0113.jpg 554 286 607 288 675 288 732 288 591 409 682 414 583 286 700 288
day24/0135.jpg 540 297 608 303 684 307 750 307 575 469 692 469 576 300 720 305
day24/0139.jpg 530 313 600 320 676 322 744 317 573 479 688 484 564 314 707 317
day24/0250.jpg 539 361 602 366 679 364 752 363 573 523 691 522 569 360 713 364
day13/0031.jpg 517 200 572 203 645 204 704 208 550 340 653 342 542 205 667 204
day20/0024.jpg 495 392 561 397 639 394 721 397 515 554 645 566 520 394 678 398
day18/0101.jpg 546 279 596 279 657 278 719 277 578 402 669 404 569 279 686 276
day21/0382.jpg 544 317 596 315 654 320 709 321 577 428 663 434 567 315 680 317
day27/0029.jpg 554 244 614 244 686 248 761 248 584 397 703 402 590 244 732 248
day03/0487.jpg 552 238 605 235 667 241 720 239 585 361 676 366 582 234 697 238
day34/0138.jpg 560 315 615 316 686 319 744 321 582 448 692 450 588 315 713 322
day35/0093.jpg 592 401 646 402 707 404 761 402 633 530 714 530 621 403 735 401
day25/0173.jpg 525 282 591 289 666 295 732 297 553 441 676 446 560 282 697 289
day02/0527.jpg 542 240 591 239 647 240 710 241 570 351 653 357 565 235 679 236
day16/0041.jpg 605 226 672 232 755 239 829 244 632 397 745 404 635 226 792 234
day02/0803.jpg 553 301 603 301 670 307 726 305 590 434 671 432 578 301 702 302
day19/0191.jpg 528 259 583 259 663 260 736 264 560 410 673 411 550 261 701 261
day07/0954.jpg 516 325 579 328 664 330 728 332 561 490 682 495 550 327 700 332
day26/0206.jpg 551 364 596 367 659 370 711 371 572 492 660 497 569 363 680 367
day37/0050.jpg 584 327 632 333 694 333 752 335 609 454 698 459 609 330 721 333
day13/0441.jpg 534 288 590 288 664 285 720 288 580 419 680 421 561 289 690 284
day09/0221.jpg 507 339 572 350 651 355 704 365 530 492 648 501 540 344 675 359
day21/0405.jpg 540 253 592 258 651 266 703 275 558 364 642 379 564 251 679 266
day03/0180.jpg 585 257 644 255 704 258 765 258 617 390 715 389 613 258 733 258
day36/0088.jpg 507 338 561 345 616 339 667 342 535 461 621 460 533 335 641 338
day13/0773.jpg 545 307 602 314 670 316 726 322 572 439 667 448 579 305 701 315
day02/0695.jpg 533 365 577 365 647 363 700 361 565 485 657 485 558 365 667 363
day08/0580.jpg 582 286 636 285 709 288 763 290 615 420 715 425 604 286 733 290
day15/0117.jpg 530 352 588 360 657 364 726 367 565 508 666 508 553 355 689 359
day37/0039.jpg 542 305 594 308 657 309 714 309 570 429 665 439 569 308 690 307
day04/0131.jpg 554 276 617 277 689 277 750 280 592 413 692 417 589 271 722 273
day14/0146.jpg 576 302 629 304 697 309 757 313 607 433 697 439 604 300 729 310
day03/0237.jpg 548 310 605 316 669 319 729 321 577 451 673 455 578 313 703 317
day01/0020.jpg 583 250 638 253 710 257 764 254 622 390 711 392 613 248 740 251
day02/0559.jpg 575 308 627 305 690 302 747 304 602 433 701 429 603 303 716 298
day31/0152.jpg 515 261 567 264 641 267 691 273 538 389 638 398 545 264 665 271
day07/0136.jpg 522 427 576 427 639 426 702 429 546 561 644 567 548 423 669 427
day21/0149.jpg 555 420 608 426 678 428 730 428 584 563 677 567 580 422 708 428
day08/0190.jpg 519 285 571 289 638 285 692 289 539 415 647 413 542 285 663 285
day12/0388.jpg 571 245 630 242 689 238 748 241 603 365 703 364 602 244 717 238
day04/0098.jpg 536 260 605 267 673 270 738 275 561 410 672 422 572 261 710 272
day14/0216.jpg 547 321 596 321 659 327 707 333 570 434 658 440 569 321 680 327
day33/0156.jpg 532 302 608 310 686 314 754 317 558 473 695 482 570 307 726 316
day24/0155.jpg 538 303 605 307 677 305 750 308 577 470 685 473 569 308 713 307
day13/0415.jpg 548 355 604 353 667 354 716 358 590 469 679 467 582 351 695 353
day34/0174.jpg 497 246 560 251 635 251 704 254 532 401 635 404 528 247 664 252
day25/0133.jpg 519 313 585 309 666 317 734 322 547 471 669 476 551 313 696 320
day13/0469.jpg 565 348 636 354 711 367 784 379 589 508 702 530 600 350 750 373
day37/0059.jpg 579 328 621 329 692 335 747 333 603 454 698 459 597 329 716 332
day27/0130.jpg 515 241 589 239 667 247 744 251 552 400 673 407 553 241 703 245
day25/0076.jpg 541 305 608 308 691 311 759 308 578 464 698 467 576 303 723 308
day26/0551.jpg 536 311 588 315 657 317 708 321 558 438 657 442 563 311 679 317
day07/0197.jpg 554 350 604 355 672 359 721 360 579 478 670 485 577 353 692 357
day28/0053.jpg 569 292 623 298 691 298 753 297 602 434 701 440 591 292 720 294
day14/0115.jpg 559 360 615 369 684 377 740 388 578 504 672 519 591 364 716 382
day03/0527.jpg 553 298 609 302 671 303 723 301 589 428 676 426 586 300 700 302
day15/0233.jpg 622 364 694 375 772 379 842 394 647 532 759 542 658 365 803 379
day18/0347.jpg 554 250 601 253 679 253 727 251 588 382 684 380 578 251 700 252
day15/0336.jpg 580 346 635 353 701 353 758 361 600 478 701 486 611 345 734 354
day21/0384.jpg 555 313 601 310 660 320 717 323 570 423 670 428 583 313 692 321
day31/0084.jpg 520 270 573 270 646 275 705 276 544 404 657 405 548 270 670 276
day01/0180.jpg 564 315 615 315 671 313 720 311 596 423 676 423 586 313 695 311
day18/0360.jpg 558 245 610 251 675 248 730 248 595 373 684 375 580 247 697 247
day14/0152.jpg 571 301 625 303 688 308 752 313 597 434 695 440 597 301 722 308
day02/0011.jpg 515 276 572 278 646 279 705 280 547 422 644 426 541 277 679 280
day13/0414.jpg 551 345 607 346 663 346 717 351 592 459 675 459 580 342 695 347
day25/0302.jpg 528 272 591 276 658 276 726 284 558 421 664 423 553 273 686 279
day19/0197.jpg 527 263 592 257 671 255 739 261 555 404 684 414 557 260 701 257
day12/0014.jpg 566 289 619 289 694 286 753 288 602 423 700 421 595 286 717 283
day21/0353.jpg 555 288 609 290 671 296 725 304 582 413 673 422 580 288 695 301
day25/0106.jpg 530 310 591 311 660 315 722 317 558 448 670 458 552 310 689 314
day07/0570.jpg 588 289 641 286 703 288 763 288 625 411 716 411 613 286 735 284
day12/0341.jpg 546 252 595 248 659 248 714 248 583 366 671 365 571 252 684 248
day13/0196.jpg 528 302 596 307 680 308 752 313 560 473 691 479 557 303 713 309
day08/0687.jpg 602 240 665 242 739 239 795 240 642 378 745 377 634 240 764 239
day14/0046.jpg 545 295 608 294 669 298 732 295 572 426 684 433 571 296 704 292
day19/0327.jpg 567 336 622 340 684 339 734 346 600 453 696 455 595 339 714 339
day13/0152.jpg 536 290 592 290 660 296 726 300 560 427 673 438 566 290 697 296
day03/0166.jpg 605 229 669 233 732 233 784 238 642 359 738 360 636 227 758 230
day23/0003.jpg 472 283 535 286 600 288 657 290 503 408 603 410 504 285 628 286
day08/0184.jpg 533 280 596 280 661 285 714 294 564 404 664 407 570 278 684 286
day23/0044.jpg 572 410 627 411 697 414 753 413 604 550 710 552 605 411 732 407
day21/0197.jpg 576 378 627 376 695 379 760 377 605 503 705 503 603 373 725 373
day08/0556.jpg 603 278 663 279 728 286 783 290 628 413 733 421 628 278 752 288
day18/0802.jpg 552 304 608 304 672 308 729 316 579 434 679 439 582 304 705 315
day04/0106.jpg 546 194 611 203 678 214 739 219 572 342 677 350 580 198 705 213
day07/0267.jpg 525 255 576 264 635 276 697 284 535 382 623 402 542 259 663 276
day23/0110.jpg 523 345 577 348 645 361 700 371 534 473 635 490 553 341 672 363
day19/0205.jpg 567 277 619 277 680 277 735 279 598 400 689 404 585 276 707 279
day08/0625.jpg 529 367 585 369 659 371 716 370 554 513 672 519 557 367 688 371
day15/0123.jpg 529 357 594 358 665 364 723 371 566 505 670 509 558 354 695 364
day38/0060.jpg 550 350 605 351 671 348 725 347 580 471 677 470 578 350 700 345
day27/0196.jpg 525 286 577 291 638 285 694 290 550 414 644 415 545 288 665 285
day16/0278.jpg 577 403 625 403 676 401 730 403 601 511 685 519 596 402 705 403
day07/0678.jpg 575 355 627 357 688 361 740 365 597 484 689 484 596 355 711 361
day29/0302.jpg 550 321 608 328 683 334 752 341 573 471 683 480 582 323 720 338
day07/0203.jpg 542 292 596 291 658 288 726 284 572 417 675 417 572 291 695 283
day02/0645.jpg 575 248 621 247 685 244 742 244 604 367 698 371 595 247 708 242
day08/0158.jpg 551 244 605 245 683 248 741 252 585 380 684 386 577 241 711 250
day26/0082.jpg 605 310 650 311 710 307 760 307 634 425 716 429 628 307 735 307
day25/0205.jpg 525 233 583 239 664 239 733 242 558 396 672 392 552 238 694 241
day35/0024.jpg 608 379 660 380 719 379 772 377 636 495 729 501 634 378 740 376
day07/0937.jpg 600 363 672 379 760 400 842 422 586 552 727 592 636 376 795 409
day27/0330.jpg 560 297 615 300 689 301 750 297 592 440 703 445 591 295 717 296
day21/0194.jpg 591 382 648 378 709 372 767 367 636 513 730 503 620 375 742 367
day18/0038.jpg 539 341 591 341 658 344 710 342 576 466 665 469 563 341 682 341
day13/0373.jpg 558 232 614 229 692 227 746 227 594 366 696 365 588 227 715 225
day19/0248.jpg 534 372 580 377 640 386 695 394 546 494 640 509 558 375 666 388
day18/0812.jpg 527 296 585 302 650 303 708 307 554 434 653 436 555 300 679 305
day13/0143.jpg 525 288 580 291 658 290 713 290 553 421 664 429 548 283 677 290
day13/0323.jpg 530 280 579 280 645 279 704 283 552 409 659 408 555 278 675 277
day01/0415.jpg 551 329 601 332 659 336 713 334 580 454 669 455 575 329 685 332
day11/0064.jpg 477 354 551 360 629 370 696 376 503 511 626 527 508 355 658 367
day15/0218.jpg 544 389 601 391 672 396 725 403 573 529 677 532 571 389 698 394
day25/0381.jpg 530 322 583 332 647 332 695 338 558 451 647 452 559 325 673 332
day26/0556.jpg 551 313 600 316 666 320 721 324 578 437 670 443 577 312 696 320
day26/0151.jpg 578 280 630 278 695 280 751 282 606 411 699 410 601 280 722 280
day26/0203.jpg 588 353 640 358 697 361 746 366 614 484 703 484 614 352 723 361
day26/0337.jpg 574 336 632 337 701 338 760 335 604 476 714 479 600 332 730 336
day13/0766.jpg 556 307 607 313 669 316 729 323 580 439 674 447 579 304 698 317
day07/0892.jpg 587 284 648 296 742 304 809 309 596 460 724 476 619 290 774 307
day03/0468.jpg 561 257 612 258 688 257 740 257 592 396 690 397 584 256 711 258
day34/0233.jpg 516 320 567 320 628 319 685 319 542 440 641 441 539 320 652 320
day21/0233.jpg 550 290 602 288 670 288 728 288 580 410 680 412 576 290 694 289
day25/0242.jpg 532 304 600 312 677 316 745 320 554 466 682 472 568 308 712 317
day31/0256.jpg 556 301 623 304 699 309 756 313 592 446 704 453 593 300 724 306
day04/0054.jpg 544 288 598 284 668 292 720 293 571 414 672 420 571 286 692 293
day15/0193.jpg 557 376 616 378 688 384 741 385 587 515 695 523 585 373 714 382
day24/0001.jpg 532 258 590 262 662 265 722 269 552 400 660 408 562 261 690 268
day18/0342.jpg 556 244 611 243 677 244 730 242 596 370 684 369 583 244 704 241
day27/0115.jpg 516 235 572 238 656 241 718 246 544 384 656 389 542 235 682 241
day25/0184.jpg 521 285 579 284 646 284 704 285 556 416 652 419 549 284 675 284
day14/0163.jpg 556 291 607 289 672 289 728 291 580 409 677 415 581 288 698 289
day36/0061.jpg 545 284 600 287 661 286 711 288 578 403 664 407 576 284 685 286
day12/0038.jpg 581 332 632 331 696 328 750 329 618 452 704 452 605 332 719 328
day27/0432.jpg 592 356 648 356 720 356 772 352 621 489 729 491 624 356 744 351
day13/0566.jpg 562 360 611 362 675 362 723 363 596 480 680 484 588 360 699 363
day14/0130.jpg 590 308 643 310 718 314 772 320 620 442 712 453 618 309 740 318
day08/0151.jpg 552 242 611 247 680 251 736 253 578 376 680 384 582 245 708 253
day29/0233.jpg 552 304 612 301 687 307 751 307 586 454 691 464 585 301 724 305
day08/0368.jpg 563 252 628 259 711 263 769 265 594 413 715 414 597 252 733 261
day18/0082.jpg 517 321 571 323 635 325 692 327 542 444 642 448 545 320 661 324
day14/0243.jpg 552 290 597 297 660 300 709 305 568 404 658 414 575 292 684 300
day27/0042.jpg 553 265 616 268 696 271 758 271 583 420 703 424 580 268 726 273
day27/0374.jpg 560 321 620 327 689 331 752 328 593 467 697 472 593 328 721 328
day02/0189.jpg 526 348 581 354 647 359 704 360 553 478 654 486 553 348 673 358
day03/0397.jpg 540 239 590 240 662 237 722 239 568 379 664 376 564 239 692 240
day07/0376.jpg 513 241 568 250 637 252 691 255 539 376 649 380 540 244 661 253
day31/0148.jpg 519 264 572 270 640 275 693 275 543 398 644 405 543 267 665 272
day27/0474.jpg 553 347 605 348 668 347 726 345 579 474 680 477 576 347 692 344
day27/0089.jpg 528 226 588 232 659 236 719 240 553 372 664 377 556 228 684 234
day11/0222.jpg 544 344 597 346 675 350 729 354 567 481 678 490 567 346 700 352
day21/0168.jpg 541 352 596 357 666 358 716 359 572 491 672 492 569 354 688 356
day32/0041.jpg 531 263 578 265 637 267 689 271 554 385 642 388 553 262 662 266
day26/0610.jpg 517 358 572 361 641 364 700 366 544 501 646 504 545 359 673 364
day03/0636.jpg 533 376 578 374 637 380 679 382 560 481 640 487 556 374 657 380
day26/0162.jpg 566 276 619 276 683 280 740 280 592 406 689 407 589 276 711 276
day13/0772.jpg 546 310 605 316 668 317 724 325 570 441 671 447 582 312 696 321
