day33/0018.jpg 502 424 564 426 644 426 708 428 553 587 663 593 533 428 679 428
day01/0019.jpg 589 463 643 467 704 476 760 480 615 600 700 606 614 464 734 476
day29/0322.jpg 617 443 660 444 707 443 755 450 656 553 728 552 640 446 732 448
day26/0204.jpg 509 358 549 357 600 358 647 360 531 456 600 461 530 353 624 356
day14/0133.jpg 688 340 740 338 783 336 829 339 734 442 811 436 710 337 804 336
day20/0198.jpg 552 436 588 435 631 436 673 432 585 528 648 524 566 435 649 430
day26/0023.jpg 542 372 592 370 662 370 717 371 587 516 680 508 563 369 690 368
day31/0023.jpg 618 457 659 454 705 450 747 456 652 553 728 549 636 455 726 452
day10/0134.jpg 669 372 724 376 774 377 822 378 711 489 791 487 696 376 798 374
day08/0120.jpg 540 387 585 392 630 397 672 398 572 492 637 494 559 389 651 392
day40/0034.jpg 578 392 644 392 711 392 778 391 624 537 729 534 611 390 749 394
day13/0048.jpg 687 336 741 336 789 331 838 333 732 446 810 438 716 336 812 329
day22/0026.jpg 622 358 680 353 728 350 783 353 667 470 759 465 642 359 756 348
day36/0020.jpg 553 356 620 356 698 359 775 363 596 530 716 530 591 355 746 363
day36/0015.jpg 592 354 668 353 745 358 815 360 650 527 758 522 630 348 775 353
day32/0130.jpg 593 494 641 493 692 492 740 495 624 604 704 600 613 491 720 490
day33/0063.jpg 616 256 671 255 727 256 782 264 660 374 740 375 644 255 757 265
day25/0365.jpg 625 433 672 433 724 439 770 443 656 544 732 552 649 432 751 438
day06/0286.jpg 661 433 708 431 757 433 809 432 688 532 777 535 682 432 787 427
day29/0241.jpg 577 400 630 405 676 404 716 406 612 504 690 514 604 402 698 405
day15/0252.jpg 667 348 723 351 784 350 843 357 712 484 804 488 698 351 817 354
day17/0042.jpg 568 397 642 405 723 405 792 404 608 584 736 580 598 397 756 400
day05/0062.jpg 536 420 572 411 609 405 638 403 586 491 640 480 552 412 620 402
day13/0051.jpg 687 336 740 336 791 336 840 332 740 451 811 443 714 336 811 332
day40/0052.jpg 620 344 660 344 698 345 731 352 651 432 708 435 640 342 714 346
day29/0028.jpg 609 391 665 395 728 397 788 400 650 532 744 533 641 393 765 396
day26/0137.jpg 603 385 651 392 700 396 748 399 627 490 717 490 627 387 723 396
day01/0189.jpg 668 402 731 404 790 412 851 414 705 541 816 554 699 401 827 412
day11/0205.jpg 584 391 633 384 680 380 728 383 631 485 704 480 608 384 705 379
day19/0240.jpg 644 348 700 355 759 360 820 367 662 475 751 489 674 350 794 361
day03/0306.jpg 604 442 669 448 739 452 803 460 643 596 747 605 640 444 773 454
day03/0165.jpg 552 414 599 412 644 409 686 408 600 521 666 512 577 410 666 405
day28/0006.jpg 585 355 632 356 674 352 720 353 625 452 688 450 608 355 695 352
day02/0298.jpg 617 393 667 394 715 385 764 380 663 504 738 493 638 388 735 380
day39/0061.jpg 599 330 645 329 698 328 753 329 631 445 713 444 621 328 728 328
day17/0246.jpg 539 344 600 347 662 351 720 352 570 480 661 482 565 345 689 347
day41/0189.jpg 557 328 624 334 700 339 764 340 602 500 704 497 584 327 728 336
day36/0064.jpg 590 418 630 421 678 416 716 421 624 511 693 510 610 417 695 417
day40/0357.jpg 519 362 559 352 603 343 647 341 572 452 644 438 535 359 625 345
day09/0134.jpg 537 357 589 366 632 368 676 378 574 465 644 466 564 359 657 372
day22/0283.jpg 637 379 690 388 749 400 807 409 661 515 753 526 662 382 779 401
day02/0151.jpg 533 380 574 380 619 380 656 382 567 474 634 469 554 379 636 380
day25/0006.jpg 604 371 664 383 724 394 781 403 620 515 717 529 632 376 754 398
day17/0224.jpg 676 372 732 380 791 382 843 391 708 502 797 509 707 372 822 384
day10/0126.jpg 657 366 712 367 763 368 812 372 702 480 785 479 684 361 789 366
day01/0196.jpg 660 403 720 408 784 415 848 418 691 550 792 556 686 406 815 415
day32/0420.jpg 504 375 592 382 680 380 761 385 551 579 704 581 538 376 721 382
day34/0212.jpg 642 490 696 493 752 493 804 492 686 616 767 612 663 490 772 488
day32/0464.jpg 536 318 609 326 675 328 741 334 586 484 691 486 575 320 713 330
day25/0193.jpg 636 362 696 375 756 388 816 395 673 516 762 524 670 369 791 388
day17/0145.jpg 603 384 655 383 720 384 772 387 635 509 734 511 628 382 748 384
day18/0012.jpg 637 380 699 387 769 393 826 399 679 532 778 534 665 382 797 392
day36/0033.jpg 552 408 608 410 664 413 723 421 580 540 671 541 580 408 696 417
day22/0275.jpg 647 430 696 437 753 440 804 440 680 557 761 558 669 432 777 439
day08/0210.jpg 576 425 622 428 664 424 708 421 616 523 678 520 600 422 688 421
day01/0100.jpg 569 392 621 391 670 390 720 392 615 512 694 508 588 391 691 391
day43/0052.jpg 597 407 662 408 725 410 792 412 639 560 744 558 629 404 764 408
day32/0108.jpg 553 447 616 456 680 459 743 461 589 596 684 595 582 446 715 456
day01/0268.jpg 588 427 626 422 664 419 701 421 624 508 683 501 606 427 684 420
day26/0156.jpg 543 447 599 449 660 452 716 449 584 584 675 584 566 442 684 448
day25/0187.jpg 628 372 688 379 752 388 808 398 660 524 753 532 660 369 787 390
day25/0126.jpg 548 396 612 407 669 417 728 424 581 546 668 555 576 397 700 419
day22/0294.jpg 588 444 645 444 705 434 764 428 638 578 732 570 620 441 743 436
day39/0172.jpg 649 340 717 348 792 357 863 362 682 514 800 523 688 341 836 357
day05/0156.jpg 534 381 568 375 600 367 632 364 584 448 640 428 548 376 614 361
day11/0025.jpg 578 346 628 348 679 345 726 349 622 460 700 460 600 349 701 346
day27/0252.jpg 551 327 614 329 681 328 740 325 600 472 708 468 579 323 712 321
day25/0337.jpg 631 417 696 416 762 416 826 418 677 561 784 560 660 415 796 413
day11/0345.jpg 623 371 669 376 709 380 750 386 645 463 714 472 645 369 730 381
day32/0100.jpg 591 426 653 428 714 436 781 440 623 570 729 572 616 426 747 434
day29/0464.jpg 613 352 664 357 722 356 772 357 648 469 738 467 639 354 744 355
day20/0380.jpg 536 372 595 375 651 372 712 372 573 496 677 500 566 370 684 371
day03/0260.jpg 540 487 592 488 642 484 686 483 592 606 668 600 566 487 664 484
day32/0445.jpg 586 344 624 341 667 340 712 344 611 431 682 427 606 341 693 343
day33/0077.jpg 628 259 679 259 737 261 783 267 669 379 748 379 651 258 760 265
day25/0117.jpg 562 366 615 372 664 376 712 385 594 479 673 487 583 369 686 376
day36/0075.jpg 595 419 640 422 683 419 717 419 627 512 700 506 615 418 699 415
day10/0089.jpg 596 450 633 448 670 450 702 450 626 530 679 525 612 448 687 449
day38/0039.jpg 613 442 654 444 700 447 741 449 641 538 713 539 629 442 717 447
day04/0015.jpg 569 383 628 384 687 378 746 376 612 519 703 514 602 382 721 376
day15/0086.jpg 583 377 635 375 700 377 756 381 617 511 714 508 608 374 729 377
day19/0460.jpg 589 356 652 370 722 381 791 390 607 527 723 540 621 361 764 383
day11/0056.jpg 517 401 586 409 654 404 720 402 574 550 673 541 550 404 682 404
day26/0242.jpg 654 320 711 325 767 325 827 326 691 462 783 458 679 320 799 321
day18/0009.jpg 637 381 700 383 768 393 825 400 677 525 779 533 663 386 796 394
day17/0092.jpg 596 408 654 411 724 415 778 420 624 550 728 554 629 408 754 417
day06/0308.jpg 611 352 656 354 702 354 741 358 643 451 712 451 635 353 724 356
day19/0186.jpg 591 406 645 401 709 397 766 395 641 530 735 520 612 404 737 393
day32/0277.jpg 633 278 685 275 741 277 795 280 669 394 762 395 662 275 770 279
day03/0292.jpg 555 362 600 368 645 371 687 377 587 475 656 475 574 366 663 370
day32/0012.jpg 597 403 641 412 683 423 716 435 617 492 681 505 620 406 702 428
day26/0189.jpg 568 361 605 359 645 360 692 360 587 458 658 457 587 361 673 361
day20/0258.jpg 504 299 549 304 604 309 651 312 524 412 603 421 523 299 625 308
day14/0015.jpg 584 394 633 399 678 398 719 401 625 500 688 500 604 394 699 400
day03/0430.jpg 559 419 615 425 670 426 723 430 592 537 681 542 585 420 696 428
day17/0160.jpg 629 371 688 371 745 375 803 381 664 496 758 500 663 372 779 379
day08/0168.jpg 631 483 678 484 724 482 766 482 672 591 742 591 650 479 745 477
day13/0086.jpg 652 352 694 350 741 347 783 344 696 449 767 445 673 347 766 344
day38/0102.jpg 549 412 614 418 687 424 766 432 581 587 689 600 583 411 732 431
day10/0176.jpg 668 417 715 420 766 423 809 427 700 524 774 525 691 416 789 424
day01/0291.jpg 582 378 650 384 725 391 800 392 625 553 741 556 621 375 768 385
day09/0076.jpg 592 378 636 378 684 383 730 385 627 481 694 483 614 374 709 379
day38/0053.jpg 620 400 672 407 725 410 781 413 654 526 734 533 644 400 755 412
day19/0236.jpg 635 351 684 352 743 355 808 360 658 471 750 482 660 350 781 357
day38/0323.jpg 608 358 675 359 756 358 832 360 658 525 783 523 646 357 799 358
day16/0111.jpg 615 354 661 352 712 352 749 350 648 451 726 447 641 347 731 347
day11/0214.jpg 574 398 622 397 672 395 721 395 618 511 695 502 595 396 695 391
day42/0078.jpg 572 325 631 333 693 335 753 337 599 475 705 479 600 328 726 335
day38/0221.jpg 578 390 644 390 716 390 790 391 623 554 737 556 600 386 748 388
day01/0011.jpg 736 466 810 470 876 474 939 477 782 622 894 630 775 464 914 469
day10/0195.jpg 671 423 729 426 785 425 839 425 716 548 809 546 699 420 812 420
day03/0064.jpg 628 426 689 437 745 442 803 447 664 562 747 570 654 430 770 445
day06/0337.jpg 662 354 706 355 745 357 789 356 697 444 753 448 683 352 766 354
day15/0123.jpg 608 423 675 429 741 439 800 449 643 570 738 584 638 424 770 442
day31/0075.jpg 636 377 696 384 757 381 803 381 676 504 765 505 666 379 778 380
day06/0102.jpg 606 429 645 428 685 429 722 429 639 513 694 512 625 428 704 428
day26/0013.jpg 560 341 608 349 664 352 721 358 579 470 668 473 579 342 695 355
day20/0151.jpg 532 431 584 434 631 438 682 441 562 540 642 541 560 429 654 437
day41/0175.jpg 534 316 611 321 685 325 758 329 578 492 692 495 576 316 731 324
day22/0276.jpg 646 434 699 436 749 439 805 440 684 558 760 559 664 433 775 440
day05/0035.jpg 583 429 619 425 654 426 683 425 620 508 671 501 597 426 669 424
day38/0348.jpg 568 449 627 460 695 466 754 475 602 608 692 611 594 451 725 465
day15/0151.jpg 679 480 733 487 793 497 847 504 707 616 797 625 707 485 821 500
day39/0141.jpg 591 379 636 379 690 379 733 379 633 481 711 481 612 376 711 376
day11/0210.jpg 580 403 628 401 679 401 727 402 621 510 700 509 600 401 703 400
day05/0213.jpg 661 437 721 440 786 441 844 445 705 582 796 583 694 433 817 440
day33/0081.jpg 546 288 626 295 704 300 773 304 600 465 717 464 580 284 738 297
day41/0022.jpg 609 380 658 375 716 367 773 365 655 504 741 492 630 379 747 366
day10/0228.jpg 635 437 676 435 721 431 767 435 677 536 739 530 655 430 746 430
day34/0086.jpg 587 430 650 440 714 450 776 456 617 575 720 585 618 432 748 450
day27/0164.jpg 625 445 692 445 758 446 825 450 670 595 778 597 657 445 795 449
day01/0293.jpg 583 386 653 388 728 394 797 397 625 554 738 558 616 388 766 394
day35/0003.jpg 619 428 670 436 727 441 779 445 647 554 743 557 644 429 754 440
day40/0177.jpg 562 411 612 409 670 406 724 408 598 536 687 534 587 406 701 404
day38/0043.jpg 633 391 682 396 735 404 787 408 658 506 744 518 653 391 759 404
day40/0146.jpg 566 403 607 401 654 396 691 396 608 490 679 485 587 400 670 394
day03/0210.jpg 629 442 685 446 750 445 796 443 678 581 770 579 654 442 773 441
day08/0124.jpg 647 363 693 359 748 354 798 352 685 470 775 463 668 362 775 350
day40/0057.jpg 617 345 654 345 689 344 729 350 648 431 707 432 634 343 712 346
day44/0114.jpg 549 401 605 409 672 418 737 428 571 553 670 566 572 401 706 420
day39/0037.jpg 701 300 743 300 799 304 845 312 714 408 787 412 725 297 829 306
day15/0065.jpg 591 353 655 354 721 350 783 358 629 503 736 504 616 350 750 354
day29/0263.jpg 543 463 597 466 645 466 688 466 589 577 658 575 570 464 667 465
day34/0145.jpg 615 363 664 362 722 366 774 373 652 489 737 487 635 362 745 366
day09/0045.jpg 621 380 675 383 727 385 775 387 661 499 734 499 650 381 754 383
day04/0076.jpg 690 462 750 469 819 472 887 475 745 629 836 629 722 460 862 470
day03/0435.jpg 554 399 618 405 687 401 756 400 599 558 704 557 582 397 723 398
day09/0121.jpg 512 345 556 345 601 343 649 342 554 447 621 441 533 342 625 338
day39/0397.jpg 635 263 694 270 758 283 817 297 661 415 762 435 663 265 793 291
day18/0057.jpg 583 373 631 375 675 375 719 379 620 473 695 472 604 375 697 375
day32/0179.jpg 603 466 656 462 704 463 757 468 637 572 724 575 627 462 730 468
day15/0175.jpg 591 422 645 419 700 421 756 420 627 544 714 545 615 416 736 414
day11/0347.jpg 630 366 670 375 712 379 748 383 654 466 719 470 648 371 729 381
day07/0136.jpg 634 420 700 423 770 420 833 416 689 573 789 573 666 415 806 412
day41/0187.jpg 590 328 658 335 731 337 796 341 625 497 737 497 632 326 778 339
day39/0167.jpg 633 341 699 345 776 354 849 357 676 508 789 513 662 340 810 353
day40/0014.jpg 555 402 612 404 686 403 748 403 595 558 702 559 579 403 717 403
day14/0183.jpg 637 403 682 405 732 404 779 405 679 514 753 509 661 404 758 401
day06/0200.jpg 503 485 569 476 635 470 698 465 563 624 666 611 534 480 666 464
day17/0233.jpg 583 406 633 399 693 398 745 398 625 520 711 514 604 402 718 393
day34/0310.jpg 560 358 605 358 663 356 707 356 608 471 691 461 580 361 685 357
day39/0426.jpg 652 454 696 452 754 447 804 447 688 565 782 561 673 450 776 446
day27/0228.jpg 574 366 626 370 706 375 769 375 601 516 728 520 595 368 739 373
day04/0062.jpg 691 444 754 449 816 447 880 448 734 593 834 592 726 442 856 448
day32/0247.jpg 563 423 611 426 667 425 716 428 594 539 679 533 583 425 690 425
day19/0134.jpg 588 378 633 375 677 379 724 386 610 475 687 486 609 373 707 383
day25/0412.jpg 522 403 571 403 614 401 658 400 566 509 637 504 543 400 640 397
day25/0269.jpg 550 358 615 357 674 358 736 362 595 495 691 504 573 357 703 363
day20/0235.jpg 575 316 618 317 662 323 707 330 589 415 660 423 596 316 686 329
day13/0085.jpg 648 354 693 354 739 346 781 345 700 450 762 447 668 350 762 344
day38/0138.jpg 603 367 670 373 745 381 815 387 641 541 753 542 637 366 783 380
day01/0294.jpg 585 384 651 387 729 394 799 397 625 556 742 555 612 386 762 392
day20/0101.jpg 537 391 575 391 622 391 667 393 559 483 628 484 556 391 645 390
day03/0182.jpg 537 448 580 443 621 436 665 429 589 546 651 529 559 442 642 431
day16/0250.jpg 669 326 721 326 779 327 830 329 706 441 795 442 696 325 805 326
day25/0275.jpg 555 358 615 360 682 366 739 372 593 500 690 505 582 361 712 369
day16/0218.jpg 591 409 637 412 684 409 728 412 626 512 700 510 616 412 710 408
day01/0271.jpg 589 429 628 425 668 420 705 421 627 509 687 500 612 425 688 419
day15/0132.jpg 613 383 676 390 745 396 812 404 639 538 743 551 637 385 777 398
day32/0359.jpg 654 408 695 407 740 412 782 417 683 495 745 498 677 407 762 414
day16/0278.jpg 610 408 667 404 724 396 775 391 661 532 757 520 635 403 749 391
day08/0300.jpg 645 385 708 398 776 397 834 403 680 534 781 537 674 390 801 400
day18/0116.jpg 532 434 575 436 618 433 651 437 565 525 631 525 554 432 638 436
day16/0019.jpg 637 379 688 383 755 387 812 391 675 515 771 520 660 382 779 383
day08/0107.jpg 550 386 592 387 636 387 679 390 582 482 649 481 570 384 658 385
day34/0039.jpg 620 429 664 426 711 426 748 425 654 524 721 524 643 425 729 424
day25/0510.jpg 559 337 616 335 675 336 728 337 609 470 696 463 585 337 701 337
day06/0144.jpg 578 442 617 452 656 463 693 474 587 536 647 551 598 446 676 466
day02/0221.jpg 619 487 660 491 710 493 756 496 643 585 720 587 641 487 732 492
day26/0331.jpg 594 299 642 300 698 296 736 295 633 405 720 402 619 297 717 296
day41/0172.jpg 535 316 607 319 686 324 756 325 587 491 696 488 576 313 728 322
day07/0224.jpg 626 424 696 432 766 448 834 452 652 604 778 609 660 428 808 446
day08/0170.jpg 630 482 679 483 725 481 770 482 672 589 746 588 655 480 748 481
day14/0098.jpg 575 407 620 405 662 400 704 400 613 498 686 496 596 402 684 395
day42/0215.jpg 595 353 644 361 706 365 758 375 620 483 708 494 623 355 734 368
day29/0457.jpg 628 352 680 353 730 351 782 347 676 467 756 466 655 352 757 348
day43/0059.jpg 608 401 672 405 736 411 798 414 641 552 744 552 643 400 772 409
day38/0204.jpg 589 376 653 376 725 383 796 388 619 539 735 544 620 372 759 384
day10/0229.jpg 634 438 676 437 721 435 765 434 678 538 740 535 653 434 746 432
day10/0069.jpg 708 374 759 373 804 376 855 376 756 477 825 477 730 370 831 372
day03/0379.jpg 552 382 624 389 695 394 765 397 594 551 713 558 581 382 730 392
day41/0081.jpg 558 301 622 304 688 312 759 316 591 458 697 464 586 300 729 314
day44/0031.jpg 656 481 718 485 780 487 834 492 700 621 794 626 689 481 809 487
day16/0138.jpg 524 398 588 407 651 407 716 408 568 560 674 560 551 400 685 406
day11/0143.jpg 551 452 616 456 681 464 740 468 584 602 682 608 575 450 713 464
day22/0188.jpg 597 404 652 400 710 398 766 400 641 524 728 522 623 400 741 395
day11/0385.jpg 661 328 713 322 759 321 800 320 707 420 779 415 680 324 777 317
day39/0160.jpg 615 377 664 383 716 389 764 396 643 495 723 503 640 374 744 388
day36/0027.jpg 543 407 597 408 658 410 710 416 575 540 660 543 569 401 688 411
day02/0127.jpg 505 403 546 412 590 410 630 413 536 499 598 503 526 406 608 412
day05/0009.jpg 682 448 728 449 779 453 824 454 716 552 788 555 705 444 802 449
day22/0279.jpg 644 436 692 438 752 441 808 442 679 559 755 558 665 436 779 439
day29/0285.jpg 544 393 592 396 644 396 691 391 584 506 662 504 564 392 669 389
day07/0102.jpg 596 433 672 452 748 458 812 464 635 623 744 626 638 440 787 457
day35/0117.jpg 597 402 636 404 681 398 720 398 624 492 701 490 616 401 698 397
day41/0021.jpg 611 381 660 375 723 367 771 368 652 502 748 493 629 377 741 365
day09/0115.jpg 588 516 637 518 686 519 732 516 625 624 701 623 616 515 712 515
day11/0354.jpg 617 378 663 376 701 376 737 379 654 467 721 462 637 379 720 373
day22/0180.jpg 527 350 592 360 656 370 721 372 564 504 655 518 560 355 694 366
day29/0156.jpg 604 374 645 371 687 369 732 370 629 466 701 456 620 369 709 368
day29/0351.jpg 622 500 670 506 714 501 761 506 661 606 731 600 643 502 736 500
day02/0338.jpg 568 398 613 403 660 408 697 412 604 505 666 507 584 396 674 407
day38/0116.jpg 602 372 654 373 714 379 767 386 620 500 713 508 622 372 744 380
day19/0288.jpg 565 392 616 394 669 397 713 401 598 504 674 512 590 392 688 397
day29/0456.jpg 632 348 677 352 735 352 785 349 674 465 751 466 656 348 762 345
day27/0249.jpg 528 328 587 333 657 328 717 331 560 471 681 465 555 328 685 327
day14/0185.jpg 629 415 678 412 724 411 771 413 674 520 740 520 650 412 748 412
day32/0446.jpg 584 343 627 342 667 343 710 341 613 427 682 425 604 342 689 339
day07/0156.jpg 580 433 626 429 672 424 717 424 625 533 692 528 599 427 694 422
day02/0309.jpg 624 406 679 408 726 404 770 402 672 523 742 516 649 404 748 398
day25/0426.jpg 576 305 624 305 665 305 706 308 604 398 684 399 596 302 687 302
day03/0278.jpg 552 363 598 367 645 374 684 377 585 475 656 476 572 363 664 372
day14/0144.jpg 572 392 621 388 665 385 711 382 613 492 691 485 591 387 683 380
day08/0287.jpg 669 384 731 388 790 392 848 397 705 528 806 523 699 386 826 396
day08/0326.jpg 716 416 773 409 841 409 892 412 768 548 861 544 746 411 868 411
day26/0168.jpg 535 433 592 441 657 450 713 461 551 572 647 590 564 436 682 453
day29/0210.jpg 576 431 632 429 696 428 759 425 616 568 718 560 601 426 727 424
day12/0073.jpg 588 365 640 367 690 367 742 372 628 483 712 488 615 364 720 368
day36/0083.jpg 596 398 656 390 728 381 792 373 660 536 767 521 625 397 754 379
day06/0321.jpg 598 358 645 360 684 357 728 360 631 452 700 446 623 357 708 358
day22/0009.jpg 634 393 684 395 730 397 777 404 668 500 744 505 660 392 751 399
day42/0098.jpg 623 375 668 380 720 377 761 383 655 490 736 482 647 376 741 381
day16/0253.jpg 648 340 692 342 744 338 788 341 685 446 769 441 668 339 765 337
day41/0087.jpg 540 319 614 324 681 331 753 337 582 489 688 492 574 320 720 332
day40/0359.jpg 518 363 556 356 604 345 644 344 574 454 645 438 537 358 624 344
day26/0335.jpg 620 296 667 297 717 296 753 300 656 402 738 400 641 294 737 298
day03/0151.jpg 550 467 596 465 644 461 688 456 604 577 671 564 571 464 664 455
day14/0153.jpg 583 391 630 387 676 384 716 384 626 492 700 486 602 388 692 382
day03/0208.jpg 625 442 686 442 744 446 800 439 678 580 765 577 648 440 768 440
day08/0012.jpg 488 418 542 424 588 423 631 425 526 531 596 526 512 420 609 422
day22/0174.jpg 475 333 532 332 593 342 659 344 497 479 601 483 498 332 628 339
day02/0223.jpg 611 472 651 469 688 473 733 475 637 564 695 564 631 468 711 474
day40/0361.jpg 659 448 707 446 756 447 804 449 697 553 768 554 680 444 779 446
day21/0005.jpg 582 328 633 327 683 324 732 320 625 439 702 437 601 324 704 321
day03/0113.jpg 509 436 559 430 604 425 653 420 560 548 636 537 527 431 628 421
day20/0203.jpg 552 394 591 389 635 388 683 388 581 483 657 476 572 391 661 388
day02/0103.jpg 597 382 652 383 707 380 754 378 652 504 723 497 622 380 730 374
day27/0028.jpg 630 402 688 406 748 411 807 419 662 538 753 540 652 400 775 412
day26/0019.jpg 548 340 602 345 658 352 713 361 572 471 660 478 575 342 688 353
day25/0278.jpg 573 346 636 351 701 359 756 365 611 492 706 499 604 339 733 359
day22/0084.jpg 488 404 538 400 592 391 640 389 525 516 618 504 510 400 616 386
day08/0239.jpg 663 500 709 500 750 500 792 503 704 597 773 596 680 498 769 499
day25/0244.jpg 617 428 664 426 719 424 767 432 661 544 733 543 640 427 744 428
day01/0030.jpg 593 455 647 463 708 468 760 476 624 592 712 594 620 452 734 464
day20/0074.jpg 556 355 618 354 676 343 732 336 616 480 710 465 591 353 705 337
day20/0238.jpg 564 315 609 320 653 323 701 329 577 414 664 420 584 312 680 322
day32/0086.jpg 624 479 666 484 713 488 758 492 650 578 724 579 646 484 736 490
day35/0138.jpg 630 387 690 395 747 401 800 412 654 526 751 532 659 389 777 405
day11/0400.jpg 668 326 723 329 768 328 814 333 711 436 784 429 695 325 789 330
day29/0398.jpg 639 445 688 440 732 436 776 432 685 546 763 535 660 444 755 428
day43/0011.jpg 564 411 626 420 695 428 760 432 596 572 695 578 597 412 730 424
day32/0127.jpg 582 486 625 491 678 485 729 486 620 598 699 591 602 487 703 482
day08/0085.jpg 632 451 676 448 727 446 767 446 675 556 747 549 652 448 748 444
day32/0087.jpg 630 482 668 484 715 488 757 491 654 575 727 579 648 482 737 490
day13/0082.jpg 629 356 678 351 717 339 759 337 686 448 751 437 648 350 741 337
day38/0113.jpg 610 375 675 375 733 383 783 391 647 508 746 512 644 371 758 386
day01/0006.jpg 715 454 783 455 853 454 920 457 768 609 884 612 743 454 877 451
day02/0335.jpg 576 398 620 402 663 404 703 409 604 493 675 502 597 400 687 406
day41/0192.jpg 582 333 650 339 727 345 799 349 628 505 737 503 613 334 761 345
day03/0277.jpg 559 360 599 366 651 369 687 372 587 470 658 475 581 362 671 371
day29/0059.jpg 662 386 720 387 770 390 822 389 704 507 795 508 694 387 795 386
day25/0387.jpg 601 334 648 333 693 335 735 337 632 431 698 427 623 330 710 333
day14/0135.jpg 686 343 737 341 781 339 829 339 737 438 806 432 707 338 806 336
day01/0214.jpg 599 332 683 347 760 361 838 360 641 535 769 547 627 333 792 352
day28/0017.jpg 578 357 626 356 664 348 715 349 615 450 687 443 603 354 688 343
day39/0042.jpg 617 366 669 362 720 360 775 366 655 475 733 470 643 362 750 359
day19/0295.jpg 579 396 632 404 683 406 733 413 606 515 685 521 604 397 708 407
day26/0036.jpg 552 378 609 379 670 376 732 379 593 517 691 512 580 377 702 377
day07/0016.jpg 664 467 716 470 766 469 816 478 697 580 782 582 691 467 798 469
day03/0111.jpg 505 433 553 433 605 428 653 422 558 547 641 538 525 429 629 420
day29/0092.jpg 638 416 691 420 751 418 811 421 676 546 766 546 656 412 779 415
day32/0214.jpg 595 352 640 351 687 349 733 352 626 444 704 449 613 347 707 350
day22/0144.jpg 504 332 575 345 633 351 696 360 532 487 629 502 537 336 669 355
day22/0019.jpg 626 385 677 387 724 389 769 394 654 487 734 490 650 385 744 391
day39/0233.jpg 573 429 630 426 693 424 757 425 613 572 715 566 595 425 720 420
day32/0308.jpg 707 285 769 290 837 300 885 308 744 428 846 431 741 290 859 301
day36/0123.jpg 601 389 662 389 729 386 793 385 635 537 745 533 631 382 762 380
day34/0097.jpg 570 438 633 453 695 462 758 470 587 591 691 608 596 441 722 462
day29/0060.jpg 669 386 720 391 774 389 829 390 705 511 803 508 695 388 805 390
day43/0043.jpg 604 473 664 472 725 472 783 475 639 614 737 615 625 470 754 466
day41/0023.jpg 612 384 662 379 721 375 780 374 656 504 747 501 635 383 750 373
day18/0102.jpg 545 444 584 444 631 445 670 448 572 532 647 536 565 444 648 444
day32/0243.jpg 599 408 646 415 701 416 750 423 625 523 720 528 623 410 729 418
day36/0065.jpg 591 423 635 422 674 422 716 420 623 512 694 508 611 418 697 418
day43/0098.jpg 617 447 681 439 740 419 802 411 683 588 792 560 649 436 777 415
day44/0065.jpg 521 264 583 272 653 278 715 287 548 421 656 428 555 262 688 281
day38/0318.jpg 575 327 639 323 701 325 762 325 622 462 715 454 603 326 732 324
day16/0044.jpg 522 445 579 444 634 439 688 445 563 566 660 564 545 444 661 444
day05/0105.jpg 603 422 634 425 673 426 704 429 630 508 685 508 616 420 687 425
day22/0198.jpg 596 418 655 417 709 414 765 414 641 548 728 545 628 416 742 416
day37/0019.jpg 593 380 648 382 708 381 763 387 635 514 729 512 622 379 737 383
day02/0293.jpg 608 381 675 385 741 388 813 395 650 541 758 547 636 383 775 391
day25/0556.jpg 632 419 674 420 721 424 764 425 667 515 734 519 654 416 741 421
day04/0072.jpg 687 470 754 468 817 473 880 475 732 624 833 622 715 468 853 475
day18/0091.jpg 597 435 640 430 683 425 726 429 641 526 711 516 616 434 706 426
day25/0363.jpg 618 430 666 433 719 434 768 441 654 545 734 549 640 432 741 430
day17/0192.jpg 600 445 651 447 716 448 771 447 635 575 724 576 620 444 739 446
day26/0178.jpg 502 423 559 426 621 433 675 442 529 558 614 566 533 421 650 433
day11/0215.jpg 569 398 622 399 672 394 724 395 616 508 692 505 592 398 694 395
day39/0005.jpg 606 329 674 333 747 339 809 345 641 497 753 501 636 331 783 343
day29/0152.jpg 633 379 678 379 716 382 762 383 667 474 740 469 655 377 738 379
day40/0245.jpg 616 362 666 369 712 371 762 377 645 475 719 479 640 365 740 371
day14/0094.jpg 573 407 616 402 663 400 702 400 615 500 679 495 594 401 683 398
day34/0231.jpg 628 379 697 379 766 385 832 392 667 541 779 540 655 381 797 390
day08/0014.jpg 497 412 544 417 593 417 639 423 533 520 604 523 521 411 619 416
day04/0058.jpg 658 411 701 410 744 412 787 413 704 511 767 507 683 411 765 412
day40/0292.jpg 584 455 648 459 712 469 770 471 620 608 712 612 619 451 748 466
day30/0001.jpg 602 425 663 417 729 408 791 410 659 553 762 541 636 418 766 407
day04/0061.jpg 666 447 724 445 795 445 858 449 716 591 817 586 696 445 831 446
day04/0080.jpg 685 466 749 473 819 475 883 473 728 626 833 625 711 466 845 470
day17/0179.jpg 604 372 663 376 728 379 784 388 637 505 741 509 633 375 761 384
day13/0111.jpg 639 371 688 366 731 362 773 363 687 460 754 457 661 366 748 360
day07/0175.jpg 637 400 696 404 749 404 804 405 674 527 765 530 666 396 779 403
day15/0374.jpg 604 445 640 443 679 444 716 445 640 525 696 520 625 443 700 444
day13/0094.jpg 648 356 702 357 740 350 785 351 700 451 772 444 675 357 765 350
day02/0399.jpg 628 355 670 358 708 358 752 357 656 454 725 454 652 355 731 355
day40/0338.jpg 573 405 618 404 658 400 701 405 605 502 678 495 595 404 680 400
day05/0041.jpg 576 368 612 363 642 354 675 354 621 439 670 425 591 362 657 353
day21/0001.jpg 587 323 640 324 690 323 738 327 623 432 710 430 609 322 713 324
day22/0232.jpg 557 338 604 339 658 345 707 353 583 452 663 457 580 337 682 347
day43/0038.jpg 621 412 670 408 724 414 769 416 650 524 733 525 645 408 746 413
day19/0068.jpg 605 328 674 332 747 339 819 348 637 497 756 506 631 328 781 343
day33/0003.jpg 517 420 587 416 654 416 726 417 570 571 683 566 551 413 691 413
day40/0151.jpg 570 402 612 401 654 398 695 396 600 493 673 487 588 398 674 394
day01/0058.jpg 604 383 653 391 703 397 754 398 628 500 709 502 626 386 727 395
day17/0195.jpg 600 441 655 446 718 450 773 449 633 573 728 584 627 445 745 447
day01/0046.jpg 593 383 639 387 684 386 733 390 620 488 695 490 615 383 709 387
day17/0012.jpg 612 454 666 456 725 458 778 462 649 583 736 584 638 452 754 458
day29/0289.jpg 549 397 600 400 648 394 691 393 595 512 673 503 575 396 670 393
day17/0277.jpg 615 341 666 345 720 347 768 350 645 461 733 459 644 339 745 348
day12/0117.jpg 599 410 673 416 742 423 812 426 648 582 754 580 639 412 783 422
day25/0214.jpg 555 335 608 337 662 338 716 343 590 452 672 462 583 335 692 341
day14/0020.jpg 582 391 632 395 675 395 718 398 628 503 692 500 603 394 695 395
day25/0344.jpg 580 442 629 444 671 443 720 444 614 545 684 545 601 440 697 439
day01/0269.jpg 589 428 628 425 663 422 704 421 623 506 683 498 608 429 685 420
day18/0073.jpg 621 304 670 310 713 317 762 331 645 411 719 422 647 304 741 322
day02/0256.jpg 608 400 659 404 713 409 763 408 643 525 723 529 632 401 737 409
day40/0056.jpg 613 345 654 346 693 346 732 352 645 435 706 435 635 342 714 348
day39/0379.jpg 610 432 677 439 745 452 806 458 641 591 756 599 641 435 780 452
day14/0082.jpg 551 409 600 404 641 397 687 395 595 505 667 495 571 403 662 393
day20/0188.jpg 616 431 657 443 694 453 734 466 618 529 685 545 637 435 714 458
day14/0116.jpg 672 335 728 325 776 316 832 316 734 442 813 435 700 329 800 317
day19/0227.jpg 649 354 702 354 762 361 825 366 675 483 774 491 678 353 799 362
day26/0080.jpg 563 355 609 358 655 364 704 372 585 459 662 466 584 356 676 366
day40/0362.jpg 658 445 709 446 754 447 803 450 695 554 770 554 680 443 779 444
day26/0221.jpg 535 409 584 410 629 405 677 408 568 511 645 507 556 406 652 404
day07/0190.jpg 636 404 692 409 751 409 802 412 677 536 766 534 664 405 779 409
day32/0034.jpg 600 476 647 479 697 483 748 494 631 577 707 581 624 479 725 486
day02/0234.jpg 609 468 649 468 688 466 729 473 631 557 697 556 628 464 709 468
day36/0091.jpg 596 379 661 381 732 382 796 386 632 534 750 533 625 379 763 378
day27/0018.jpg 594 382 668 387 755 387 829 393 642 565 767 554 634 387 795 391
day07/0098.jpg 617 432 694 445 766 457 835 458 653 611 761 611 664 436 805 457
day01/0084.jpg 573 397 628 398 681 398 729 393 620 519 704 512 597 399 703 395
day13/0093.jpg 648 358 697 353 744 348 782 349 697 454 767 445 670 358 759 347
day08/0192.jpg 585 463 629 459 670 459 711 458 625 554 693 550 606 458 691 457
day32/0311.jpg 658 283 733 288 811 299 879 300 704 457 819 458 700 286 850 295
day01/0071.jpg 687 444 740 445 792 445 848 444 727 565 810 561 712 442 820 441
day34/0147.jpg 620 367 675 369 729 371 778 370 660 491 743 489 643 367 752 369
day19/0159.jpg 584 467 625 465 669 466 708 470 619 561 692 558 603 462 684 465
day02/0333.jpg 572 368 620 370 669 373 715 375 606 481 684 479 590 367 689 371
day36/0011.jpg 580 360 656 360 731 362 801 365 631 529 753 529 615 360 765 363
day01/0188.jpg 668 404 732 404 788 410 851 418 703 545 805 549 699 404 826 415
day03/0452.jpg 568 436 635 435 702 432 773 428 619 589 730 584 594 432 742 430
day44/0047.jpg 657 347 717 355 778 360 836 366 688 496 786 500 690 351 812 365
day43/0083.jpg 608 441 668 436 732 430 795 425 656 580 764 570 632 437 764 427
day22/0005.jpg 635 392 685 394 732 393 777 397 669 500 743 500 660 388 756 393
day14/0002.jpg 564 396 610 396 658 393 701 397 600 500 675 495 584 394 678 393
day01/0290.jpg 582 380 644 386 724 389 797 394 625 552 741 555 608 381 756 387
day02/0409.jpg 628 358 670 360 710 360 751 360 656 455 720 449 648 358 729 360
day16/0014.jpg 630 379 689 381 750 381 806 386 666 512 760 512 655 375 775 380
day01/0281.jpg 573 377 641 380 712 384 788 387 614 542 737 547 608 378 753 384
day15/0010.jpg 601 434 661 433 714 432 765 435 645 559 733 553 629 433 741 432
day20/0139.jpg 482 423 540 422 596 418 650 421 520 545 614 541 516 420 623 419
day08/0204.jpg 617 424 658 430 703 437 742 448 643 525 704 534 636 424 723 439
day20/0201.jpg 580 391 620 387 666 385 713 385 610 483 688 480 599 385 692 381
day27/0004.jpg 594 352 670 356 746 357 822 359 641 528 768 527 632 350 785 354
day01/0316.jpg 486 376 554 384 622 392 692 401 516 544 636 551 516 377 658 399
day33/0072.jpg 664 246 719 254 770 265 817 276 693 370 777 380 692 247 799 266
day38/0337.jpg 539 365 607 367 688 369 769 369 573 545 696 548 569 361 721 365
day40/0148.jpg 566 404 607 400 650 396 691 396 604 492 673 488 586 400 670 396
day34/0056.jpg 648 327 700 331 740 331 786 337 683 436 753 434 666 327 766 333
day26/0177.jpg 504 420 560 422 620 428 677 440 527 551 623 556 533 417 647 433
day05/0130.jpg 596 428 636 427 679 427 718 426 633 525 691 518 618 425 701 424
day39/0234.jpg 615 427 680 429 740 429 806 439 653 575 759 575 645 425 778 430
day03/0139.jpg 543 465 591 464 638 456 682 454 591 572 666 565 564 460 659 452
day19/0070.jpg 604 332 676 332 750 342 820 348 639 500 756 506 640 331 789 347
day25/0594.jpg 549 383 627 388 698 392 764 404 595 552 709 551 582 391 729 398
day25/0079.jpg 623 429 679 429 733 432 778 437 663 543 745 543 654 429 755 433
day15/0271.jpg 610 395 678 403 738 408 800 412 647 554 752 553 645 398 776 410
day36/0200.jpg 573 410 637 418 708 429 766 433 607 569 704 579 606 413 737 430
day39/0419.jpg 605 433 670 439 733 444 796 449 640 587 742 592 638 433 771 440
day22/0192.jpg 595 417 648 415 705 411 762 412 630 542 725 537 623 412 740 410
day09/0009.jpg 646 437 704 445 762 453 824 458 676 577 767 580 678 441 795 456
day06/0096.jpg 614 412 651 415 691 417 722 423 636 495 692 502 631 411 706 420
day34/0092.jpg 583 446 647 457 713 467 770 477 610 604 712 615 615 452 745 470
day11/0231.jpg 583 405 630 408 677 406 722 411 607 508 685 509 606 402 701 405
day25/0595.jpg 558 383 628 387 698 391 774 394 598 549 717 550 596 380 738 390
day08/0351.jpg 666 421 716 420 765 425 808 431 697 532 778 532 689 420 786 427
day25/0372.jpg 620 436 668 437 718 436 766 442 655 550 731 551 643 434 744 436
day15/0019.jpg 599 425 654 427 710 428 768 433 634 550 724 548 629 420 739 427
day22/0044.jpg 560 420 616 423 666 421 718 429 597 538 671 538 587 420 693 427
day14/0074.jpg 555 333 602 341 653 342 704 350 587 450 661 453 579 335 681 341
day10/0106.jpg 729 391 772 389 822 384 866 386 773 489 850 483 750 386 841 379
day29/0003.jpg 614 389 664 386 720 382 778 380 654 508 742 497 643 384 750 379
day26/0175.jpg 510 422 562 425 624 433 679 441 532 552 618 566 533 424 653 435
day34/0128.jpg 566 437 633 453 704 462 772 477 597 610 704 620 600 446 745 471
day09/0087.jpg 576 383 627 381 671 379 713 385 621 474 683 472 604 379 692 379
day31/0009.jpg 643 408 691 401 747 393 791 394 704 518 784 504 670 407 770 391
day06/0241.jpg 637 379 677 380 719 379 764 383 662 471 729 471 659 377 739 379
day41/0098.jpg 515 303 573 314 648 319 710 321 546 472 645 475 542 308 679 316
day39/0324.jpg 601 416 650 415 703 414 759 413 637 533 725 531 627 413 732 410
day15/0159.jpg 668 486 720 490 781 495 835 499 695 618 794 628 693 489 806 495
day19/0090.jpg 544 362 594 358 655 354 708 352 586 486 675 480 567 357 686 350
day43/0046.jpg 595 391 657 394 721 394 783 401 616 536 727 539 620 387 750 398
day20/0284.jpg 635 389 688 391 749 396 800 404 670 512 754 516 659 387 770 395
day39/0168.jpg 617 332 687 339 763 340 823 351 653 502 766 506 642 330 790 345
day27/0141.jpg 613 425 663 423 716 423 764 428 654 543 741 537 641 421 745 421
day11/0131.jpg 561 441 616 440 674 437 721 436 612 558 696 551 588 441 696 433
day01/0292.jpg 582 388 653 389 725 395 795 399 624 554 740 558 611 388 757 395
day03/0226.jpg 571 427 626 424 687 413 743 412 631 558 721 548 596 422 716 412
day40/0147.jpg 565 404 608 400 652 397 693 396 603 495 671 491 585 399 670 393
day26/0022.jpg 562 366 618 365 677 366 741 367 600 506 687 505 590 364 713 367
day26/0123.jpg 604 387 646 388 691 389 734 395 628 476 706 483 625 387 716 391
day02/0137.jpg 516 412 554 416 599 418 638 424 542 511 608 512 536 414 621 416
day40/0280.jpg 627 416 669 414 718 416 757 417 659 514 737 508 650 414 739 416
day25/0306.jpg 603 402 659 408 722 417 776 426 631 536 724 550 628 402 747 417
day39/0333.jpg 580 423 628 420 681 412 733 412 620 542 708 529 599 421 708 410
day22/0047.jpg 558 426 612 426 666 428 715 433 595 541 676 544 586 423 691 426
day13/0042.jpg 675 336 721 334 775 333 823 329 726 444 803 437 699 333 798 324
day20/0237.jpg 572 316 612 319 657 325 705 330 585 417 661 428 591 316 687 328
day13/0074.jpg 662 341 712 340 755 336 793 336 709 438 780 432 682 336 772 333
day12/0015.jpg 616 420 666 427 706 427 745 427 652 524 715 520 636 420 729 424
day34/0237.jpg 638 364 703 370 778 379 841 391 670 524 779 536 666 363 809 384
day19/0050.jpg 580 382 656 389 725 392 796 401 621 548 730 552 624 380 768 394
day08/0341.jpg 686 420 753 429 812 438 872 438 720 565 817 577 726 424 850 440
day26/0238.jpg 534 418 575 420 624 419 671 421 566 530 636 527 551 417 644 418
day40/0217.jpg 583 424 637 423 699 417 756 416 634 557 725 543 608 423 724 412
day36/0189.jpg 599 400 661 411 726 414 789 418 638 556 743 565 632 405 762 413
day02/0266.jpg 590 380 639 383 691 386 740 389 629 502 709 502 612 380 716 386
day01/0181.jpg 678 390 736 398 797 399 855 411 713 538 811 542 705 394 830 404
day05/0098.jpg 568 408 604 404 636 400 672 400 611 483 663 476 584 404 654 400
day36/0021.jpg 536 393 588 400 648 400 705 404 566 524 665 531 559 396 672 398
day01/0070.jpg 688 440 743 441 795 445 848 447 728 564 812 564 712 440 817 441
day20/0106.jpg 528 390 567 390 609 388 658 395 550 484 616 482 548 385 633 388
day39/0029.jpg 658 320 707 328 752 321 810 330 676 438 753 440 683 320 786 326
day34/0132.jpg 537 418 607 433 673 443 748 449 554 575 674 596 564 420 707 444
day40/0011.jpg 566 397 632 400 701 396 768 396 611 558 720 551 597 396 740 395
day05/0059.jpg 536 416 571 412 604 406 638 403 588 487 640 475 549 411 623 401
day42/0009.jpg 622 420 706 436 778 448 851 456 665 612 782 625 671 424 824 449
day32/0275.jpg 616 269 668 269 735 273 793 272 662 398 748 396 636 266 759 272
day36/0032.jpg 536 406 587 408 656 410 708 413 572 542 659 545 560 404 678 412
day07/0070.jpg 569 426 624 434 678 435 728 436 602 556 683 558 593 430 699 433
day02/0404.jpg 628 356 676 362 707 359 752 358 665 454 724 454 651 358 729 359
day17/0093.jpg 593 411 656 412 716 417 780 423 627 549 723 556 623 411 744 420
day38/0197.jpg 568 401 627 404 700 411 764 419 597 560 698 568 592 402 729 412
day27/0143.jpg 586 425 636 424 688 420 737 420 630 542 714 540 607 423 711 417
day09/0103.jpg 590 387 635 384 684 382 729 382 632 488 704 484 609 384 704 382
day30/0003.jpg 598 428 654 427 717 417 779 409 658 564 751 556 628 427 755 414
day20/0146.jpg 520 434 570 440 615 443 666 448 547 544 616 550 542 439 636 446
day10/0198.jpg 679 426 733 428 788 427 839 428 721 548 803 549 705 423 815 423
day02/0243.jpg 606 435 662 437 724 444 784 445 648 587 744 588 632 435 754 441
day10/0216.jpg 641 400 687 397 740 406 785 412 668 508 737 518 662 395 765 408
day34/0073.jpg 550 388 600 390 650 388 701 392 592 495 679 494 577 388 675 389
day16/0124.jpg 527 393 589 398 660 403 723 409 563 555 677 556 555 393 696 405
day11/0010.jpg 555 407 623 413 701 420 781 421 600 590 723 589 586 408 737 418
day20/0289.jpg 634 395 684 396 746 399 796 406 668 519 746 524 658 396 773 407
day29/0215.jpg 610 439 665 440 741 437 795 438 652 584 758 574 638 438 771 436
day20/0165.jpg 485 392 540 396 604 406 651 412 512 526 593 534 515 392 634 404
day06/0002.jpg 545 422 601 426 648 431 702 436 582 544 656 550 572 425 679 430
day18/0130.jpg 555 444 624 456 697 462 760 469 598 609 698 615 592 447 734 462
day41/0029.jpg 648 376 707 380 765 384 822 391 672 498 780 506 680 374 796 384
day01/0132.jpg 598 345 658 350 720 353 781 354 643 488 736 492 628 349 752 352
day42/0043.jpg 617 322 664 329 718 334 757 337 645 428 727 432 640 323 736 330
day03/0143.jpg 548 468 600 463 646 459 686 455 600 574 670 569 575 464 666 455
day15/0053.jpg 597 392 649 395 697 397 736 397 641 495 700 498 621 388 717 394
day32/0342.jpg 575 272 619 266 660 259 695 259 621 352 681 342 596 264 676 260
day01/0192.jpg 600 430 661 422 719 412 780 406 666 565 768 549 627 423 754 407
day19/0051.jpg 585 387 654 392 728 400 795 400 625 549 735 553 625 384 766 396
day22/0152.jpg 451 364 511 371 576 370 644 372 488 512 584 524 480 366 612 368
day03/0451.jpg 575 424 643 429 712 428 780 425 622 584 733 586 608 420 748 424
day09/0149.jpg 553 414 596 410 655 401 697 397 596 518 682 504 576 408 674 400
day05/0112.jpg 582 429 621 429 656 425 688 421 624 510 676 505 596 423 671 422
day40/0051.jpg 591 344 630 348 674 344 713 347 625 433 684 433 610 344 693 344
day40/0068.jpg 557 378 625 381 712 384 784 392 605 560 722 560 593 380 751 388
day25/0103.jpg 553 376 605 380 654 380 700 381 589 492 668 493 574 379 674 381
day10/0188.jpg 672 416 731 419 787 417 834 419 716 540 792 540 698 414 812 413
day25/0254.jpg 616 424 671 423 712 424 763 424 656 534 733 536 638 421 744 423
day34/0276.jpg 528 341 578 340 624 338 666 337 572 441 644 435 550 341 648 339
day41/0101.jpg 562 428 634 427 705 428 780 429 611 584 717 591 595 426 740 427
day02/0269.jpg 591 376 642 382 691 383 744 384 631 504 712 502 619 378 720 380
day03/0380.jpg 556 380 627 388 699 394 767 397 598 553 714 556 588 383 728 395
day11/0235.jpg 578 404 628 408 675 409 716 416 606 513 688 512 602 405 693 412
day20/0013.jpg 564 370 629 374 689 378 748 381 598 516 704 518 596 372 720 376
day17/0086.jpg 592 404 652 411 717 410 766 415 629 540 712 543 620 402 741 411
day07/0120.jpg 602 436 653 445 706 452 754 463 622 564 704 576 619 435 732 456
day08/0146.jpg 613 471 672 477 723 474 775 477 649 596 728 601 642 468 755 477
day39/0323.jpg 600 416 646 416 702 414 757 415 639 526 721 529 620 414 736 414
day25/0051.jpg 588 456 632 459 685 459 727 461 620 564 691 564 609 455 705 455
day36/0079.jpg 588 413 631 413 674 412 713 414 625 500 694 500 609 414 691 412
day43/0037.jpg 623 412 677 416 723 418 769 418 656 525 735 532 650 412 746 416
day22/0262.jpg 642 385 690 386 746 387 794 388 676 504 756 499 668 382 776 382
day19/0033.jpg 580 351 637 350 695 349 755 354 620 487 711 482 606 349 726 350
day40/0381.jpg 578 364 667 359 754 360 840 366 644 564 777 558 612 360 802 365
day30/0010.jpg 586 427 648 426 711 417 773 408 654 565 745 552 617 428 743 406
day25/0443.jpg 574 363 623 361 671 364 711 372 609 456 679 464 596 364 683 367
day17/0146.jpg 597 379 648 380 709 376 773 380 640 509 722 509 618 377 744 374
day38/0038.jpg 616 439 656 442 701 444 744 449 646 540 710 541 636 441 722 446
day22/0286.jpg 613 383 665 387 729 393 785 396 621 483 751 499 637 385 763 396
day43/0058.jpg 596 396 654 403 720 406 791 416 631 552 726 557 620 400 751 408
day20/0135.jpg 513 393 564 398 623 403 679 406 535 517 628 524 542 393 652 401
day25/0175.jpg 616 359 672 360 714 365 755 372 654 467 731 471 641 359 740 370
day17/0113.jpg 589 445 650 451 728 454 789 458 634 608 727 614 620 448 764 455
day08/0131.jpg 649 368 699 364 751 356 808 354 695 476 764 469 668 363 769 353
day25/0574.jpg 632 355 693 365 752 363 807 368 670 494 764 496 658 355 776 360
day16/0042.jpg 524 436 584 435 642 435 686 440 567 560 656 556 554 430 666 436
day20/0391.jpg 552 365 616 369 666 367 725 368 591 497 691 493 580 372 699 368
day27/0130.jpg 630 305 684 302 742 302 796 304 679 431 772 425 659 301 774 303
day18/0013.jpg 641 383 703 385 768 392 832 397 680 536 779 535 675 381 800 392
day34/0096.jpg 593 452 654 461 717 472 780 479 613 604 720 613 620 455 752 473
day17/0087.jpg 588 402 642 405 708 410 768 415 621 540 711 547 612 402 741 412
day10/0200.jpg 675 427 729 429 788 428 842 429 718 552 807 556 700 424 812 427
day08/0269.jpg 637 521 686 527 736 529 776 531 669 635 746 634 663 524 761 527
day36/0007.jpg 554 348 617 352 696 359 763 358 603 524 710 519 581 348 732 354
day22/0109.jpg 540 383 583 380 630 384 672 385 574 480 641 480 562 381 652 380
day22/0238.jpg 536 316 581 323 634 319 680 326 556 426 632 434 556 319 655 322
day42/0025.jpg 562 280 620 283 675 282 728 291 604 404 682 402 592 279 699 285
day13/0029.jpg 651 342 704 348 740 348 782 347 688 438 754 438 678 340 760 346
day42/0126.jpg 601 334 647 336 705 336 752 339 640 448 722 441 622 331 729 336
day13/0138.jpg 639 321 687 328 735 327 776 329 668 436 756 436 662 325 757 325
day25/0596.jpg 559 383 632 388 703 394 773 399 609 552 720 554 592 390 740 400
day36/0122.jpg 630 364 692 358 748 357 809 357 668 497 758 496 661 358 791 357
day26/0231.jpg 548 409 594 414 645 416 695 421 584 516 650 521 570 411 668 414
day26/0124.jpg 622 368 660 370 704 368 741 374 646 452 717 456 642 367 722 371
day02/0152.jpg 533 385 576 382 615 382 657 386 568 475 639 473 555 379 638 383
day26/0072.jpg 571 350 619 353 662 361 710 366 587 455 668 462 596 349 689 360
day40/0271.jpg 616 412 660 412 706 409 750 410 661 509 725 501 637 413 729 408
day26/0122.jpg 584 383 630 384 674 384 713 383 612 473 687 476 608 377 696 380
day29/0329.jpg 609 438 652 443 699 444 745 448 642 545 706 547 628 437 723 441
day08/0067.jpg 635 382 676 384 723 385 763 387 662 478 734 484 656 383 743 386
day03/0195.jpg 593 445 644 444 709 436 763 426 645 576 740 567 612 443 731 429
day44/0069.jpg 484 283 545 281 614 283 676 285 528 428 627 427 516 280 642 284
day03/0077.jpg 636 435 684 440 749 449 804 452 671 574 756 581 663 438 777 448
day20/0059.jpg 666 385 714 384 764 380 814 380 716 490 792 485 690 384 788 380
day29/0469.jpg 646 365 694 367 747 366 800 367 685 484 770 484 670 364 769 365
day20/0240.jpg 561 316 600 316 652 323 699 328 580 412 647 416 580 316 676 324
day03/0110.jpg 508 430 559 430 606 427 652 424 560 548 635 540 528 433 628 421
day05/0218.jpg 650 440 716 440 780 443 837 444 700 578 787 580 685 436 809 440
day20/0232.jpg 572 309 608 314 660 322 704 332 592 413 651 420 590 308 683 327
day03/0098.jpg 593 392 656 392 729 388 785 380 653 540 753 532 626 388 757 382
day07/0008.jpg 652 428 702 435 753 444 793 453 674 539 756 548 676 428 774 448
day10/0063.jpg 711 374 759 373 806 372 851 376 754 473 832 472 732 375 829 372
day19/0258.jpg 587 416 652 420 707 421 781 422 625 572 723 572 614 417 747 420
day40/0107.jpg 591 379 634 381 679 376 722 375 631 480 701 475 611 377 698 376
day09/0203.jpg 569 313 633 316 690 307 745 306 620 447 714 436 593 312 717 304
day34/0007.jpg 582 404 627 410 672 408 715 412 612 507 688 508 604 404 695 410
day39/0040.jpg 695 305 743 305 798 310 851 316 722 413 798 421 723 300 831 315
day14/0219.jpg 525 451 576 454 623 452 672 460 568 557 635 560 548 452 647 453
day02/0398.jpg 626 358 667 361 709 360 751 360 664 453 726 449 650 360 726 359
day08/0165.jpg 627 480 673 482 720 484 765 480 669 589 743 588 649 481 743 478
day09/0109.jpg 584 504 631 506 676 505 717 505 612 611 692 610 607 500 698 503
day32/0113.jpg 556 452 617 455 687 460 746 464 594 604 705 600 590 455 719 460
day27/0066.jpg 598 441 652 446 712 454 771 458 634 576 724 580 625 443 748 452
day25/0487.jpg 560 416 612 416 668 420 719 425 606 532 686 539 590 414 695 421
day25/0476.jpg 645 393 701 397 756 395 816 397 696 516 768 522 668 393 785 392
day40/0234.jpg 605 439 670 440 734 441 801 445 653 584 751 581 633 438 771 440
day01/0037.jpg 579 464 628 468 694 472 758 479 611 599 698 608 601 463 723 473
day11/0219.jpg 583 402 630 400 684 400 733 399 619 509 701 504 608 400 708 399
day06/0220.jpg 587 400 628 399 664 393 707 391 619 485 687 478 606 399 684 393
day01/0074.jpg 684 444 733 450 791 448 839 452 725 569 809 569 704 448 814 447
day06/0046.jpg 513 423 560 424 608 424 663 430 547 535 625 541 536 422 637 424
day27/0200.jpg 546 416 617 418 690 422 766 423 580 592 704 596 573 416 730 416
day05/0088.jpg 570 405 608 401 640 398 671 398 611 478 664 474 588 404 657 399
day18/0123.jpg 508 440 572 444 650 442 712 445 554 600 663 600 532 436 678 438
day03/0167.jpg 552 417 598 415 642 413 685 412 594 520 668 514 569 414 663 411
day05/0072.jpg 570 393 605 394 639 393 672 394 604 468 653 464 586 393 657 393
day29/0135.jpg 601 376 652 376 724 372 782 376 651 514 736 516 624 374 748 371
day02/0308.jpg 630 405 678 408 724 408 778 404 672 522 747 520 653 408 748 401
day05/0200.jpg 624 428 689 433 747 430 799 432 660 567 761 561 651 430 772 429
day34/0193.jpg 601 451 651 452 706 448 756 449 646 570 716 568 627 449 722 448
day26/0197.jpg 573 356 606 360 650 354 701 358 590 452 665 455 592 357 682 357
day19/0319.jpg 665 449 708 447 752 444 792 446 707 541 772 534 689 446 772 442
day02/0351.jpg 550 404 593 407 638 402 682 406 596 497 650 496 572 402 662 401
day14/0221.jpg 628 464 678 467 733 464 784 467 667 580 760 579 652 468 753 464
day22/0231.jpg 562 332 610 336 664 344 707 350 584 448 657 456 587 335 689 346
day11/0246.jpg 541 497 582 496 631 500 669 506 569 597 646 599 560 492 653 501
day02/0319.jpg 557 370 608 374 656 368 701 370 598 484 672 484 584 371 673 368
day19/0052.jpg 589 391 653 398 729 400 788 406 625 548 734 561 624 391 766 404
day09/0003.jpg 587 421 640 421 704 426 761 426 620 552 710 552 614 418 723 420
day34/0057.jpg 649 327 694 328 744 332 792 336 682 436 752 440 673 327 772 332
day02/0170.jpg 677 470 719 470 759 467 815 465 715 571 781 564 696 465 785 464
day25/0316.jpg 613 408 672 415 729 424 787 434 641 544 727 554 638 412 758 428
day11/0011.jpg 580 415 655 419 725 428 792 432 630 591 746 593 624 420 757 425
day38/0232.jpg 637 374 689 376 752 382 815 384 680 512 769 513 659 372 786 377
day41/0063.jpg 510 348 583 353 653 353 733 355 555 520 671 516 544 349 695 350
day27/0125.jpg 544 316 596 306 651 290 704 282 611 428 691 403 569 312 676 281
day22/0082.jpg 514 430 565 429 620 430 681 433 548 556 641 556 535 428 648 428
day01/0054.jpg 605 386 655 392 705 396 756 401 629 508 702 513 622 386 733 397
day25/0493.jpg 545 418 602 418 645 411 703 418 590 533 667 529 565 419 674 412
day26/0208.jpg 504 358 545 359 596 360 643 363 530 464 595 465 521 358 617 361
day03/0447.jpg 596 426 664 425 733 426 801 420 659 581 756 571 630 423 773 420
day04/0028.jpg 548 467 616 467 684 467 746 465 602 613 709 612 584 467 716 464
day29/0142.jpg 622 383 664 379 708 378 754 378 659 477 730 469 641 383 729 376
day16/0222.jpg 594 410 637 414 686 412 724 412 622 514 704 515 615 413 705 412
day21/0052.jpg 567 389 654 393 735 392 816 395 625 592 759 589 608 385 780 391
day37/0032.jpg 580 361 668 369 762 380 837 385 636 574 769 580 620 363 801 380
day26/0206.jpg 508 354 552 359 601 360 648 362 531 464 608 463 527 353 625 360
day14/0295.jpg 630 479 674 479 716 472 761 470 671 573 753 580 653 476 743 473
day07/0065.jpg 554 418 602 408 655 395 700 385 620 522 697 500 576 408 682 388
day19/0164.jpg 606 324 658 332 713 340 767 348 633 452 715 464 628 327 738 342
day11/0033.jpg 587 352 637 352 681 350 733 353 632 453 717 447 612 352 709 351
day22/0173.jpg 513 330 573 336 640 343 705 351 548 478 649 484 545 332 678 343
day25/0024.jpg 558 426 614 426 672 430 729 432 592 553 685 552 585 427 700 428
day02/0368.jpg 544 420 592 425 624 426 669 430 573 510 636 517 570 420 648 425
day36/0206.jpg 693 296 736 297 786 292 834 292 738 397 808 392 717 297 805 293
day28/0016.jpg 572 353 619 352 664 348 703 345 626 448 680 444 596 352 687 344
day07/0062.jpg 616 410 667 423 720 432 764 443 633 540 712 550 638 413 743 436
day24/0036.jpg 520 310 556 313 599 312 633 316 556 400 625 396 540 312 616 313
day20/0239.jpg 564 317 605 320 648 323 698 325 579 412 660 418 584 319 675 324
day20/0187.jpg 629 431 669 440 712 454 747 467 639 529 705 547 647 430 731 460
day10/0159.jpg 652 397 695 400 739 400 779 412 689 492 752 498 673 396 757 404
day18/0023.jpg 591 378 652 375 709 373 764 381 638 500 728 502 622 376 741 379
day25/0252.jpg 610 419 662 424 712 421 766 424 655 537 732 536 630 423 743 420
day39/0056.jpg 628 364 681 360 733 368 787 372 657 484 751 488 656 360 764 371
day39/0008.jpg 595 321 669 330 742 336 804 342 644 496 750 502 634 324 776 337
day28/0030.jpg 599 452 644 454 691 456 737 455 641 559 708 557 617 448 713 451
day26/0063.jpg 568 355 616 360 664 364 712 375 592 466 669 473 590 357 688 368
day15/0192.jpg 630 490 670 488 708 485 748 484 664 573 720 569 646 486 727 480
day39/0326.jpg 598 416 650 412 703 412 759 414 643 534 732 534 630 411 738 411
day26/0205.jpg 510 355 556 359 605 358 654 367 532 457 609 464 535 354 635 360
day32/0316.jpg 652 262 721 267 800 275 880 281 691 442 804 448 682 262 841 277
day22/0237.jpg 562 339 607 342 666 350 714 357 587 457 664 464 581 341 690 352
day38/0328.jpg 615 376 694 376 770 374 852 379 672 552 801 547 653 376 816 378
day10/0211.jpg 647 406 700 408 750 406 793 409 690 518 765 516 668 406 771 407
day03/0353.jpg 603 336 648 336 687 332 720 334 632 426 702 420 623 336 704 332
day07/0180.jpg 635 396 689 402 745 404 797 404 673 530 758 528 663 396 771 400
day32/0109.jpg 548 450 604 451 666 452 729 458 580 590 679 595 572 449 695 453
day02/0171.jpg 673 469 717 470 760 466 803 468 710 565 783 564 692 468 782 464
day40/0250.jpg 622 358 674 367 721 368 765 376 655 472 734 478 648 359 747 371
day22/0028.jpg 628 360 686 358 739 355 792 356 677 480 759 473 654 359 766 355
day08/0138.jpg 646 366 695 363 746 356 801 359 690 479 772 470 668 360 772 355
day10/0157.jpg 650 394 697 396 737 400 784 403 676 492 752 491 674 392 762 400
day25/0204.jpg 573 320 620 325 677 326 728 330 607 436 684 442 594 318 700 324
day41/0167.jpg 504 312 574 315 650 322 722 326 542 484 650 493 536 311 686 324
day11/0221.jpg 568 405 614 408 662 404 708 402 615 507 676 503 589 404 683 399
day08/0272.jpg 622 506 669 508 720 509 762 516 656 617 732 618 648 503 744 511
day14/0137.jpg 682 339 729 338 777 333 817 338 732 440 803 436 702 334 796 335
day27/0156.jpg 596 428 644 426 699 424 752 428 627 545 715 542 619 427 725 425
day22/0254.jpg 612 432 663 428 709 424 760 424 651 551 731 537 635 431 736 424
day08/0143.jpg 600 459 660 470 707 468 761 470 636 589 722 588 625 463 738 464
day03/0141.jpg 547 465 595 463 643 457 688 453 593 578 671 565 568 459 665 452
day20/0340.jpg 610 291 669 302 728 312 784 316 625 444 725 452 643 296 759 311
day03/0088.jpg 580 377 635 367 698 344 749 332 663 496 751 468 609 368 726 333
day01/0270.jpg 596 429 631 426 664 424 708 422 629 508 688 500 612 426 688 419
day18/0112.jpg 540 447 583 448 624 444 661 448 579 536 637 536 560 446 644 446
day40/0312.jpg 573 344 628 342 686 334 740 334 608 464 703 457 597 340 712 334
day01/0041.jpg 592 383 640 380 685 383 732 389 623 483 699 488 616 381 708 388
day40/0001.jpg 545 400 607 409 676 410 744 411 580 567 691 567 573 406 714 412
day09/0117.jpg 590 517 638 519 684 518 731 516 626 626 703 620 614 515 707 512
day19/0336.jpg 623 379 667 381 724 377 777 375 659 501 752 495 644 377 755 375
day40/0432.jpg 605 388 649 388 688 383 724 384 645 475 710 468 625 386 705 384
day03/0272.jpg 539 493 593 492 642 489 684 486 594 615 670 604 560 492 664 484
day05/0116.jpg 594 429 632 429 666 431 695 428 632 512 681 512 612 428 681 425
day03/0112.jpg 504 437 560 436 605 431 652 423 556 551 636 538 525 436 632 423
day01/0081.jpg 580 396 627 400 676 396 730 394 624 516 700 509 603 394 706 392
day03/0084.jpg 564 384 618 370 682 348 736 334 648 503 737 470 588 376 708 340
day41/0123.jpg 592 427 662 434 736 440 796 444 628 594 743 595 627 430 773 440
day17/0225.jpg 656 378 704 381 766 388 824 396 680 505 771 514 679 379 792 388
day19/0139.jpg 599 367 640 370 689 372 732 380 626 466 702 468 617 368 709 379
day39/0394.jpg 592 249 656 255 720 264 783 272 636 398 731 405 622 249 755 267
day10/0130.jpg 666 369 719 372 772 376 817 376 710 488 788 491 684 368 790 372
day40/0351.jpg 504 364 550 353 596 344 637 340 564 448 632 432 528 360 616 342
day14/0041.jpg 584 334 642 339 702 340 755 340 625 472 716 468 610 332 731 338
day39/0325.jpg 600 416 649 417 700 415 758 416 645 536 723 529 624 415 732 411
day40/0401.jpg 616 452 676 454 737 459 792 462 658 588 753 587 649 452 768 456
day20/0087.jpg 567 363 613 362 661 359 711 359 602 468 671 468 592 360 689 356
day43/0084.jpg 605 430 668 428 733 419 794 412 660 571 755 559 636 422 764 414
day22/0247.jpg 608 436 657 429 707 424 756 423 646 543 726 538 630 428 734 422
day29/0130.jpg 598 383 652 383 719 380 777 384 644 525 736 523 617 385 744 379
day22/0162.jpg 529 327 592 337 654 344 721 354 557 481 661 493 563 328 692 344
day09/0233.jpg 590 357 629 360 684 361 723 364 623 457 692 463 613 358 703 363
day27/0098.jpg 596 390 668 392 745 392 820 388 653 570 769 567 625 391 784 385
day41/0080.jpg 535 356 608 359 677 362 747 365 586 520 694 524 566 357 712 364
day05/0145.jpg 536 383 568 376 600 366 628 362 588 442 639 427 551 379 615 364
day22/0189.jpg 602 404 650 398 708 398 765 399 644 531 732 524 625 400 741 396
day38/0369.jpg 608 423 668 430 728 432 792 435 644 567 745 568 633 424 761 429
day11/0119.jpg 577 380 635 390 682 396 732 402 613 504 689 517 601 381 710 397
day15/0064.jpg 595 345 652 348 717 352 789 355 633 497 737 498 620 346 756 353
day22/0216.jpg 479 410 532 401 588 395 644 388 530 526 620 514 500 408 616 389
day31/0024.jpg 621 453 667 454 713 451 756 455 660 552 734 549 643 450 734 448
day40/0353.jpg 520 360 560 355 607 348 648 346 576 453 646 436 540 356 628 345
day34/0202.jpg 652 489 703 491 759 494 809 493 687 610 780 612 676 491 785 493
day10/0160.jpg 655 394 699 399 740 402 784 408 686 492 756 498 676 394 764 403
day21/0075.jpg 632 384 672 385 711 384 760 384 652 472 724 471 653 382 736 381
day10/0029.jpg 622 380 672 388 732 392 785 396 645 509 737 516 645 381 758 393
day03/0142.jpg 548 464 592 467 643 462 685 458 597 574 669 564 568 464 661 457
day12/0012.jpg 616 421 660 424 704 428 748 428 648 524 713 522 633 421 723 425
day15/0229.jpg 607 393 653 388 700 381 745 380 655 492 726 480 628 389 721 378
day27/0208.jpg 587 392 661 397 737 396 808 398 635 570 768 569 624 391 772 392
day34/0207.jpg 650 490 702 492 759 495 807 494 691 612 774 612 672 489 782 492
day07/0089.jpg 622 442 676 444 735 439 781 440 667 568 752 561 649 437 756 440
day26/0381.jpg 559 340 612 340 657 332 697 333 608 440 678 433 589 336 675 331
day32/0193.jpg 612 356 653 358 702 356 743 360 648 454 718 452 631 357 724 358
day17/0006.jpg 604 456 652 451 716 456 766 460 636 582 730 584 626 449 738 458
day43/0086.jpg 616 433 676 430 736 426 798 420 663 573 768 568 640 432 772 420
day03/0132.jpg 576 304 620 313 676 320 714 324 617 422 680 424 600 307 691 321
day14/0290.jpg 628 482 673 480 714 476 759 472 663 585 739 577 649 481 737 472
day08/0261.jpg 564 511 614 520 665 523 715 528 592 632 668 640 590 514 686 523
day40/0155.jpg 573 405 616 405 658 400 696 402 608 497 676 492 595 404 679 400
day16/0229.jpg 583 420 636 423 676 416 722 421 621 522 697 520 612 420 699 416
day19/0074.jpg 603 334 670 333 746 344 818 350 640 502 750 505 632 334 781 349
day01/0218.jpg 606 344 688 352 772 367 852 379 644 537 767 552 650 346 812 369
day19/0350.jpg 601 308 649 310 705 311 749 312 637 423 722 416 624 305 724 310
day26/0135.jpg 600 388 650 390 695 389 743 396 628 492 704 490 622 388 718 392
day14/0220.jpg 524 450 575 453 623 452 668 452 560 560 637 560 544 449 644 449
day14/0039.jpg 552 389 593 396 636 398 680 401 591 486 649 491 572 393 657 398
day25/0425.jpg 565 298 609 296 653 296 700 300 588 393 678 392 584 296 676 295
day40/0192.jpg 585 363 623 364 666 359 703 361 620 446 678 442 602 363 684 359
day25/0171.jpg 592 336 643 337 696 344 744 346 628 450 708 456 619 336 720 340
day38/0122.jpg 588 386 652 390 709 391 772 397 629 528 720 526 612 386 738 392
day15/0090.jpg 591 374 651 380 710 380 768 383 629 510 723 512 623 374 744 380
day32/0394.jpg 573 406 612 409 652 408 693 412 600 496 664 491 592 407 675 408
day21/0015.jpg 607 319 656 316 705 316 752 320 652 420 721 416 628 316 728 316
day25/0303.jpg 602 393 659 405 715 412 765 418 631 531 720 538 624 402 736 412
day42/0136.jpg 605 334 654 334 710 336 756 340 640 450 729 451 630 333 734 336
day18/0068.jpg 612 321 661 328 709 330 755 337 640 433 720 439 634 323 732 335
day20/0108.jpg 524 390 564 389 605 391 654 392 548 485 612 486 544 391 632 390
day33/0103.jpg 560 241 625 243 690 244 746 248 607 375 695 378 590 239 713 241
day17/0013.jpg 610 448 665 455 724 458 779 460 644 583 736 583 634 448 750 452
day29/0353.jpg 625 500 673 503 716 504 762 505 663 605 728 604 643 502 739 503
day34/0130.jpg 563 438 632 454 707 469 772 473 598 612 700 624 596 443 740 466
day19/0193.jpg 591 409 647 403 705 400 763 396 636 540 730 523 617 407 738 396
day25/0315.jpg 618 407 673 418 732 423 786 434 639 540 732 553 643 410 764 429
day27/0026.jpg 622 396 680 399 744 405 813 410 660 535 750 533 652 397 776 404
day04/0053.jpg 659 412 697 414 744 412 783 413 696 508 759 511 677 411 764 410
day32/0355.jpg 656 406 696 409 739 412 782 418 685 502 748 502 680 404 760 415
day03/0144.jpg 551 468 600 467 649 462 689 457 600 574 672 564 570 464 663 460
day02/0321.jpg 562 371 609 375 656 372 703 371 603 486 679 479 581 371 681 368
day07/0077.jpg 608 425 664 434 717 441 770 455 635 560 713 569 640 428 746 445
day25/0398.jpg 608 335 652 334 696 331 739 332 642 428 711 425 629 331 716 328
day26/0046.jpg 558 342 612 352 670 361 721 375 572 477 661 493 587 343 700 370
day11/0145.jpg 559 441 620 454 690 466 754 470 585 604 686 615 588 445 722 463
day19/0304.jpg 654 440 700 442 734 438 786 438 694 534 755 532 671 437 764 433
day02/0134.jpg 512 412 547 417 600 417 632 418 542 508 610 510 527 413 613 416
day34/0106.jpg 652 306 716 308 782 305 833 304 700 455 807 449 682 300 808 302
day04/0098.jpg 585 412 633 410 683 410 732 408 626 523 693 520 608 411 712 409
day08/0152.jpg 612 478 662 482 716 484 774 488 646 604 741 608 637 479 749 487
day25/0266.jpg 575 350 636 355 700 358 754 367 610 491 703 495 606 351 733 362
day01/0210.jpg 620 335 693 346 780 362 845 365 651 536 781 541 655 341 816 363
day14/0192.jpg 619 420 664 420 714 415 759 413 666 526 741 519 640 418 735 412
day33/0116.jpg 591 256 657 263 722 267 779 270 641 403 739 412 626 262 754 269
day34/0094.jpg 582 452 648 462 712 467 770 475 614 606 716 614 611 456 741 466
day01/0195.jpg 662 405 720 405 785 411 850 417 695 545 795 552 691 404 821 416
day39/0057.jpg 625 366 679 362 734 367 788 374 662 479 735 485 652 362 766 369
day40/0110.jpg 595 385 640 382 678 378 727 379 633 478 699 475 613 381 696 374
day38/0126.jpg 591 381 656 379 731 381 795 387 633 543 746 541 620 378 769 383
day07/0067.jpg 555 418 607 411 660 399 701 392 620 528 690 511 574 412 677 393
day22/0210.jpg 539 427 598 429 656 426 722 424 586 570 680 569 568 423 697 421
day41/0032.jpg 621 376 683 378 744 380 801 382 664 510 754 512 647 376 772 380
day39/0260.jpg 612 373 664 380 716 389 767 391 634 495 727 500 639 374 750 386
day29/0136.jpg 649 377 710 387 774 387 826 387 688 524 794 519 679 382 799 385
day03/0237.jpg 587 420 633 420 686 416 727 414 629 533 707 522 601 420 702 411
day09/0056.jpg 616 386 670 394 718 391 770 393 660 504 733 505 640 390 738 390
day12/0066.jpg 583 366 636 366 685 366 738 370 623 490 700 486 608 370 714 366
day25/0160.jpg 631 454 691 460 767 468 828 472 665 607 776 616 658 456 799 467
day20/0100.jpg 565 369 611 363 660 364 712 364 598 475 672 470 587 367 688 362
day31/0038.jpg 623 458 675 460 714 459 755 459 670 554 734 551 647 460 736 459
day15/0125.jpg 635 400 700 412 766 419 831 429 666 562 773 572 670 405 807 424
day09/0059.jpg 624 390 681 391 729 396 776 400 659 507 747 509 652 387 758 395
day29/0199.jpg 620 424 679 425 742 428 799 425 671 562 779 560 654 422 774 425
day02/0285.jpg 615 390 683 400 753 405 817 412 651 560 761 556 647 391 789 404
day43/0053.jpg 587 400 650 408 716 408 778 412 619 554 724 563 615 404 747 409
day04/0083.jpg 598 418 649 426 700 432 752 429 635 545 709 541 627 423 730 430
day20/0083.jpg 561 359 604 358 658 358 710 358 592 468 667 466 579 361 682 354
day21/0013.jpg 608 315 655 313 708 314 759 318 642 421 727 420 629 314 736 310
day10/0169.jpg 658 415 711 417 757 419 804 421 696 519 767 523 682 412 781 421
day06/0039.jpg 495 474 554 473 605 479 662 483 523 600 608 605 518 471 637 482
day03/0444.jpg 557 428 621 433 693 431 760 433 604 587 719 588 584 430 728 430
day18/0172.jpg 595 375 670 378 752 387 825 391 644 556 761 559 632 375 790 385
day08/0105.jpg 566 379 610 379 654 383 695 383 595 480 670 479 583 377 675 378
day01/0038.jpg 577 464 631 466 687 471 742 477 605 600 703 608 600 460 724 472
day38/0296.jpg 577 445 637 450 702 452 763 453 621 593 710 598 605 450 731 452
day29/0315.jpg 560 355 604 360 650 363 691 368 591 467 664 470 580 358 670 363
day40/0196.jpg 588 363 628 364 667 358 708 359 623 448 684 442 608 360 684 357
day08/0126.jpg 644 362 694 356 746 354 800 351 691 475 772 470 665 358 769 352
day34/0119.jpg 643 318 704 319 770 322 831 319 693 462 791 464 669 318 809 320
day17/0172.jpg 603 387 670 389 739 395 792 403 647 538 743 545 634 386 769 399
day03/0417.jpg 554 406 608 410 662 408 712 409 596 526 672 523 582 404 686 409
day01/0254.jpg 633 423 697 433 754 429 824 437 671 575 773 572 668 426 791 430
day16/0050.jpg 532 446 588 453 647 455 708 460 573 580 670 577 554 449 672 454
day32/0178.jpg 600 458 658 457 706 460 758 468 633 570 721 573 630 457 734 461
day02/0092.jpg 551 503 597 506 645 509 691 514 573 621 661 625 570 503 667 511
day39/0230.jpg 572 429 628 432 688 424 749 429 609 567 704 570 595 425 717 420
day03/0063.jpg 633 421 689 433 741 437 800 443 662 566 756 572 657 424 772 437
day20/0286.jpg 629 390 683 393 742 399 795 404 668 516 754 520 653 391 764 399
day06/0205.jpg 588 396 623 393 665 390 704 383 617 480 687 472 604 393 679 384
day13/0043.jpg 679 339 730 335 783 328 829 331 734 443 805 436 706 335 809 330
day01/0288.jpg 583 382 647 383 724 390 800 395 627 542 737 551 613 382 763 389
day17/0003.jpg 624 450 684 452 740 453 791 462 659 576 745 583 656 443 770 458
day26/0191.jpg 565 360 606 363 649 360 694 361 589 456 655 458 587 358 669 358
day03/0130.jpg 564 316 614 323 659 321 704 325 600 436 680 430 582 316 677 320
day41/0199.jpg 570 329 639 338 709 341 781 343 610 500 725 504 600 328 750 339
day06/0277.jpg 633 433 679 433 725 432 770 432 672 533 746 531 654 433 748 428
day30/0038.jpg 593 283 637 288 691 299 732 310 608 387 687 395 612 288 712 304
day29/0050.jpg 661 378 712 376 765 377 812 376 701 495 786 485 679 376 786 374
day03/0437.jpg 540 404 616 409 681 409 745 407 591 570 705 564 571 409 710 404
day10/0189.jpg 668 420 725 422 780 419 829 418 715 551 803 545 690 418 805 416
day44/0119.jpg 556 408 620 420 685 428 753 427 586 574 693 578 590 411 723 425
day27/0138.jpg 562 308 620 303 682 304 735 302 609 436 701 433 585 300 703 298
day01/0135.jpg 602 349 651 349 718 356 780 358 640 493 737 485 622 345 744 351
day25/0023.jpg 570 433 626 433 680 438 735 440 603 563 691 561 592 433 708 437
day04/0110.jpg 601 470 651 479 701 485 751 481 630 588 708 592 628 471 732 476
day14/0004.jpg 575 394 620 396 667 394 706 400 615 496 683 491 596 393 691 395
day17/0072.jpg 576 414 637 419 707 424 768 432 607 570 717 575 604 417 741 425
day10/0056.jpg 641 426 692 433 741 433 787 433 679 543 758 541 665 427 766 429
day43/0099.jpg 601 437 658 433 725 417 790 408 661 579 773 556 622 431 750 410
day17/0268.jpg 575 347 620 341 677 335 729 333 633 456 712 443 598 344 704 332
day19/0093.jpg 641 346 693 361 747 379 792 392 646 475 734 503 662 353 775 386
day39/0396.jpg 588 267 651 270 725 277 785 286 626 415 732 419 620 269 756 278
day25/0061.jpg 580 442 633 441 684 439 731 437 624 557 704 552 605 439 708 436
day17/0061.jpg 579 408 641 416 712 420 770 422 615 565 716 566 610 408 741 420
day41/0094.jpg 541 328 604 340 683 345 745 350 583 497 680 501 567 333 715 348
day43/0022.jpg 614 388 658 392 708 395 751 396 645 492 725 487 637 390 728 393
day06/0090.jpg 605 413 645 414 680 412 717 413 632 495 689 495 622 409 696 414
day03/0052.jpg 451 448 501 442 564 425 628 414 511 568 616 546 472 444 592 416
day06/0052.jpg 522 415 568 413 619 416 671 421 552 532 627 532 542 412 647 418
day29/0314.jpg 560 354 608 359 653 362 694 368 591 466 660 468 585 354 669 365
day11/0383.jpg 650 330 702 325 748 320 789 316 704 428 781 416 672 327 766 315
day22/0194.jpg 596 412 646 412 702 412 768 409 640 544 726 540 625 409 744 408
day08/0140.jpg 646 369 693 365 747 360 801 356 692 477 776 472 668 364 772 357
day32/0273.jpg 617 273 671 275 732 276 783 276 656 402 750 400 639 272 752 275
day13/0088.jpg 647 354 699 351 748 351 786 347 702 452 765 448 669 352 764 347
day19/0018.jpg 584 412 641 416 702 422 760 432 619 548 709 558 612 412 731 424
day38/0213.jpg 648 365 713 374 786 384 852 395 680 533 792 543 680 369 823 388
day11/0081.jpg 631 374 683 375 741 380 796 380 669 502 755 500 656 372 774 374
day44/0052.jpg 620 345 677 351 737 356 795 360 652 488 747 492 652 345 769 356
day40/0033.jpg 583 389 652 391 718 389 779 392 620 536 733 533 621 384 750 388
day22/0214.jpg 491 408 550 405 604 396 666 388 538 539 632 528 512 402 632 392
day19/0247.jpg 584 422 634 420 704 423 764 420 623 569 719 567 606 420 736 420
day08/0089.jpg 632 451 677 451 728 445 773 446 678 559 743 551 655 449 748 442
day11/0254.jpg 541 499 585 503 632 503 672 505 579 599 649 600 562 500 653 503
day25/0055.jpg 586 456 629 460 683 463 724 464 616 568 688 566 606 458 704 462
day04/0008.jpg 576 384 632 384 692 380 749 380 623 519 715 512 602 384 725 381
day05/0198.jpg 642 437 696 442 751 448 800 452 683 560 755 564 668 435 776 446
day38/0255.jpg 609 409 669 408 741 413 807 411 648 560 751 561 640 410 774 411
day05/0055.jpg 573 368 610 364 645 358 675 352 624 441 675 427 589 365 658 354
day40/0060.jpg 613 344 653 345 695 347 729 348 645 433 707 429 632 345 716 349
day22/0115.jpg 531 388 579 386 621 381 671 379 569 485 637 480 550 383 647 379
day01/0148.jpg 629 443 693 452 758 458 825 463 662 600 762 611 662 445 792 457
day06/0330.jpg 658 355 705 358 745 357 785 357 688 448 754 445 681 354 768 357
day43/0009.jpg 565 405 626 417 693 420 759 426 599 565 696 575 601 409 735 423
day25/0437.jpg 599 312 645 312 689 308 728 316 633 407 708 406 614 310 707 310
day10/0147.jpg 638 387 691 390 730 391 773 394 676 483 745 486 662 389 746 389
day34/0052.jpg 648 325 696 332 746 334 793 338 682 436 754 436 671 325 773 333
day18/0089.jpg 654 420 700 432 744 443 780 455 675 531 742 541 679 424 766 451
day10/0227.jpg 625 434 671 437 717 433 754 435 668 530 737 529 647 437 735 433
day42/0033.jpg 560 277 606 279 666 282 719 289 592 400 672 401 582 277 691 284
day38/0303.jpg 591 316 656 317 725 318 787 320 638 460 740 460 625 312 758 315
day06/0222.jpg 591 401 627 399 666 395 708 392 626 485 686 477 608 400 683 391
day03/0264.jpg 544 491 595 491 647 487 691 486 595 612 670 607 566 487 666 486
day34/0142.jpg 609 366 666 366 719 366 772 372 656 486 739 484 634 365 749 370
day15/0377.jpg 609 445 642 445 683 441 718 445 643 523 704 521 625 447 704 441
day39/0200.jpg 616 333 676 334 740 337 798 335 664 475 756 475 641 334 766 334
day06/0226.jpg 624 386 662 380 708 381 750 382 653 482 726 478 642 384 729 379
day10/0185.jpg 674 418 723 419 783 419 837 415 712 542 804 543 693 416 811 412
day01/0185.jpg 667 395 725 401 791 402 851 412 704 542 803 547 690 395 821 404
day40/0285.jpg 579 457 639 457 700 460 758 468 612 600 709 604 602 454 733 464
day40/0242.jpg 616 362 662 359 712 370 756 378 644 468 720 473 637 363 736 370
day09/0105.jpg 620 497 670 500 712 496 756 504 657 597 729 600 644 497 735 503
day25/0073.jpg 613 443 669 445 721 445 770 448 655 567 733 563 638 443 745 440
day29/0080.jpg 617 281 670 282 737 276 795 277 662 411 755 406 644 280 767 275
day19/0281.jpg 583 388 628 387 683 394 730 400 609 502 687 505 606 390 711 398
