day34/0157.jpg 600 319 652 325 701 328 750 335 629 412 700 417 622 319 727 326
day38/0299.jpg 595 331 637 330 692 329 740 329 628 419 696 407 616 326 713 326
day35/0036.jpg 595 343 639 340 699 336 747 333 637 433 713 429 616 340 725 334
day10/0152.jpg 507 358 581 365 654 358 729 352 562 495 664 499 546 358 688 352
day11/0152.jpg 508 356 565 356 626 352 685 349 550 474 652 472 536 355 660 352
day38/0397.jpg 586 316 625 325 675 325 712 329 607 403 693 408 604 321 694 326
day40/0067.jpg 551 379 618 379 698 371 768 366 607 518 709 504 586 380 734 367
day27/0158.jpg 616 376 659 371 720 362 772 369 659 460 737 458 638 375 753 365
day28/0152.jpg 583 329 641 330 704 324 762 331 625 434 723 433 614 332 737 329
day38/0347.jpg 588 307 633 308 694 307 741 304 629 400 694 393 612 307 717 302
day31/0198.jpg 582 258 633 262 678 262 716 256 622 342 690 342 612 260 693 260
day31/0130.jpg 481 279 553 279 631 275 697 270 535 425 643 420 516 277 662 273
day29/0060.jpg 608 322 655 326 712 323 762 320 643 415 727 414 633 321 739 319
day12/0312.jpg 568 334 614 341 660 338 699 341 596 420 658 417 593 337 675 337
day04/0143.jpg 620 290 693 302 783 297 856 296 679 454 803 450 664 295 823 291
day38/0146.jpg 532 269 586 264 644 260 706 259 569 375 654 365 554 265 679 262
day10/0147.jpg 518 358 586 358 664 358 732 351 571 497 657 495 551 356 693 350
day38/0177.jpg 529 308 586 315 658 316 712 313 562 421 653 428 561 311 679 311
day11/0105.jpg 504 338 555 341 625 341 685 338 545 450 638 450 531 338 656 338
day30/0176.jpg 585 244 642 244 708 241 748 240 630 350 716 345 611 243 728 238
day06/0067.jpg 495 360 559 362 638 362 709 346 550 498 651 500 531 356 670 351
day34/0125.jpg 569 343 615 345 672 339 719 341 597 429 678 429 588 337 691 337
day03/0382.jpg 464 384 520 383 602 376 675 374 510 509 616 502 487 382 635 373
day03/0290.jpg 441 379 510 380 604 382 686 382 486 537 623 535 473 377 645 375
day38/0209.jpg 518 302 570 304 633 300 683 300 558 407 636 407 541 303 658 298
day03/0276.jpg 517 388 588 390 675 387 753 384 568 525 676 533 557 387 710 385
day12/0088.jpg 553 401 613 404 680 400 730 395 606 522 692 512 583 404 703 397
day43/0180.jpg 555 315 621 322 700 320 766 314 602 450 719 450 585 315 736 315
day20/0031.jpg 587 454 650 457 705 449 754 446 633 557 723 553 617 454 728 448
day27/0315.jpg 578 424 624 419 687 415 729 411 622 513 705 506 598 419 710 409
day07/0067.jpg 504 357 566 354 644 346 701 343 560 480 651 471 533 352 671 344
day40/0127.jpg 600 312 655 312 721 309 780 311 637 417 737 415 628 311 746 309
day31/0238.jpg 603 385 654 388 721 387 787 389 645 502 730 504 632 389 755 389
day03/0311.jpg 554 393 620 395 702 401 768 395 604 543 713 534 590 395 737 394
day39/0183.jpg 570 399 629 397 695 395 754 393 620 508 705 506 605 398 724 390
day12/0275.jpg 454 323 512 328 579 320 637 318 504 444 597 444 481 325 615 319
day38/0102.jpg 529 318 566 318 622 310 662 309 557 400 637 397 548 312 641 309
day04/0223.jpg 615 296 681 300 760 295 826 295 657 435 766 433 643 295 787 287
day34/0099.jpg 575 316 626 312 686 311 737 308 613 412 692 405 600 310 708 311
day32/0031.jpg 564 295 618 297 666 300 712 304 594 391 670 396 593 294 684 302
day19/0321.jpg 547 268 608 267 683 265 745 266 594 390 697 387 577 266 708 259
day06/0315.jpg 523 472 573 470 638 458 695 443 577 575 664 563 554 467 664 450
day25/0123.jpg 591 314 638 316 683 312 725 309 626 391 693 391 617 311 707 312
day32/0017.jpg 565 265 628 271 690 270 741 264 616 381 700 379 597 269 716 269
day25/0199.jpg 589 314 629 315 684 309 729 306 624 392 695 387 612 314 708 304
day38/0384.jpg 570 310 614 315 664 318 705 320 598 395 664 402 599 315 680 319
day27/0323.jpg 520 294 584 295 662 283 738 280 566 424 676 420 546 293 691 286
day41/0042.jpg 655 271 717 284 786 282 845 287 687 395 793 401 683 279 813 284
day39/0024.jpg 599 369 653 367 720 370 791 369 640 486 735 485 632 368 749 365
day38/0059.jpg 555 307 608 313 668 313 722 311 601 408 675 412 579 308 694 311
day12/0332.jpg 447 312 508 322 582 320 657 322 491 442 595 443 483 316 619 321
day42/0034.jpg 561 359 621 375 695 377 761 381 591 495 700 503 590 364 720 375
day36/0280.jpg 550 245 595 242 654 237 704 225 594 336 678 320 575 245 678 225
day03/0267.jpg 533 387 611 388 695 385 770 383 592 534 702 536 569 387 729 379
day30/0031.jpg 512 398 566 400 624 393 666 390 558 498 641 492 537 397 647 391
day06/0108.jpg 494 340 558 345 631 344 708 343 550 475 638 475 530 340 674 339
day26/0159.jpg 617 285 662 282 723 279 777 275 652 380 745 372 639 283 747 273
day38/0401.jpg 555 275 591 276 643 275 688 279 584 361 647 358 578 275 661 279
day42/0010.jpg 529 381 587 383 656 377 718 376 567 495 659 487 559 382 690 376
day34/0058.jpg 625 335 670 337 728 341 777 336 658 427 740 437 649 339 752 334
day38/0088.jpg 528 287 582 290 639 292 699 293 566 391 647 394 553 288 673 285
day10/0022.jpg 524 304 587 305 667 304 728 299 582 435 675 431 551 300 691 295
day41/0349.jpg 504 295 560 303 636 301 703 303 545 424 645 421 530 299 666 304
day36/0120.jpg 666 314 712 317 764 309 809 308 704 399 782 401 691 312 787 310
day35/0097.jpg 561 275 628 279 692 279 754 282 598 396 697 395 590 277 721 282
day38/0238.jpg 464 297 518 304 579 300 639 296 506 412 588 412 492 301 608 294
day18/0275.jpg 488 332 533 339 602 338 654 346 517 437 604 446 515 334 629 342
day04/0196.jpg 604 304 667 312 750 302 815 300 655 441 762 433 639 307 783 297
day37/0104.jpg 576 356 626 360 701 358 771 353 614 483 713 484 598 356 733 350
day20/0022.jpg 561 447 614 445 668 435 724 428 610 541 703 532 590 443 696 430
day39/0114.jpg 577 333 639 329 710 328 777 329 625 449 720 453 611 325 743 328
day10/0054.jpg 650 359 714 358 786 354 852 347 694 475 797 475 683 358 815 352
day40/0019.jpg 556 447 611 453 670 450 726 454 586 555 687 560 583 445 701 452
day37/0130.jpg 545 360 603 362 665 358 723 350 603 470 689 468 581 358 699 350
day31/0223.jpg 581 373 636 376 702 374 755 370 616 487 702 483 608 372 729 370
day03/0339.jpg 581 405 645 408 730 406 808 397 628 550 747 550 620 404 781 400
day06/0244.jpg 599 421 656 417 723 408 787 401 650 535 729 529 625 419 741 407
day39/0171.jpg 584 405 644 404 716 408 772 409 628 514 724 520 611 407 741 407
day26/0165.jpg 643 237 699 242 755 246 804 257 679 346 769 350 674 243 786 254
day04/0242.jpg 600 326 656 332 746 325 818 324 639 458 755 454 629 329 779 322
day36/0357.jpg 644 270 694 270 743 269 781 269 682 355 762 355 672 266 765 264
day04/0230.jpg 606 325 669 334 754 325 826 315 642 457 779 456 639 327 779 315
day38/0235.jpg 461 298 516 300 579 299 639 295 509 408 583 405 485 297 610 294
day39/0132.jpg 586 441 651 441 724 436 788 437 637 571 744 568 621 441 752 436
day30/0057.jpg 470 408 523 405 579 396 635 396 515 502 600 492 496 407 613 395
day12/0123.jpg 475 296 537 298 604 292 656 288 528 428 619 408 500 294 626 283
day33/0125.jpg 672 291 729 295 786 291 848 283 708 397 800 388 707 291 815 283
day20/0020.jpg 572 440 629 445 705 441 762 440 618 561 721 563 606 441 733 440
day37/0038.jpg 525 286 578 291 640 293 693 294 558 397 645 399 551 286 667 290
day37/0230.jpg 590 304 654 305 717 301 784 302 641 420 729 417 626 300 745 300
day06/0129.jpg 467 418 526 420 594 415 661 412 512 539 597 533 498 418 626 412
day38/0289.jpg 597 333 643 332 691 330 737 326 630 422 700 416 623 332 711 326
day11/0072.jpg 538 329 586 329 648 328 713 328 580 435 666 436 566 329 687 325
day04/0175.jpg 616 312 689 316 783 317 858 313 667 452 801 451 658 315 820 314
day40/0058.jpg 536 325 602 325 669 324 730 324 570 434 689 438 571 317 702 328
day38/0526.jpg 497 245 546 250 607 255 661 258 525 352 601 354 515 246 629 255
day35/0134.jpg 562 262 617 266 696 262 762 259 604 383 701 385 587 262 725 259
day25/0217.jpg 629 276 674 274 732 270 766 267 668 358 739 358 654 275 751 269
day38/0033.jpg 569 274 619 275 683 274 744 272 608 383 700 379 594 276 712 273
day28/0089.jpg 660 388 710 391 768 388 815 386 712 483 783 475 685 392 793 383
day03/0024.jpg 475 398 559 397 649 387 721 383 541 548 674 544 520 395 691 384
day12/0073.jpg 516 391 575 394 631 393 691 394 553 503 641 503 549 391 665 392
day27/0338.jpg 539 316 608 311 676 306 747 308 595 440 692 443 575 312 704 301
day03/0031.jpg 473 398 557 403 644 396 736 392 534 562 669 551 510 400 680 393
day14/0106.jpg 554 302 608 304 674 297 730 300 600 413 687 413 585 303 700 297
day18/0017.jpg 540 341 602 346 662 338 723 333 587 453 678 450 570 341 691 335
day03/0302.jpg 597 416 675 424 766 421 838 425 651 583 776 574 642 416 804 420
day12/0403.jpg 480 316 537 316 603 312 659 304 525 430 610 429 508 315 636 309
day39/0164.jpg 593 389 645 392 715 400 779 404 631 512 729 509 623 391 745 398
day01/0005.jpg 619 449 671 450 734 452 791 446 665 552 745 547 644 450 759 443
day35/0091.jpg 566 262 626 266 689 272 759 275 605 382 701 389 601 262 729 270
day28/0014.jpg 583 354 631 359 690 354 732 348 624 455 704 450 603 356 712 347
day25/0256.jpg 506 284 556 294 610 295 661 293 537 383 612 389 533 287 637 289
day31/0007.jpg 566 351 622 350 677 346 721 348 616 440 687 435 592 350 701 342
day27/0060.jpg 558 414 612 416 666 418 719 424 601 508 674 508 585 417 687 417
day40/0083.jpg 567 383 643 383 719 373 796 366 624 519 750 513 600 381 753 368
day03/0335.jpg 574 395 639 398 722 396 805 393 622 545 739 539 614 398 765 392
day31/0046.jpg 626 395 670 393 717 388 758 387 666 470 730 463 650 392 737 386
day31/0200.jpg 581 262 628 260 679 263 717 262 613 348 686 343 605 263 698 258
day38/0025.jpg 560 274 609 273 675 271 728 267 595 379 681 384 583 270 695 262
day38/0439.jpg 574 357 616 370 669 380 708 384 592 451 659 468 595 360 692 379
day12/0084.jpg 529 403 588 404 654 399 717 393 578 517 662 515 555 400 679 395
day28/0168.jpg 602 397 644 391 700 385 743 379 645 481 720 470 625 393 721 380
day27/0113.jpg 655 423 699 420 754 417 799 412 707 514 778 500 680 420 775 413
day18/0121.jpg 543 355 592 356 658 354 712 349 582 461 658 454 575 357 689 350
day42/0447.jpg 505 208 550 216 610 220 660 223 526 308 599 320 529 209 635 221
day30/0095.jpg 558 416 607 408 664 394 716 382 614 504 690 491 583 410 687 383
day02/0037.jpg 529 373 600 374 679 367 748 362 592 508 695 500 572 370 713 356
day37/0226.jpg 594 302 654 304 725 294 778 293 636 412 732 415 619 298 746 293
day38/0018.jpg 554 286 601 285 650 284 702 284 589 382 669 374 576 287 680 283
day10/0036.jpg 528 317 596 322 676 321 746 314 585 454 675 452 566 317 715 313
day09/0124.jpg 525 373 589 375 671 370 740 364 574 507 684 500 556 380 691 369
day43/0059.jpg 582 254 634 258 704 254 762 250 625 362 712 364 611 254 733 249
day25/0324.jpg 605 226 654 225 699 221 741 222 650 309 720 308 633 224 721 218
day20/0032.jpg 592 453 641 455 703 448 749 446 642 556 717 548 619 451 727 444
day34/0130.jpg 568 340 615 344 672 342 712 340 601 432 675 428 592 342 691 340
day36/0244.jpg 600 283 648 282 705 280 757 280 642 378 719 377 626 279 733 278
day36/0231.jpg 593 294 640 295 697 292 747 291 633 389 711 384 620 295 724 294
day03/0385.jpg 476 396 536 389 620 388 687 385 528 526 639 527 505 392 649 381
day20/0117.jpg 552 392 620 398 694 396 767 391 595 528 700 528 592 393 738 392
day10/0055.jpg 654 350 713 355 786 356 854 352 700 479 804 474 691 352 824 352
day36/0245.jpg 596 282 644 285 707 285 756 286 632 382 726 377 620 285 734 284
day03/0164.jpg 518 354 585 354 666 347 743 348 576 488 692 485 556 351 708 345
day34/0055.jpg 627 338 672 343 727 339 775 336 664 428 733 429 650 340 751 336
day12/0060.jpg 472 385 520 387 585 382 643 380 508 493 590 487 495 384 614 380
day20/0061.jpg 650 380 720 381 799 372 861 368 712 504 822 498 688 376 829 366
day04/0021.jpg 566 380 622 384 706 375 756 381 620 496 715 496 597 378 732 379
day36/0182.jpg 588 285 636 285 698 281 745 280 620 377 704 378 612 286 720 282
day09/0164.jpg 602 411 669 408 752 402 814 396 660 540 767 536 640 412 780 400
day06/0006.jpg 498 355 554 363 616 355 672 352 536 464 627 460 524 357 640 355
day25/0071.jpg 673 316 715 314 760 308 809 301 710 397 779 386 693 320 781 305
day42/0441.jpg 497 210 546 214 606 220 654 223 528 309 603 317 521 213 628 219
day25/0241.jpg 487 280 538 282 590 280 640 282 519 377 600 379 511 279 614 282
day39/0106.jpg 578 324 638 329 709 320 769 321 622 442 716 442 606 322 738 319
day38/0170.jpg 567 260 619 257 683 260 739 266 606 364 704 357 592 256 714 260
day41/0146.jpg 631 264 688 262 748 264 809 260 672 377 766 373 660 261 780 260
day33/0338.jpg 511 364 562 362 628 356 684 351 547 466 648 463 538 360 656 352
day38/0492.jpg 452 333 498 336 544 334 585 333 487 414 546 412 472 335 565 333
day12/0329.jpg 456 315 520 323 588 320 653 320 493 436 594 437 487 320 620 319
day40/0086.jpg 572 381 643 380 721 376 812 364 626 521 755 511 611 380 771 371
day41/0279.jpg 520 320 576 324 647 325 711 320 573 432 664 439 552 320 682 317
day26/0071.jpg 599 306 650 308 711 306 770 308 639 405 728 406 625 305 740 304
day35/0057.jpg 620 284 668 282 731 284 780 282 661 377 745 382 642 284 760 279
day29/0134.jpg 502 320 547 324 615 330 666 329 526 424 626 432 526 322 637 329
day20/0016.jpg 580 436 640 439 708 434 768 428 628 551 731 554 616 437 737 430
day31/0137.jpg 476 280 536 281 621 278 690 272 529 420 648 417 504 280 654 273
day12/0441.jpg 483 281 543 284 613 274 675 280 524 404 624 395 513 282 640 275
day40/0044.jpg 526 321 588 318 656 319 714 319 556 427 672 428 562 317 684 320
day38/0442.jpg 483 324 520 327 577 324 620 328 512 408 575 408 498 325 596 328
day33/0337.jpg 521 357 576 359 639 355 703 348 563 465 654 460 547 352 669 350
day03/0312.jpg 573 407 643 416 723 417 788 418 620 552 721 548 612 412 756 418
day33/0082.jpg 619 355 668 355 723 351 776 350 662 447 743 441 647 353 752 352
day06/0145.jpg 476 420 543 424 617 418 675 415 524 545 634 545 515 419 650 412
day41/0347.jpg 504 294 567 303 636 300 701 300 543 424 644 423 539 297 669 295
day27/0004.jpg 587 268 640 264 698 260 745 257 625 361 716 349 612 266 719 255
day37/0042.jpg 509 260 564 266 632 260 687 258 552 375 643 367 538 263 658 258
day06/0209.jpg 555 384 616 386 690 381 761 376 607 514 698 512 579 384 723 378
day03/0255.jpg 492 392 560 397 645 395 718 388 540 542 656 525 524 394 680 385
day19/0087.jpg 461 253 516 257 576 261 638 260 497 369 583 371 492 258 605 260
day34/0139.jpg 566 347 612 346 659 345 708 342 600 432 671 433 587 343 683 340
day33/0061.jpg 640 369 684 368 739 361 784 360 676 450 761 443 664 368 756 360
day31/0233.jpg 599 382 654 389 722 388 776 384 637 502 729 500 620 383 737 384
day02/0005.jpg 530 362 591 371 663 368 725 362 568 488 684 484 559 367 698 360
day44/0204.jpg 518 350 597 359 673 355 749 345 572 496 689 490 560 352 708 347
day38/0065.jpg 528 308 584 312 642 310 700 307 567 417 662 411 557 312 675 305
day12/0135.jpg 468 299 529 295 599 292 662 286 528 422 631 408 501 296 636 285
day05/0004.jpg 596 394 647 396 712 395 768 399 629 497 720 493 624 392 740 394
day03/0469.jpg 500 307 570 312 657 312 740 307 562 463 677 456 532 312 691 305
day27/0277.jpg 622 417 670 416 720 413 768 413 668 510 743 504 647 416 744 409
day12/0051.jpg 472 354 544 365 631 357 704 353 528 501 640 496 512 355 663 354
day38/0186.jpg 585 293 640 299 699 301 751 302 621 393 706 399 615 295 724 300
day26/0067.jpg 602 302 652 305 722 306 782 307 642 407 737 407 627 304 741 305
day06/0268.jpg 559 401 612 405 689 402 748 399 598 522 698 520 583 400 713 396
day12/0433.jpg 470 323 528 325 598 320 654 321 512 437 608 432 497 324 622 320
day26/0049.jpg 668 385 716 383 769 382 815 381 708 473 781 467 694 383 790 377
day29/0037.jpg 592 231 639 225 704 220 745 212 639 325 716 308 614 229 716 219
day12/0331.jpg 448 318 510 329 582 329 653 329 487 447 596 447 479 322 613 328
day41/0171.jpg 526 240 578 241 643 245 702 248 566 347 656 346 552 241 672 248
day38/0348.jpg 582 306 632 306 686 302 732 304 623 395 688 393 607 302 711 300
day04/0100.jpg 624 312 693 323 769 321 850 317 671 454 782 463 658 316 811 317
day38/0082.jpg 527 275 576 277 638 276 698 279 567 380 646 376 545 277 666 274
day07/0041.jpg 503 327 572 331 646 325 712 320 557 458 647 455 533 327 675 321
day27/0083.jpg 611 382 661 387 720 385 765 389 646 475 733 477 635 383 735 384
day40/0118.jpg 495 407 567 412 653 413 733 408 537 551 666 557 537 409 698 408
day28/0250.jpg 607 309 661 310 722 310 763 308 654 405 738 400 634 312 742 307
day29/0138.jpg 494 335 550 342 603 342 662 341 523 437 616 436 525 335 637 340
day09/0154.jpg 579 398 641 400 713 391 783 388 634 525 721 515 606 399 743 390
day29/0113.jpg 542 406 587 411 641 404 693 399 579 495 650 495 565 406 666 400
day35/0103.jpg 541 340 608 340 688 337 752 331 589 470 705 470 572 340 708 336
day31/0083.jpg 657 341 701 340 756 337 795 332 700 422 772 420 679 338 779 334
day11/0063.jpg 541 324 595 331 658 327 718 325 579 436 666 432 566 325 683 320
day42/0074.jpg 517 318 576 319 639 321 700 321 548 429 640 433 551 316 668 320
day12/0165.jpg 456 292 508 299 577 299 636 297 496 412 576 412 481 292 605 295
day16/0064.jpg 568 304 620 310 681 303 744 296 612 418 697 408 595 308 716 299
day14/0034.jpg 570 324 616 325 675 317 727 315 608 428 691 422 588 324 706 316
day27/0047.jpg 554 416 607 416 664 414 708 411 602 515 679 505 582 416 682 412
day06/0309.jpg 523 464 579 461 645 445 704 437 581 569 664 560 550 459 670 441
day25/0048.jpg 665 303 714 304 763 298 805 292 704 387 779 379 691 304 783 295
day23/0008.jpg 550 361 604 360 676 364 733 361 595 478 677 475 573 358 703 359
day38/0265.jpg 558 252 615 258 675 262 737 266 590 363 677 366 588 254 704 262
day37/0032.jpg 506 283 562 289 620 287 675 285 544 389 628 394 533 289 649 288
day04/0308.jpg 472 279 536 281 619 277 694 272 519 417 624 408 511 276 658 270
day39/0170.jpg 587 400 642 403 703 403 764 405 625 519 712 514 610 404 734 400
day36/0048.jpg 594 282 644 284 704 278 757 277 636 379 718 375 622 279 729 274
day33/0275.jpg 563 253 614 258 692 256 758 256 607 373 700 377 587 252 725 258
day38/0383.jpg 579 318 626 321 670 322 712 324 604 404 676 409 598 318 691 323
day41/0226.jpg 640 311 684 310 739 304 777 300 683 400 762 387 666 312 758 303
day09/0152.jpg 579 400 640 398 712 395 773 388 632 523 737 522 609 398 740 391
day30/0114.jpg 535 353 586 357 651 352 717 358 570 466 658 452 562 351 682 351
day20/0111.jpg 562 387 629 385 700 383 773 381 606 515 713 513 597 383 740 379
day17/0179.jpg 641 304 696 303 761 300 814 295 684 425 777 416 663 302 787 297
day12/0279.jpg 451 324 514 325 583 319 647 312 506 441 592 439 482 321 617 313
day03/0134.jpg 529 386 600 390 687 380 760 381 585 531 700 518 562 389 720 379
day10/0075.jpg 553 329 619 336 708 335 775 331 596 474 710 473 582 333 733 333
day31/0126.jpg 487 285 555 290 634 281 714 275 536 428 652 418 529 286 679 279
day32/0018.jpg 595 229 654 231 718 229 775 225 638 339 730 333 626 229 746 226
day38/0191.jpg 534 310 583 309 645 304 699 300 571 405 663 397 560 306 671 300
day03/0012.jpg 516 365 589 372 673 370 743 369 565 508 681 504 548 366 704 364
day34/0085.jpg 610 287 661 288 718 292 765 297 636 388 716 388 637 292 746 296
day38/0497.jpg 450 331 486 339 541 334 582 337 478 418 545 409 471 336 557 335
day12/0160.jpg 460 293 515 291 584 291 641 292 500 400 583 403 488 293 619 291
day11/0103.jpg 507 339 559 340 624 337 687 335 547 452 645 447 534 341 654 334
day34/0073.jpg 515 286 564 291 621 288 671 289 547 382 630 383 541 287 645 287
day41/0175.jpg 512 250 569 250 629 252 686 250 554 357 643 350 539 253 659 249
day38/0122.jpg 616 320 654 317 708 312 753 305 650 405 730 395 633 320 729 307
day30/0183.jpg 540 266 588 269 651 262 704 260 585 363 660 358 566 267 674 262
day27/0177.jpg 623 390 673 388 725 387 769 387 666 477 744 471 650 388 745 385
day42/0356.jpg 520 204 572 204 640 204 687 200 554 310 647 304 551 206 662 201
day06/0282.jpg 581 405 642 404 716 396 790 385 641 533 743 528 609 404 750 387
day37/0210.jpg 625 311 677 310 752 310 814 308 665 420 756 420 656 308 781 307
day39/0181.jpg 541 395 601 396 673 392 733 386 592 515 682 504 574 395 693 385
day02/0067.jpg 554 358 616 353 688 345 759 340 608 478 716 471 589 354 728 340
day12/0448.jpg 478 299 537 301 607 292 666 291 527 420 616 416 504 296 637 291
day38/0260.jpg 651 321 691 322 744 317 789 316 690 404 754 396 670 320 762 310
day12/0435.jpg 471 322 533 327 596 320 665 318 520 442 612 437 507 326 625 320
day27/0037.jpg 557 357 612 358 666 361 710 359 606 455 690 454 585 356 692 357
day37/0127.jpg 558 359 610 356 678 351 731 344 602 462 700 459 587 358 706 345
day30/0223.jpg 512 355 575 353 641 348 695 349 563 453 654 447 547 356 668 348
day36/0286.jpg 587 243 630 243 685 243 741 241 625 338 704 333 604 242 714 237
day04/0195.jpg 602 300 670 306 741 299 819 290 661 433 765 423 638 300 783 291
day44/0088.jpg 511 354 574 356 662 356 737 349 565 491 676 483 549 355 705 352
day31/0087.jpg 650 341 696 337 750 333 791 329 695 420 762 415 676 341 774 328
day35/0126.jpg 544 262 607 266 683 262 746 260 591 387 693 387 579 262 712 259
day11/0054.jpg 520 319 571 318 629 317 686 312 551 420 637 413 547 316 658 317
day42/0019.jpg 565 374 622 383 689 388 749 391 600 493 691 502 593 377 720 385
day28/0088.jpg 665 390 717 391 770 386 816 383 703 480 795 477 689 386 793 381
day06/0180.jpg 450 388 512 388 583 391 652 391 493 518 591 514 485 386 616 388
day37/0161.jpg 564 358 616 357 687 348 754 346 603 477 708 468 587 354 717 345
day13/0010.jpg 517 310 570 316 630 318 685 313 561 423 646 421 542 315 659 313
day38/0355.jpg 585 312 633 312 690 309 736 304 625 402 694 398 616 309 712 310
day05/0074.jpg 550 322 607 325 664 329 722 339 574 420 675 425 579 318 696 332
day18/0280.jpg 486 335 537 339 600 340 656 343 520 437 598 441 513 336 627 342
day36/0089.jpg 537 254 601 258 661 252 720 250 584 368 671 361 569 248 691 247
day18/0133.jpg 474 357 524 373 585 382 638 383 492 475 578 486 502 362 614 379
day03/0273.jpg 534 373 608 377 691 367 763 371 582 519 704 513 575 375 732 371
day12/0074.jpg 515 390 574 394 630 394 691 394 554 506 637 504 545 389 665 392
day28/0297.jpg 638 314 695 318 749 320 791 315 679 409 767 412 671 313 770 316
day37/0263.jpg 576 308 635 304 701 300 767 295 627 422 718 409 604 305 734 296
day28/0045.jpg 625 450 676 451 721 445 763 445 670 531 743 529 646 449 737 443
day06/0134.jpg 470 411 525 409 590 403 659 403 511 522 607 516 494 406 621 403
day05/0067.jpg 549 328 603 336 667 343 720 345 583 436 676 439 574 330 691 338
day30/0193.jpg 541 270 591 270 645 266 700 263 583 370 662 354 564 266 670 262
day37/0154.jpg 599 390 655 398 745 385 812 382 654 528 759 516 630 395 778 386
day39/0109.jpg 574 325 640 323 706 324 770 320 623 441 718 437 611 322 737 316
day38/0295.jpg 597 335 638 333 691 331 728 329 629 416 701 417 616 330 710 328
day06/0093.jpg 520 354 580 354 652 346 730 339 579 479 672 474 547 352 687 340
day32/0025.jpg 566 290 621 295 669 296 720 302 599 389 677 393 598 291 695 300
day25/0254.jpg 500 290 550 298 605 295 654 299 525 387 607 389 523 293 633 296
day39/0153.jpg 582 366 636 366 703 361 758 363 616 475 725 475 610 366 733 362
day09/0013.jpg 524 261 585 261 650 257 704 250 572 370 667 367 555 258 675 250
day28/0105.jpg 672 358 727 357 782 354 841 354 708 454 796 450 702 355 814 355
day38/0052.jpg 554 307 607 308 661 307 713 305 587 400 675 396 579 303 684 302
day09/0409.jpg 562 437 629 440 708 433 772 428 617 569 718 566 600 436 738 429
day07/0031.jpg 511 367 573 370 650 358 712 354 561 495 662 487 537 365 672 354
day33/0191.jpg 595 328 654 333 708 330 757 329 633 434 712 429 624 328 735 326
day06/0256.jpg 611 415 668 417 728 411 789 408 656 532 750 526 637 416 761 404
day38/0444.jpg 476 325 516 326 570 325 612 328 506 411 585 409 500 325 593 325
day43/0018.jpg 515 248 562 245 637 238 689 233 558 353 652 345 538 243 654 233
day39/0086.jpg 604 420 654 415 725 411 779 408 641 532 738 528 630 416 755 406
day36/0152.jpg 653 283 708 286 783 284 836 282 692 398 787 400 675 282 809 281
day18/0127.jpg 536 354 588 357 654 354 712 352 576 462 662 459 561 354 682 350
day30/0063.jpg 475 384 529 387 599 381 652 380 518 485 605 484 504 383 623 380
day42/0268.jpg 522 204 574 210 636 208 687 207 566 304 650 312 550 204 659 204
day38/0054.jpg 556 308 609 311 670 308 712 308 588 402 676 402 580 307 688 305
day38/0053.jpg 552 300 609 309 662 306 717 305 589 404 672 405 580 300 691 302
day03/0410.jpg 508 432 576 430 662 428 729 419 560 572 679 562 545 426 697 420
day37/0264.jpg 573 308 633 305 697 297 766 295 625 417 716 414 601 307 730 295
day41/0208.jpg 623 268 682 271 745 275 795 272 664 378 747 377 652 269 770 274
day34/0061.jpg 525 277 570 278 628 278 678 279 560 370 634 372 550 277 650 276
day26/0086.jpg 620 288 683 281 755 274 811 267 683 401 779 388 658 282 787 269
day33/0008.jpg 569 288 616 291 683 295 738 295 607 395 686 391 591 289 704 291
day03/0211.jpg 525 357 607 368 688 364 769 360 580 512 701 511 573 360 734 359
day39/0107.jpg 580 330 639 331 709 325 768 325 616 443 715 447 607 326 742 325
day07/0007.jpg 525 354 584 355 663 348 727 344 575 479 679 470 566 354 700 345
day38/0175.jpg 491 304 542 304 611 303 665 302 528 410 632 414 514 300 633 303
day38/0501.jpg 527 241 569 249 632 255 682 258 564 345 633 350 550 245 654 251
day33/0066.jpg 639 371 687 375 737 366 783 364 677 454 750 450 662 372 758 363
day25/0473.jpg 666 227 716 224 766 222 808 219 710 312 792 303 689 224 785 217
day03/0371.jpg 550 431 622 441 706 436 779 435 598 567 717 571 588 433 741 428
day32/0027.jpg 563 288 613 295 666 300 715 305 589 391 670 400 586 294 687 299
day37/0098.jpg 588 416 638 415 698 409 749 405 630 525 716 506 617 416 725 401
day30/0159.jpg 557 236 605 236 672 228 727 222 595 338 683 330 582 234 701 225
day04/0234.jpg 593 313 652 311 735 300 803 295 647 447 748 425 628 312 771 292
day28/0074.jpg 635 358 688 358 757 348 809 346 687 463 770 458 664 356 784 345
day38/0091.jpg 537 295 595 300 655 299 710 292 578 396 661 400 568 294 677 294
day18/0284.jpg 484 333 533 337 600 343 650 345 516 440 597 441 511 337 623 345
day14/0001.jpg 552 275 609 276 670 269 721 267 600 383 674 376 583 272 699 266
day38/0425.jpg 557 350 604 355 643 359 692 365 575 443 645 450 579 354 665 362
day33/0291.jpg 466 349 522 356 579 354 637 350 501 466 594 463 491 352 608 349
day33/0132.jpg 679 300 729 296 795 295 852 291 716 401 804 396 708 296 820 292
day37/0068.jpg 554 321 601 326 655 321 708 320 596 415 676 415 581 324 682 320
day06/0088.jpg 524 348 588 348 659 344 740 335 579 475 677 468 558 340 697 338
day12/0137.jpg 464 308 535 305 604 298 666 293 523 431 620 420 500 308 637 294
day38/0096.jpg 538 292 591 296 649 296 709 295 575 400 659 401 564 294 679 296
day31/0193.jpg 580 258 628 263 680 259 719 259 622 347 689 341 608 261 702 258
day13/0078.jpg 443 327 500 334 570 327 629 324 490 447 574 441 476 332 594 322
day11/0135.jpg 450 346 503 344 571 344 627 340 494 458 580 448 482 344 600 339
day03/0263.jpg 542 376 616 383 696 380 775 371 589 533 714 525 576 379 736 371
day03/0248.jpg 488 387 559 393 647 389 719 383 544 536 658 521 526 388 684 383
day14/0088.jpg 564 292 614 292 687 292 744 285 608 405 693 399 588 290 715 286
day38/0117.jpg 515 324 559 324 615 322 655 318 546 410 621 407 540 323 630 317
day36/0313.jpg 663 303 711 304 759 310 800 317 698 394 764 396 686 302 782 311
day31/0145.jpg 579 337 624 332 678 324 727 320 625 420 696 408 605 334 703 318
day43/0010.jpg 520 252 572 252 639 244 696 244 560 355 662 344 549 248 670 244
day42/0047.jpg 597 412 650 414 709 410 764 409 643 511 724 516 629 411 737 408
day10/0034.jpg 531 317 596 321 671 323 737 316 584 454 679 449 571 318 712 313
day28/0024.jpg 640 412 685 412 740 408 784 408 685 501 754 494 664 412 757 408
day36/0079.jpg 601 267 658 269 728 265 786 257 642 366 751 369 629 262 751 260
day20/0067.jpg 640 409 710 409 786 404 848 400 696 543 812 533 676 409 816 402
day34/0049.jpg 636 334 683 334 733 335 782 332 668 427 749 423 660 331 763 332
day30/0081.jpg 545 396 596 388 652 379 705 372 590 485 680 471 572 396 673 376
day33/0009.jpg 567 292 620 296 681 295 731 295 608 395 690 392 594 293 706 295
day18/0024.jpg 507 352 558 360 624 359 684 355 540 468 636 468 536 352 656 356
day11/0150.jpg 510 350 572 352 628 345 696 344 554 467 642 465 544 345 668 344
day10/0111.jpg 606 379 665 380 745 377 814 371 658 511 767 512 636 378 774 371
day03/0228.jpg 537 373 606 374 691 376 769 371 592 515 700 514 575 370 727 371
day41/0173.jpg 511 244 566 248 625 245 686 241 556 352 640 349 539 240 648 239
day18/0195.jpg 452 264 518 269 588 265 651 262 498 387 600 385 488 264 620 257
day28/0044.jpg 624 448 674 448 721 444 763 444 668 532 739 523 652 448 742 444
day38/0404.jpg 543 285 583 290 634 287 673 285 575 364 636 364 561 288 653 288
day09/0310.jpg 513 405 570 410 644 402 712 400 557 531 664 528 542 406 669 398
day41/0223.jpg 652 313 696 314 744 312 792 303 682 396 763 388 676 314 768 308
day01/0045.jpg 524 261 585 253 656 247 721 250 579 367 674 357 556 250 683 246
day25/0032.jpg 653 285 703 289 756 289 805 295 688 381 769 381 680 285 784 290
day03/0169.jpg 520 360 590 360 666 358 744 355 568 499 686 493 552 360 695 352
day20/0077.jpg 642 423 712 424 784 417 848 414 697 558 815 553 671 427 804 412
day04/0162.jpg 611 313 685 320 770 314 853 313 656 452 800 446 644 316 814 313
day39/0206.jpg 580 436 635 443 700 435 750 436 632 546 716 552 608 431 721 434
day26/0061.jpg 586 302 643 308 708 307 758 303 630 415 721 408 618 305 736 300
day05/0006.jpg 593 400 648 400 712 399 764 400 625 505 719 503 626 397 739 401
day33/0342.jpg 515 375 567 372 629 372 692 367 554 479 652 476 542 372 663 365
day16/0063.jpg 568 301 620 305 680 296 740 292 618 418 701 408 595 302 716 292
day12/0076.jpg 511 394 564 396 633 392 688 396 552 510 644 509 536 392 655 393
day25/0310.jpg 549 204 597 204 648 206 701 207 586 292 656 291 572 201 673 203
day38/0323.jpg 474 266 533 278 601 279 648 271 525 384 595 379 504 274 631 272
day27/0265.jpg 601 420 647 417 705 414 751 414 644 514 729 507 623 420 729 414
day14/0052.jpg 514 275 565 275 640 271 697 265 570 390 660 390 538 275 669 265
day25/0151.jpg 507 246 565 252 622 247 676 251 553 352 629 348 538 252 651 248
day04/0407.jpg 501 345 563 355 626 347 690 348 553 469 645 471 528 346 651 345
day04/0112.jpg 563 303 635 315 710 308 788 307 608 444 738 448 600 308 748 305
day37/0048.jpg 501 269 559 269 623 260 688 261 547 373 645 370 536 266 657 257
day03/0074.jpg 463 320 539 330 633 329 701 327 505 467 642 471 501 321 659 326
day27/0360.jpg 578 211 641 213 717 211 786 217 634 336 729 339 610 211 745 211
day16/0044.jpg 495 275 570 279 659 279 748 277 555 433 669 439 533 277 695 277
day03/0007.jpg 507 360 582 365 663 365 738 357 553 502 682 502 538 363 696 360
day06/0042.jpg 525 342 578 345 651 344 709 345 571 459 657 463 553 342 679 341
day03/0313.jpg 547 416 627 420 709 425 782 429 597 570 713 572 584 420 751 425
day36/0020.jpg 457 320 521 325 590 326 657 321 504 438 601 442 491 323 619 321
day25/0019.jpg 551 284 602 288 653 283 710 278 598 384 680 377 576 284 678 277
day38/0190.jpg 527 317 578 316 630 317 686 313 560 415 651 410 548 315 660 308
day25/0367.jpg 647 161 697 157 748 144 795 139 689 245 763 229 673 153 775 141
day03/0173.jpg 519 364 592 366 664 364 750 360 573 501 680 497 553 364 707 365
day33/0313.jpg 573 373 617 377 669 372 721 369 607 465 691 459 600 373 698 366
day03/0421.jpg 573 407 640 407 725 409 796 410 622 548 728 553 609 402 761 408
day39/0016.jpg 616 382 673 388 730 382 790 382 648 491 753 485 650 376 754 377
day19/0240.jpg 577 195 639 200 705 196 759 195 609 305 715 305 609 192 726 195
day10/0042.jpg 665 350 721 350 791 350 858 346 695 466 814 464 691 347 821 340
day24/0244.jpg 523 272 594 279 672 273 745 273 579 411 682 413 560 275 708 275
day25/0387.jpg 651 178 701 175 751 164 795 161 697 263 767 257 675 177 765 161
day13/0004.jpg 497 286 544 290 610 288 665 289 533 395 622 394 523 286 644 286
day03/0204.jpg 516 350 600 357 683 358 757 354 567 504 688 495 570 353 727 359
day31/0099.jpg 657 344 700 342 748 340 794 339 696 428 769 415 677 342 771 338
day04/0313.jpg 469 289 541 289 616 285 689 282 516 422 629 420 498 290 653 280
day04/0300.jpg 460 320 526 330 602 323 675 320 508 452 611 455 494 320 633 320
day03/0250.jpg 489 396 560 396 645 389 717 388 546 533 661 528 526 395 679 388
day36/0177.jpg 620 330 671 329 727 323 778 315 667 425 748 411 647 328 753 316
day16/0065.jpg 564 314 615 314 677 303 741 304 615 423 689 413 588 314 702 301
day39/0222.jpg 611 380 672 382 740 378 794 380 654 495 758 492 650 382 765 376
day36/0148.jpg 677 284 735 282 797 284 864 285 713 397 814 397 704 282 830 278
day34/0090.jpg 584 294 638 301 689 296 746 292 617 392 702 394 608 297 714 294
day02/0016.jpg 530 380 590 385 666 379 733 377 573 503 683 501 559 377 696 372
day11/0091.jpg 542 355 597 358 659 353 719 352 588 458 671 453 566 352 685 352
day18/0209.jpg 435 276 501 283 570 275 633 266 488 401 586 389 472 276 610 266
day35/0114.jpg 540 342 611 341 691 340 763 337 596 472 703 470 583 342 727 337
day43/0099.jpg 565 317 617 322 674 314 731 321 595 417 687 414 595 318 703 317
day16/0007.jpg 489 275 561 286 630 282 704 288 518 425 643 421 528 278 669 286
day34/0100.jpg 588 310 628 311 690 311 741 311 613 415 696 409 610 309 715 309
day28/0194.jpg 586 383 649 384 712 376 771 371 630 495 725 492 627 380 743 376
day13/0069.jpg 450 319 508 315 576 313 643 314 504 433 588 434 487 318 616 313
day12/0487.jpg 486 305 537 304 609 308 668 305 531 420 622 423 512 305 635 304
day08/0020.jpg 534 264 600 258 672 242 732 225 609 371 695 360 568 256 704 235
day18/0198.jpg 444 269 502 269 580 267 647 265 496 391 589 388 477 272 612 263
day28/0180.jpg 594 396 636 396 693 390 736 384 637 485 708 477 612 396 711 384
day28/0306.jpg 605 291 655 290 709 289 756 292 647 384 730 384 630 287 732 293
day12/0282.jpg 456 326 511 330 577 322 636 318 494 444 593 440 478 324 599 315
day19/0331.jpg 560 282 620 283 690 284 753 288 604 404 712 400 596 281 724 284
day08/0084.jpg 560 272 632 280 708 268 777 264 612 411 720 412 598 274 744 264
day35/0139.jpg 561 267 622 272 694 268 758 269 608 392 710 392 599 267 731 267
day37/0050.jpg 497 278 553 272 619 270 684 268 554 377 636 366 526 272 646 270
day35/0069.jpg 628 298 686 300 758 295 805 296 672 408 760 411 660 300 783 295
day38/0118.jpg 495 324 533 329 584 328 631 324 520 411 588 410 510 324 602 324
day27/0102.jpg 643 426 686 425 734 415 784 410 688 505 766 496 659 422 762 412
day26/0101.jpg 590 232 651 235 727 228 792 230 646 353 740 353 620 234 750 229
day41/0071.jpg 525 244 591 248 665 240 732 232 584 370 683 366 557 247 700 234
day35/0039.jpg 596 340 647 340 699 335 753 326 645 434 718 425 622 340 728 330
day04/0182.jpg 600 296 676 304 759 300 830 297 661 433 767 432 640 296 792 292
day42/0423.jpg 515 226 568 229 638 235 700 234 552 341 652 344 544 223 669 232
day18/0069.jpg 589 367 647 369 709 364 765 362 632 474 712 473 620 360 736 360
day41/0096.jpg 568 224 621 232 693 229 755 226 606 343 704 343 594 229 720 221
day10/0141.jpg 561 363 620 363 691 362 748 361 604 477 686 479 588 364 720 361
day25/0476.jpg 668 226 714 225 767 222 808 220 713 316 774 302 688 224 788 223
day38/0134.jpg 628 334 673 332 723 326 762 322 668 419 740 406 647 332 741 324
day12/0158.jpg 494 328 549 337 610 332 665 326 536 444 618 440 522 335 637 330
day31/0102.jpg 512 269 561 269 633 259 685 252 567 381 648 370 542 268 656 254
day06/0318.jpg 512 444 564 440 632 431 688 420 569 542 644 538 536 440 656 424
day29/0042.jpg 584 212 632 213 682 204 737 196 627 307 712 294 604 211 708 198
day03/0412.jpg 512 438 581 444 653 436 731 427 557 571 669 565 550 439 698 433
day40/0027.jpg 528 432 600 441 674 436 740 432 586 577 686 569 564 438 707 430
day27/0174.jpg 617 390 671 390 723 386 766 384 667 481 734 472 644 391 741 385
day18/0083.jpg 449 248 504 254 579 254 643 255 488 374 583 382 476 249 612 256
day38/0422.jpg 575 331 619 342 665 340 716 348 592 420 665 434 598 336 692 346
day06/0273.jpg 556 410 624 414 687 409 750 405 605 532 700 528 590 410 717 403
day30/0035.jpg 515 401 570 400 624 397 671 395 560 502 637 500 536 396 646 393
day28/0299.jpg 587 309 636 308 700 311 745 308 631 408 717 404 612 308 725 308
day10/0070.jpg 557 328 626 325 715 326 784 324 616 471 728 467 589 320 744 318
day30/0090.jpg 567 410 617 403 668 389 727 382 615 500 693 485 592 400 700 384
day25/0116.jpg 601 319 646 321 697 315 738 312 634 398 703 391 624 318 716 310
day18/0088.jpg 444 248 500 255 576 256 642 260 484 378 572 383 472 251 612 256
day03/0152.jpg 455 385 519 385 603 380 680 376 496 533 629 516 487 387 644 374
day06/0147.jpg 476 417 542 420 620 420 682 416 527 550 622 540 512 422 650 417
day25/0496.jpg 664 236 708 229 756 220 805 210 707 318 782 304 687 232 779 211
day18/0192.jpg 466 260 522 264 600 259 670 255 514 383 612 381 501 264 636 260
day34/0018.jpg 568 259 612 259 656 257 703 252 600 337 675 335 592 254 680 250
day26/0048.jpg 668 388 718 386 765 383 813 380 718 468 779 464 690 386 788 382
day41/0284.jpg 556 276 616 280 675 279 732 284 595 380 680 384 584 275 705 282
day27/0116.jpg 657 426 704 427 752 420 807 416 700 509 766 506 684 424 777 416
day19/0323.jpg 541 279 602 280 675 272 734 270 600 392 695 382 575 278 708 272
day04/0281.jpg 576 293 633 299 708 303 777 308 616 418 703 424 607 293 743 305
day27/0332.jpg 540 303 604 305 683 300 748 300 587 434 691 428 574 304 707 297
day27/0168.jpg 618 393 666 390 725 388 768 383 656 480 736 471 644 390 739 382
day43/0152.jpg 542 260 614 265 697 266 772 270 600 411 695 412 576 268 739 268
day36/0260.jpg 564 281 618 281 675 276 728 272 607 376 692 371 592 276 703 275
day43/0127.jpg 496 232 564 237 655 237 728 240 540 380 658 383 532 234 684 235
day33/0333.jpg 520 357 577 361 639 357 698 352 562 470 660 466 552 357 668 353
day03/0162.jpg 513 361 585 363 673 362 750 357 562 500 692 491 547 361 708 355
day18/0077.jpg 586 375 639 376 700 368 762 365 630 475 709 475 615 374 735 364
day30/0231.jpg 539 361 596 359 659 363 711 360 581 467 676 463 570 358 687 360
day24/0290.jpg 519 352 577 358 657 357 720 355 567 480 676 477 550 356 686 350
day06/0284.jpg 598 396 661 392 740 386 802 372 666 528 760 513 635 394 776 376
day06/0263.jpg 555 405 619 411 683 405 746 396 608 528 700 522 586 408 719 400
day44/0090.jpg 506 352 579 356 663 346 735 346 566 490 679 487 538 352 695 346
day12/0195.jpg 442 326 500 332 569 328 624 327 495 447 585 444 471 330 593 324
day39/0193.jpg 586 408 644 412 709 408 765 406 624 524 726 519 619 408 741 407
day12/0317.jpg 537 342 582 348 621 342 668 344 566 424 635 426 555 342 646 343
day38/0507.jpg 536 245 587 248 643 249 697 252 579 345 658 349 560 246 668 246
day03/0015.jpg 513 371 584 373 670 374 742 373 569 514 672 512 552 374 701 372
day42/0005.jpg 531 378 584 380 654 376 715 372 580 491 669 490 560 379 676 373
day43/0091.jpg 559 325 607 326 662 321 718 321 594 424 671 421 584 323 691 317
day28/0402.jpg 612 311 661 311 716 305 761 308 647 404 728 398 635 308 741 307
day06/0314.jpg 519 462 576 463 639 451 700 449 584 580 656 565 546 462 669 445
day01/0012.jpg 614 456 672 456 733 451 795 448 661 551 751 553 644 453 764 448
day33/0028.jpg 704 336 752 343 803 349 838 343 737 429 810 429 731 339 821 344
day18/0002.jpg 555 328 601 324 667 320 733 318 592 430 671 429 579 322 697 318
day41/0025.jpg 496 307 561 316 634 314 704 307 541 438 643 435 532 310 673 308
day26/0106.jpg 580 236 640 238 716 235 781 230 636 357 736 355 612 238 748 230
day41/0281.jpg 476 244 529 248 596 246 657 240 519 363 618 356 502 242 627 240
day04/0270.jpg 449 284 515 288 594 280 674 276 497 421 624 413 481 286 628 278
day12/0072.jpg 512 385 571 396 636 390 694 390 556 502 631 501 537 384 659 389
day27/0080.jpg 646 388 694 396 750 391 792 389 690 484 762 482 667 391 767 388
day20/0026.jpg 588 446 637 446 696 446 749 440 628 545 706 545 611 447 720 443
day08/0157.jpg 548 282 613 280 706 276 777 273 607 427 727 421 585 280 744 273
day25/0069.jpg 673 316 716 313 768 304 813 304 718 398 781 391 696 315 788 305
day05/0046.jpg 582 334 634 332 697 335 751 337 619 435 709 432 607 336 721 334
day20/0107.jpg 555 381 616 385 694 387 756 389 600 515 701 512 586 382 727 385
day39/0228.jpg 587 395 640 395 702 388 761 393 631 504 724 500 615 393 740 393
day18/0015.jpg 549 338 605 338 671 335 732 328 590 455 666 444 576 339 692 328
day31/0177.jpg 577 314 632 312 692 300 744 300 635 405 716 397 603 312 712 298
day04/0404.jpg 521 379 579 383 653 380 718 378 568 512 656 507 556 378 686 378
day12/0128.jpg 466 298 533 300 599 294 662 287 517 424 618 413 499 296 633 289
day04/0094.jpg 623 311 692 322 771 317 850 320 665 457 784 457 661 314 808 319
day27/0327.jpg 544 296 617 297 690 287 756 291 596 422 696 418 580 296 724 287
day39/0075.jpg 629 416 687 416 764 414 829 412 675 533 778 534 660 416 795 411
day12/0239.jpg 480 311 538 320 603 320 664 316 524 432 610 432 508 312 637 312
day37/0250.jpg 567 300 624 300 696 296 755 295 612 420 704 416 596 297 726 292
day39/0178.jpg 584 404 644 410 719 406 764 408 628 513 731 517 619 406 738 404
day38/0458.jpg 483 329 528 336 578 336 616 332 519 415 583 414 506 331 594 332
day06/0188.jpg 550 375 616 372 688 376 758 372 608 508 696 507 584 371 721 372
day25/0045.jpg 662 301 718 300 764 294 812 292 706 385 772 379 694 302 784 291
day07/0003.jpg 516 328 576 331 651 329 717 323 565 459 659 456 553 326 684 323
day42/0078.jpg 515 310 564 315 634 320 697 319 544 429 636 432 540 311 664 316
day39/0064.jpg 625 406 682 408 756 404 824 405 666 521 764 517 659 404 783 404
day43/0194.jpg 547 327 599 336 671 335 734 332 587 447 668 444 577 331 700 330
day41/0083.jpg 576 220 629 226 700 224 762 222 615 344 715 337 604 220 730 221
day06/0104.jpg 496 338 561 343 640 339 699 337 553 460 645 463 532 338 667 334
day25/0111.jpg 604 316 650 315 696 313 742 314 643 390 708 386 625 314 720 308
day19/0011.jpg 456 196 512 200 575 194 628 192 500 308 582 303 488 199 598 192
day27/0330.jpg 546 301 610 299 683 296 753 294 600 430 710 426 583 297 713 292
day18/0005.jpg 556 322 614 334 676 322 735 322 593 441 693 436 588 325 710 320
day18/0204.jpg 441 275 499 280 572 268 631 270 488 397 593 389 466 276 600 268
day03/0407.jpg 503 438 576 446 654 434 725 432 558 577 674 573 544 444 692 432
day25/0316.jpg 554 206 600 211 657 210 703 213 584 302 672 300 584 209 678 211
day09/0185.jpg 596 408 656 416 731 408 801 408 644 539 747 539 624 412 755 407
day34/0057.jpg 625 341 672 346 724 343 768 340 660 432 735 432 646 344 745 343
day33/0122.jpg 664 288 717 287 776 275 836 277 702 384 790 385 691 283 803 273
day30/0235.jpg 570 385 626 388 692 387 742 380 612 494 699 492 596 386 714 383
day28/0017.jpg 576 360 623 360 686 355 732 350 622 457 696 448 602 360 704 352
day03/0361.jpg 592 392 656 399 734 398 814 401 632 535 743 541 628 392 779 396
day43/0139.jpg 497 237 565 252 651 257 717 258 538 392 655 403 535 241 688 256
day33/0290.jpg 464 348 522 352 585 352 645 346 508 459 595 461 497 345 613 347
day28/0065.jpg 671 348 724 344 789 332 844 332 712 453 812 436 699 345 816 328
day42/0046.jpg 596 411 648 412 704 408 760 408 636 511 710 510 626 412 735 411
day36/0299.jpg 602 242 650 240 709 237 763 240 638 338 711 333 628 241 727 239
day06/0261.jpg 540 414 601 413 667 410 735 403 583 528 674 530 569 412 703 408
day24/0211.jpg 465 260 536 265 622 260 692 259 520 408 633 403 510 260 664 257
day04/0086.jpg 615 306 681 317 765 319 844 314 657 454 776 454 647 312 800 313
day25/0130.jpg 595 316 633 316 680 311 721 312 628 396 694 392 609 316 699 311
day12/0365.jpg 528 307 585 309 648 309 716 309 571 424 663 427 552 307 678 305
day38/0110.jpg 524 314 565 316 621 314 666 316 556 404 626 403 543 316 640 310
day04/0265.jpg 487 272 557 280 639 281 714 276 539 420 653 421 523 277 678 278
day18/0139.jpg 611 372 669 372 721 372 780 371 651 483 731 474 637 366 749 364
day03/0252.jpg 490 392 560 396 644 385 717 387 547 538 664 527 526 386 688 389
day31/0055.jpg 626 400 673 403 712 394 753 393 659 477 728 470 648 397 736 392
day38/0368.jpg 581 312 626 316 673 310 728 302 622 403 686 400 606 312 704 306
day37/0192.jpg 645 412 697 408 757 400 816 396 693 517 777 506 669 408 786 398
day13/0070.jpg 457 319 510 319 573 314 644 312 492 434 593 427 484 315 608 312
day38/0031.jpg 570 274 620 273 684 272 746 272 610 380 699 372 596 272 712 268
day13/0020.jpg 516 322 570 328 627 323 683 325 557 431 636 434 540 324 652 326
day12/0196.jpg 440 328 501 335 566 329 626 326 491 445 580 437 471 327 597 324
day27/0035.jpg 555 359 611 359 667 356 706 356 600 452 684 452 582 356 682 351
day38/0480.jpg 438 331 480 331 529 330 567 329 472 413 532 405 458 332 552 330
day38/0412.jpg 559 295 599 297 648 298 694 298 595 378 664 379 578 294 668 295
day37/0167.jpg 588 357 647 359 718 354 784 348 636 480 737 476 608 356 746 350
day25/0414.jpg 622 173 670 171 724 166 772 161 661 262 745 252 643 172 749 160
day37/0140.jpg 521 380 579 375 642 366 703 358 568 491 666 474 554 373 669 360
day02/0058.jpg 544 370 611 376 698 377 766 376 606 513 702 509 581 373 725 373
day13/0063.jpg 462 312 513 311 589 308 644 306 504 425 599 424 486 311 616 308
day14/0100.jpg 561 300 624 304 688 298 750 299 604 416 700 414 598 300 722 296
day43/0113.jpg 580 320 628 320 686 319 740 322 604 420 696 418 603 314 713 322
day06/0094.jpg 520 355 583 357 657 348 733 341 576 484 676 476 557 353 697 344
day18/0241.jpg 535 288 591 295 668 292 727 289 576 411 673 408 567 289 695 289
day26/0115.jpg 568 240 636 243 709 238 771 232 628 360 726 357 604 240 737 232
day18/0199.jpg 441 269 501 272 576 268 640 263 494 393 596 384 473 270 604 263
day07/0080.jpg 508 359 566 361 639 354 704 350 565 483 650 476 537 354 670 345
day38/0408.jpg 530 293 575 297 621 295 664 297 560 374 633 375 554 296 644 295
day04/0287.jpg 469 313 525 311 605 314 670 308 508 444 605 434 497 306 638 306
day27/0020.jpg 596 272 650 269 704 266 746 270 647 362 724 359 620 270 728 266
day03/0384.jpg 482 391 547 389 620 384 690 378 520 522 632 516 512 387 660 380
day06/0195.jpg 542 383 610 379 686 379 751 378 600 513 691 515 579 385 720 379
day38/0350.jpg 586 304 633 308 690 305 738 305 623 400 691 388 610 305 712 302
day28/0288.jpg 620 316 672 320 730 320 778 316 670 416 747 409 650 317 758 316
day25/0200.jpg 629 266 673 268 729 266 774 263 665 350 740 350 649 266 746 262
day25/0479.jpg 677 225 722 220 775 218 820 207 725 308 792 295 704 221 795 214
day39/0158.jpg 575 366 634 370 691 366 757 363 618 475 715 475 602 366 722 360
day12/0030.jpg 508 332 591 340 682 333 764 329 564 489 697 483 555 333 729 340
day35/0077.jpg 627 300 694 309 758 309 816 307 672 419 776 420 666 309 793 304
day30/0001.jpg 512 307 559 310 616 304 667 304 547 403 632 398 537 304 641 304
day01/0059.jpg 532 240 594 244 671 236 726 238 587 355 681 347 571 241 700 237
day08/0009.jpg 564 289 628 291 699 296 766 296 607 425 708 420 592 287 733 291
day03/0025.jpg 465 391 541 395 632 389 712 385 524 549 656 542 500 394 667 386
day37/0151.jpg 596 394 654 394 740 387 813 378 650 525 767 515 627 393 771 383
day45/0029.jpg 587 265 650 266 718 262 777 262 622 369 733 367 622 262 746 261
day14/0009.jpg 544 287 589 287 654 283 712 278 590 387 669 380 566 282 676 278
day39/0204.jpg 580 441 633 444 700 438 749 439 624 550 716 544 608 436 725 437
day04/0422.jpg 520 392 580 401 654 394 726 399 563 524 675 525 545 393 686 395
day38/0002.jpg 551 274 597 274 658 268 705 270 592 361 662 360 573 272 681 266
day38/0331.jpg 479 277 534 283 597 281 661 279 516 391 605 387 508 277 629 277
day12/0167.jpg 458 300 513 306 579 302 635 301 498 416 583 420 485 300 607 301
day10/0063.jpg 561 320 629 320 709 319 785 321 611 455 726 453 595 319 746 317
day08/0023.jpg 582 291 645 293 733 292 795 287 638 424 738 420 612 291 757 283
day39/0096.jpg 612 420 664 419 733 412 793 413 656 530 746 527 637 416 758 406
day26/0111.jpg 574 229 635 230 709 229 776 223 623 354 723 348 611 227 745 225
day24/0276.jpg 530 337 593 341 675 338 731 335 579 456 677 460 565 337 699 335
day42/0422.jpg 508 225 566 232 639 230 697 228 553 342 642 345 536 225 675 232
day25/0206.jpg 630 270 677 272 730 270 776 270 666 361 736 354 652 271 753 267
day20/0109.jpg 559 383 629 389 696 383 767 386 601 514 715 516 602 384 733 385
day19/0094.jpg 458 250 513 254 583 257 639 254 498 362 591 364 491 250 616 250
day29/0116.jpg 537 405 586 410 637 405 684 404 572 496 650 491 562 406 666 403
day03/0044.jpg 469 360 541 360 636 359 714 354 521 509 645 504 511 358 677 354
day18/0101.jpg 448 295 500 301 567 300 627 303 483 408 572 408 470 298 601 301
day30/0240.jpg 562 393 623 397 688 393 740 392 608 500 693 496 596 395 711 391
day42/0505.jpg 629 200 678 208 741 212 791 220 666 310 744 316 654 203 764 213
day03/0323.jpg 580 380 645 383 731 378 808 373 625 527 754 524 613 380 771 372
day02/0017.jpg 538 383 602 384 668 380 741 375 575 503 690 497 570 383 712 377
day35/0118.jpg 536 340 606 344 687 336 756 331 598 472 701 475 571 341 720 333
day28/0414.jpg 612 305 662 313 716 311 766 312 648 404 729 398 630 309 741 311
day39/0131.jpg 584 443 644 439 720 438 780 436 637 565 739 558 612 436 748 436
day18/0117.jpg 541 354 588 348 656 349 713 350 583 453 669 449 569 352 687 350
day31/0026.jpg 592 387 642 380 694 376 738 367 640 479 724 468 616 384 716 369
day38/0151.jpg 550 270 610 275 665 268 726 264 600 378 678 372 578 267 695 263
day27/0176.jpg 620 395 668 392 724 388 765 390 665 478 738 472 647 394 740 388
day37/0242.jpg 568 299 627 300 698 291 757 288 613 420 718 412 600 296 725 291
day28/0275.jpg 515 341 567 336 624 324 676 324 563 431 646 418 547 337 655 321
day30/0033.jpg 517 401 568 400 624 399 674 397 560 500 640 488 544 399 655 393
day39/0174.jpg 586 401 650 405 716 405 770 409 631 516 723 520 623 404 744 407
day37/0294.jpg 599 376 658 373 733 368 805 366 645 500 740 493 627 369 767 362
day19/0339.jpg 559 290 628 293 688 290 759 294 609 412 698 405 596 293 726 294
day43/0087.jpg 561 318 607 320 666 316 717 320 591 416 689 413 587 320 689 317
day28/0153.jpg 581 332 638 328 703 326 760 326 626 437 716 432 620 326 732 324
day04/0409.jpg 499 353 561 354 632 353 693 350 543 478 638 472 540 356 660 354
day34/0089.jpg 593 294 646 299 695 292 745 292 620 387 705 388 616 288 724 290
day35/0047.jpg 618 276 675 278 732 277 780 278 658 377 740 377 646 275 756 275
day04/0172.jpg 616 307 696 316 775 312 862 311 668 445 794 451 660 310 816 310
day38/0148.jpg 556 265 614 268 680 264 732 260 600 376 682 367 591 264 708 263
day26/0029.jpg 578 342 629 344 682 336 734 333 623 433 688 424 605 341 708 335
day38/0286.jpg 597 333 640 332 693 327 741 326 632 416 697 412 619 332 718 328
day09/0065.jpg 568 280 637 283 720 278 792 269 636 413 741 411 604 279 753 268
day27/0318.jpg 577 419 629 419 680 413 732 412 620 511 708 504 601 420 708 412
day38/0268.jpg 538 254 596 263 662 261 716 262 580 367 666 368 571 256 694 257
day18/0200.jpg 443 275 502 279 575 271 640 270 496 396 592 389 472 272 605 267
day12/0557.jpg 446 305 500 307 564 300 622 299 488 412 569 408 466 307 594 297
day28/0163.jpg 600 396 649 389 704 384 752 383 640 480 729 472 627 390 728 380
day34/0083.jpg 556 238 606 248 672 259 723 266 572 347 660 364 582 238 694 261
day30/0015.jpg 504 313 556 313 617 308 664 312 556 408 620 401 529 316 636 308
day35/0154.jpg 592 322 648 327 704 325 765 322 632 432 720 428 619 324 740 321
day36/0235.jpg 604 291 660 294 708 292 758 298 640 388 721 387 635 288 739 295
day03/0028.jpg 475 400 552 403 641 400 727 396 524 561 657 557 507 401 675 395
day01/0015.jpg 619 460 671 456 733 456 793 453 657 561 743 555 644 458 762 452
day35/0028.jpg 602 340 647 342 706 338 758 333 648 433 731 422 627 338 732 332
day25/0126.jpg 593 314 641 316 687 313 723 312 628 396 694 389 618 314 709 309
day12/0378.jpg 531 309 596 317 658 320 722 316 584 435 673 431 558 311 687 312
day38/0121.jpg 608 314 647 312 702 307 742 304 644 395 710 385 627 311 723 301
day27/0101.jpg 636 418 684 417 739 410 785 406 684 503 761 494 661 419 757 409
day30/0214.jpg 586 336 646 345 718 344 784 344 639 459 735 461 616 337 753 342
day33/0109.jpg 668 356 718 364 775 360 816 363 707 452 783 452 693 358 799 359
day12/0085.jpg 528 404 588 406 655 402 711 396 580 524 665 516 556 407 676 400
day28/0262.jpg 536 333 589 332 642 324 699 324 583 423 674 417 564 328 672 322
day06/0081.jpg 531 332 587 336 668 328 736 322 585 462 680 457 560 332 705 323
day33/0039.jpg 680 343 724 348 776 345 819 344 719 432 791 428 700 344 796 345
day40/0093.jpg 578 356 647 352 738 348 806 345 640 493 754 488 612 357 772 344
day10/0086.jpg 545 344 607 347 686 344 761 335 599 479 695 476 574 340 717 336
day09/0253.jpg 556 399 617 399 696 398 768 389 608 534 700 528 585 395 727 396
day40/0020.jpg 552 446 608 452 676 452 733 455 590 561 680 560 585 448 700 454
day18/0021.jpg 505 348 568 354 627 353 690 351 545 459 635 462 543 348 661 354
day01/0078.jpg 568 306 622 304 695 304 748 307 604 410 707 406 593 304 724 303
day03/0377.jpg 551 438 624 444 701 444 780 443 596 583 714 584 591 439 746 438
day37/0040.jpg 524 294 570 299 634 299 692 299 560 404 642 404 546 296 661 297
day44/0091.jpg 506 352 576 355 655 352 741 347 562 492 677 489 542 354 700 349
day28/0322.jpg 565 335 621 334 680 326 730 321 620 424 704 414 591 332 703 324
day39/0226.jpg 674 364 732 375 796 384 840 390 713 480 796 491 704 365 819 388
day20/0051.jpg 526 411 582 410 650 402 714 399 574 532 675 520 556 410 683 397
day41/0324.jpg 624 236 682 240 748 241 810 238 665 361 765 353 653 234 781 237
day06/0101.jpg 507 326 568 330 640 327 704 324 554 445 648 445 542 324 676 324
day28/0165.jpg 598 396 646 391 703 384 744 381 645 482 726 468 627 393 718 384
day09/0236.jpg 560 420 620 420 686 421 740 412 602 528 697 516 588 420 708 415
day31/0077.jpg 620 401 663 403 712 400 758 399 655 482 732 479 641 396 734 400
day32/0001.jpg 544 256 593 256 656 251 709 251 586 352 668 345 568 252 682 255
day39/0069.jpg 629 409 685 412 760 408 825 402 666 529 775 525 656 409 796 408
day28/0339.jpg 579 324 638 326 692 329 740 327 628 419 705 418 613 324 714 328
day17/0167.jpg 660 284 722 290 789 285 843 286 712 407 801 402 691 286 816 286
day31/0092.jpg 639 338 689 340 740 333 784 328 683 423 768 416 666 338 760 330
day29/0025.jpg 587 230 646 228 696 217 748 214 634 319 724 310 616 228 720 210
day31/0144.jpg 580 337 624 336 679 316 723 314 627 424 700 408 600 331 700 316
day36/0274.jpg 590 294 639 296 699 291 744 288 623 386 716 381 613 292 724 286
day38/0464.jpg 449 327 495 330 551 324 590 326 490 413 562 410 476 329 565 324
day41/0162.jpg 539 245 601 253 663 258 723 253 582 359 670 355 572 250 691 254
day12/0015.jpg 526 270 589 270 660 268 729 262 579 404 685 389 561 267 700 262
day12/0011.jpg 527 268 591 269 672 266 733 262 580 395 694 388 554 269 699 262
day12/0335.jpg 461 314 523 320 596 325 657 325 505 441 603 442 495 317 625 323
day03/0430.jpg 566 408 630 412 707 413 786 411 604 545 717 551 606 404 747 409
day37/0287.jpg 609 368 671 367 749 360 816 361 654 498 764 496 643 365 783 358
day27/0209.jpg 606 362 662 361 723 355 773 351 655 460 741 457 634 358 746 356
day12/0357.jpg 542 316 598 325 661 321 718 322 581 437 665 431 563 323 679 320
day14/0046.jpg 521 262 579 269 642 262 707 259 571 379 655 374 550 266 669 258
day03/0289.jpg 444 377 514 379 607 379 690 380 489 528 613 533 479 377 645 379
day44/0212.jpg 516 367 600 370 673 365 750 366 575 507 697 507 566 364 714 361
day42/0435.jpg 501 204 549 212 608 218 657 216 533 309 606 312 525 208 627 216
day38/0061.jpg 520 317 577 319 637 314 694 308 566 423 655 416 550 318 666 310
day37/0213.jpg 619 313 678 314 754 308 818 309 672 428 751 422 650 312 779 306
day42/0309.jpg 594 239 639 243 689 241 745 237 626 335 702 333 614 236 718 239
day44/0083.jpg 501 345 575 350 653 346 723 336 554 477 684 476 537 344 691 337
day24/0287.jpg 520 359 583 360 658 364 722 358 563 475 670 474 549 361 681 360
day38/0438.jpg 608 370 656 382 701 387 743 387 633 466 702 469 629 374 721 387
day41/0097.jpg 566 226 620 232 694 229 750 229 608 341 708 339 591 226 726 227
day03/0205.jpg 512 343 593 354 680 351 758 347 569 494 688 503 556 342 720 348
day38/0080.jpg 531 320 588 322 645 321 701 321 568 424 664 421 563 320 677 318
day42/0002.jpg 553 368 606 369 675 373 729 372 596 481 679 478 578 368 704 370
day38/0373.jpg 580 314 624 316 679 312 728 308 620 401 697 400 599 316 704 309
day38/0081.jpg 546 286 600 291 659 284 709 280 590 392 668 391 576 283 687 280
day03/0372.jpg 553 438 625 440 701 441 778 438 589 572 727 572 596 436 750 436
day27/0071.jpg 637 384 691 387 744 383 791 385 687 478 768 471 662 387 764 381
day14/0105.jpg 552 298 605 303 671 294 737 294 599 409 685 405 586 294 705 288
day27/0187.jpg 622 358 675 356 730 356 773 355 672 456 746 451 650 356 752 355
day40/0024.jpg 537 436 604 435 685 427 756 427 592 571 706 562 574 435 721 430
day06/0132.jpg 469 421 529 421 593 415 662 412 510 532 608 533 496 420 628 409
day28/0147.jpg 562 322 616 325 681 323 737 317 608 436 692 428 593 321 710 313
day42/0050.jpg 602 388 655 391 712 385 769 385 639 487 723 485 629 387 741 383
day37/0208.jpg 649 302 707 303 775 297 839 300 686 413 779 408 677 300 804 296
day03/0224.jpg 540 378 600 379 692 377 762 375 582 520 699 514 571 375 734 374
day06/0291.jpg 600 399 667 400 740 388 804 381 660 525 760 514 637 399 776 382
day12/0048.jpg 476 352 544 357 632 355 701 353 528 500 641 492 506 352 659 353
day25/0169.jpg 607 317 652 313 696 315 743 308 644 392 713 389 628 313 717 309
day34/0155.jpg 597 315 648 323 695 326 744 324 624 407 704 412 622 317 721 324
day30/0134.jpg 525 229 578 231 640 227 697 224 579 332 658 323 547 228 661 225
day12/0178.jpg 455 310 517 315 575 313 636 312 494 432 578 426 485 308 608 310
day06/0219.jpg 552 393 618 391 696 386 765 381 607 521 703 520 582 391 715 383
day38/0321.jpg 477 274 529 276 599 274 660 274 520 383 602 375 503 271 624 270
day10/0043.jpg 661 352 718 352 791 349 860 348 703 472 804 468 688 351 823 346
day28/0307.jpg 578 300 631 300 692 299 740 300 616 397 712 392 604 297 709 296
day13/0067.jpg 449 318 508 318 576 316 640 308 498 430 596 427 479 316 608 308
day04/0316.jpg 470 292 538 292 615 288 692 288 519 426 628 421 518 290 660 287
day31/0069.jpg 636 400 686 404 734 401 774 399 674 482 748 478 663 399 751 395
day09/0016.jpg 523 266 584 264 647 261 703 259 571 374 665 372 547 268 663 256
day27/0335.jpg 539 313 604 309 676 307 743 308 587 436 688 433 572 310 712 304
day25/0309.jpg 566 211 614 216 670 215 720 216 601 303 673 305 588 209 689 214
day12/0287.jpg 456 330 512 328 581 326 642 326 508 446 596 438 492 328 615 321
day04/0240.jpg 591 315 652 319 728 308 802 296 644 452 746 444 627 312 769 296
day41/0332.jpg 618 249 673 253 745 255 804 250 661 372 749 367 647 252 772 252
day25/0008.jpg 554 283 608 281 662 280 714 280 599 380 673 372 581 283 684 279
day10/0046.jpg 661 347 720 349 792 345 857 343 712 479 802 472 688 344 832 344
day30/0094.jpg 556 409 606 405 661 392 716 383 611 504 688 485 580 404 686 383
day12/0422.jpg 490 312 548 315 616 312 674 311 536 431 625 424 519 311 640 311
day38/0184.jpg 586 288 643 288 704 290 760 289 623 396 720 392 616 284 736 284
day35/0117.jpg 537 340 608 342 688 341 754 334 598 474 704 464 568 341 717 334
day07/0091.jpg 512 360 580 365 665 360 736 357 558 508 672 497 542 356 699 354
day27/0212.jpg 605 361 661 360 723 360 769 356 649 464 738 460 632 360 745 352
day33/0145.jpg 600 359 648 357 694 356 737 352 636 441 707 433 620 356 716 354
day43/0175.jpg 552 308 612 319 692 314 764 308 600 448 705 440 584 310 725 303
day23/0060.jpg 543 224 584 232 644 220 698 220 575 321 655 315 567 224 673 219
day27/0076.jpg 644 386 694 392 750 386 793 385 683 481 764 476 668 385 768 383
day38/0042.jpg 545 293 596 299 656 297 708 296 584 395 664 391 572 298 683 297
day12/0194.jpg 442 330 500 334 572 329 628 326 492 451 583 445 480 332 602 328
day33/0102.jpg 693 359 743 360 796 362 840 363 724 448 809 445 717 356 816 360
day25/0150.jpg 509 249 565 254 624 252 678 247 553 351 638 346 536 250 646 247
day36/0258.jpg 616 284 666 283 727 286 774 287 653 384 737 377 644 284 749 286
day04/0151.jpg 609 295 682 291 764 291 841 291 679 444 774 438 642 294 804 293
day43/0185.jpg 536 336 594 346 662 346 723 345 572 459 676 458 567 340 693 343
day03/0142.jpg 454 370 525 375 606 369 686 366 510 511 632 506 493 370 650 362
day28/0271.jpg 516 337 570 334 628 326 679 320 564 432 641 420 540 336 648 316
day26/0100.jpg 624 304 684 302 753 294 813 284 680 417 779 411 647 300 775 287
day33/0279.jpg 476 333 535 340 599 336 658 335 520 441 602 447 506 335 621 335
day09/0202.jpg 536 390 600 394 668 391 729 386 587 516 674 512 569 393 698 386
day12/0469.jpg 471 313 535 318 601 309 666 309 516 433 615 430 507 313 633 311
day39/0253.jpg 566 340 633 345 706 348 775 350 603 474 720 475 600 345 742 351
day40/0041.jpg 495 313 558 312 628 312 689 307 536 421 654 414 528 312 659 307
day37/0158.jpg 596 407 660 401 739 395 808 388 647 529 765 522 630 403 778 391
day02/0081.jpg 506 332 573 329 652 321 733 324 561 466 666 460 537 328 687 321
day36/0300.jpg 645 290 694 290 745 289 791 287 683 376 760 374 674 289 769 283
day06/0048.jpg 522 343 577 346 645 346 708 340 562 467 658 468 546 342 672 341
day09/0030.jpg 518 295 580 300 648 297 708 294 569 416 660 415 545 295 676 294
day09/0238.jpg 564 424 623 426 684 413 739 416 600 533 695 529 595 422 712 416
day37/0015.jpg 487 261 548 261 611 258 671 257 528 377 628 369 517 260 644 256
day11/0102.jpg 511 336 564 338 630 339 691 335 551 447 637 443 536 334 662 333
