day18/0057.jpg 560 396 614 400 693 406 750 408 580 541 695 555 589 395 725 406
day31/0256.jpg 604 300 652 304 726 305 776 301 646 429 747 429 630 302 751 301
day21/0465.jpg 600 341 669 349 776 356 848 357 634 542 779 554 637 343 809 354
day21/0192.jpg 575 340 639 340 731 341 798 339 616 506 750 506 612 339 766 335
day32/0026.jpg 516 245 563 249 637 252 686 254 544 383 651 383 541 247 662 252
day20/0652.jpg 570 391 617 396 696 405 745 408 595 538 699 545 590 392 715 404
day13/0195.jpg 729 284 774 295 843 314 891 328 730 406 830 435 751 287 865 315
day13/0113.jpg 649 278 689 279 757 280 800 274 676 394 770 395 670 279 776 278
day18/0024.jpg 549 383 607 387 691 391 744 394 589 529 700 539 579 385 714 393
day38/0305.jpg 497 305 534 312 589 309 633 304 508 386 624 387 520 309 612 306
day31/0145.jpg 604 387 647 391 714 394 761 396 626 516 722 520 627 390 734 395
day33/0226.jpg 530 305 575 309 653 306 704 304 569 437 674 435 554 308 677 302
day22/0248.jpg 575 347 625 350 709 358 762 365 598 496 720 506 601 347 732 358
day32/0005.jpg 577 243 629 247 704 255 751 255 607 386 712 392 598 245 726 254
day01/0011.jpg 578 375 634 387 716 389 768 387 613 512 721 520 606 382 740 387
day21/0409.jpg 607 386 671 395 770 402 844 404 645 575 765 588 642 388 811 399
day33/0105.jpg 614 291 675 298 770 300 825 300 645 457 778 462 647 294 796 303
day20/0574.jpg 498 211 539 214 602 212 642 212 526 318 612 323 520 212 621 211
day22/0086.jpg 634 333 706 343 807 349 875 354 670 525 821 529 673 337 845 351
day33/0185.jpg 517 274 562 278 637 280 691 281 543 411 650 415 536 275 661 279
day21/0201.jpg 504 356 568 361 664 364 734 366 539 541 674 547 533 357 698 362
day35/0082.jpg 585 370 662 375 775 375 862 374 641 587 795 590 622 372 810 370
day21/0384.jpg 573 333 635 335 726 339 800 336 606 509 741 518 606 334 765 334
day30/0085.jpg 755 331 813 350 896 379 955 400 743 483 854 519 785 340 920 391
day33/0200.jpg 555 271 606 276 676 281 725 279 583 409 681 412 580 270 704 279
day07/0079.jpg 562 231 609 231 687 235 742 232 600 369 698 373 581 231 715 232
day38/0348.jpg 495 300 534 303 588 305 630 305 514 407 589 409 516 300 609 304
day16/0059.jpg 552 303 620 317 712 331 770 334 574 468 710 484 591 309 745 330
day02/0010.jpg 516 280 567 283 640 286 686 285 550 412 648 418 547 279 665 284
day01/0008.jpg 586 376 643 381 717 387 771 385 615 506 733 514 616 377 748 383
day22/0136.jpg 570 345 628 351 720 353 779 357 610 512 734 518 596 347 748 353
day04/0010.jpg 575 262 637 268 727 279 786 277 606 425 729 436 608 266 757 276
day20/0359.jpg 527 362 591 365 676 353 731 345 587 520 700 509 552 363 696 350
day18/0005.jpg 572 329 634 336 722 344 784 345 607 500 721 509 605 333 753 344
day17/0027.jpg 576 324 645 336 744 345 820 349 602 517 753 532 610 330 783 345
day21/0200.jpg 568 339 632 339 720 339 792 341 608 507 739 508 600 337 758 335
day14/0078.jpg 592 321 643 325 703 334 750 341 616 445 716 453 614 321 725 334
day05/0196.jpg 571 252 632 259 724 268 779 271 601 416 725 426 608 254 754 267
day22/0129.jpg 593 349 657 352 746 358 805 358 628 521 763 520 620 350 778 359
day05/0296.jpg 543 333 612 339 709 337 778 330 590 506 731 508 576 337 738 333
day30/0250.jpg 724 275 769 296 828 316 874 336 709 391 806 425 747 283 853 325
day31/0034.jpg 446 383 512 393 599 400 662 394 475 565 619 569 481 387 633 393
day21/0181.jpg 589 337 649 344 737 344 809 341 636 506 758 512 615 339 770 338
day33/0034.jpg 568 349 629 357 712 361 774 369 596 501 713 515 593 352 739 361
day33/0113.jpg 597 281 655 284 745 287 806 291 633 435 758 441 629 283 775 287
day07/0016.jpg 582 345 638 351 721 355 786 361 616 506 733 514 608 348 748 357
day26/0071.jpg 729 298 787 308 865 320 928 334 734 438 854 464 759 300 891 327
day25/0168.jpg 653 333 700 341 769 345 814 353 673 453 771 467 675 336 787 349
day23/0028.jpg 520 312 578 320 654 327 709 330 550 456 655 461 552 316 681 329
day31/0259.jpg 608 303 659 305 731 304 778 300 638 428 752 430 634 304 756 302
day07/0205.jpg 625 291 676 296 736 296 784 296 661 414 746 414 656 292 763 295
day13/0119.jpg 648 280 693 281 754 280 801 278 674 394 768 398 670 280 777 280
day15/0007.jpg 540 352 593 357 680 360 747 359 572 520 692 519 560 354 712 354
day21/0216.jpg 548 348 617 357 715 369 787 372 579 538 723 548 589 348 752 364
day18/0098.jpg 508 308 573 308 674 312 742 313 554 489 694 486 543 308 710 309
day21/0123.jpg 565 311 632 320 726 320 797 317 601 488 742 488 598 313 759 318
day18/0051.jpg 560 400 618 406 696 412 755 415 592 553 706 558 590 403 724 414
day32/0016.jpg 516 243 565 247 636 250 686 252 546 378 651 381 540 246 657 251
day20/0605.jpg 653 463 687 462 742 466 779 470 675 562 755 564 670 463 757 468
day21/0428.jpg 652 344 720 349 837 348 904 353 692 552 829 556 690 345 867 348
day21/0375.jpg 570 330 636 333 732 333 798 333 603 504 739 512 603 328 763 329
day14/0095.jpg 548 347 614 349 699 351 757 352 588 505 709 512 581 350 727 348
day15/0010.jpg 636 365 696 374 780 381 843 390 657 537 788 551 668 370 817 385
day20/0643.jpg 566 388 624 395 689 400 744 404 592 535 701 542 594 392 719 399
day25/0200.jpg 577 373 621 375 685 380 728 384 599 488 688 495 600 372 704 381
day31/0025.jpg 432 376 501 375 589 374 644 370 489 537 616 529 468 376 616 373
day33/0220.jpg 595 276 646 288 722 297 780 303 612 427 722 440 622 278 752 296
day04/0185.jpg 483 355 552 358 649 358 716 356 542 530 679 520 520 356 678 357
day02/0001.jpg 525 295 580 300 672 300 733 300 563 468 695 468 549 300 698 300
day21/0521.jpg 556 420 604 423 680 424 728 424 578 547 691 553 580 424 700 420
day20/0645.jpg 564 391 621 399 692 407 748 411 592 537 698 544 594 392 715 402
day07/0053.jpg 596 343 648 344 715 347 770 348 629 469 726 474 626 342 745 343
day22/0089.jpg 631 332 699 342 804 348 870 352 664 515 818 532 662 340 833 348
day23/0031.jpg 521 316 578 320 657 326 712 332 550 456 660 466 546 320 682 329
day14/0005.jpg 547 294 612 301 684 308 750 307 584 447 696 453 582 295 716 304
day31/0016.jpg 426 388 492 395 596 396 658 392 470 568 608 567 464 395 631 396
day07/0183.jpg 569 216 625 217 693 220 747 221 599 344 700 353 604 212 725 216
day29/0074.jpg 551 251 607 256 673 264 727 262 578 388 680 392 578 253 701 260
day33/0221.jpg 585 279 645 294 715 304 771 304 607 425 719 440 613 282 740 297
day25/0194.jpg 574 370 623 373 679 378 728 379 603 484 688 495 597 371 702 378
day31/0021.jpg 456 382 526 381 600 377 659 374 510 531 633 522 497 379 632 374
day14/0062.jpg 566 329 624 333 691 339 737 343 605 456 712 461 593 329 713 337
day20/0680.jpg 518 332 571 338 645 341 704 346 541 463 655 471 545 333 670 339
day33/0176.jpg 521 275 579 281 648 286 700 285 556 408 658 414 552 275 673 283
day14/0094.jpg 545 348 612 348 695 350 758 350 587 505 707 507 579 346 723 346
day22/0233.jpg 561 348 620 355 694 358 753 362 591 495 712 503 594 350 725 359
day38/0362.jpg 662 324 715 327 788 327 837 329 698 455 801 464 688 325 808 324
day17/0011.jpg 526 327 598 326 694 325 770 325 575 505 715 509 565 328 733 325
day22/0353.jpg 467 330 544 333 638 328 701 321 531 506 658 503 508 329 669 326
day33/0028.jpg 562 350 625 353 712 359 772 366 600 504 727 513 596 347 742 358
day07/0292.jpg 629 360 675 358 742 359 790 364 660 483 755 481 655 361 767 358
day21/0507.jpg 629 383 691 386 786 391 862 393 666 559 799 575 660 381 816 391
day22/0198.jpg 569 389 625 385 700 372 758 370 619 530 737 522 597 385 728 374
day22/0190.jpg 575 388 625 388 707 377 764 370 615 530 729 525 600 389 734 373
day13/0146.jpg 780 268 835 278 904 288 957 298 790 399 902 417 812 271 931 292
day21/0125.jpg 528 319 596 328 692 332 767 333 569 500 709 507 563 324 726 331
day17/0018.jpg 583 323 649 326 748 338 825 341 611 508 757 522 623 325 788 337
day21/0210.jpg 535 353 608 362 704 367 772 375 578 542 710 550 570 354 737 369
day20/0544.jpg 525 258 569 258 625 259 667 258 546 356 633 362 545 258 642 256
day20/0134.jpg 595 326 635 327 685 325 725 324 622 425 712 421 615 325 703 323
day22/0286.jpg 430 296 496 300 590 304 662 296 483 472 616 459 472 296 628 298
day20/0439.jpg 600 395 650 393 716 395 764 397 627 508 725 514 623 390 737 396
day07/0214.jpg 641 293 685 296 749 302 793 302 668 416 756 420 665 295 771 300
day20/0566.jpg 490 216 538 213 597 213 640 211 522 321 607 320 518 214 620 211
day27/0066.jpg 541 307 594 310 671 314 725 312 585 450 686 456 567 308 698 312
day21/0113.jpg 504 312 574 313 661 314 732 314 553 479 682 483 543 314 696 312
day25/0035.jpg 768 339 827 361 899 388 955 412 752 486 868 537 795 349 922 399
day18/0006.jpg 568 330 634 337 721 347 786 346 613 503 722 511 609 329 762 341
day14/0074.jpg 607 324 658 334 729 344 768 356 639 452 732 468 640 328 752 349
day32/0004.jpg 573 241 631 246 704 251 756 251 615 382 715 388 600 242 729 249
day20/0662.jpg 461 458 507 458 587 449 634 445 497 595 611 587 483 456 606 446
day07/0029.jpg 461 391 537 392 649 395 718 398 505 592 666 594 497 392 673 397
day33/0238.jpg 534 316 581 318 656 318 708 312 576 452 672 452 553 313 679 308
day21/0402.jpg 596 396 658 396 756 403 824 402 632 576 757 588 636 396 796 401
day21/0144.jpg 591 349 655 351 747 357 814 356 635 520 762 526 627 350 783 352
day20/0223.jpg 673 218 716 220 780 221 824 225 692 330 779 338 695 217 800 222
day18/0044.jpg 580 400 636 404 717 413 772 415 608 549 725 562 605 400 740 411
day21/0213.jpg 544 353 619 361 712 373 783 375 588 541 720 553 588 352 753 365
day07/0199.jpg 656 304 697 308 755 317 797 317 680 415 764 422 676 304 777 313
day30/0336.jpg 576 426 628 424 682 423 734 422 605 532 707 535 604 425 710 420
day25/0001.jpg 820 380 873 404 954 440 1023 468 786 540 917 603 850 393 988 455
day20/0125.jpg 595 325 640 326 688 325 728 325 630 420 705 416 616 328 707 325
day20/0090.jpg 637 260 680 258 738 259 777 256 674 363 757 359 660 256 758 256
day07/0057.jpg 601 343 648 345 719 344 771 350 630 466 733 472 625 341 742 347
day18/0094.jpg 513 300 585 304 681 308 756 305 555 482 706 481 548 304 716 307
day13/0116.jpg 643 278 688 280 754 278 801 276 673 396 766 396 667 277 773 278
day20/0083.jpg 641 268 685 268 744 267 784 265 670 366 761 365 661 264 760 266
day05/0363.jpg 641 352 698 358 783 374 832 381 658 497 784 521 672 355 804 376
day22/0361.jpg 456 333 529 330 622 324 679 307 523 503 656 488 495 331 649 313
day20/0380.jpg 451 372 510 372 588 367 646 364 493 519 612 512 477 373 617 366
day21/0525.jpg 568 424 614 427 688 426 740 430 588 551 698 556 590 424 710 426
day18/0100.jpg 504 311 572 311 674 311 742 312 547 486 704 484 536 312 698 314
day20/0570.jpg 495 214 536 214 600 216 644 211 517 319 612 321 513 215 619 213
day33/0112.jpg 601 283 663 284 748 289 807 288 632 437 756 443 636 282 782 288
day27/0078.jpg 529 299 587 304 666 304 720 303 567 446 679 449 560 300 694 301
day13/0021.jpg 556 296 606 302 684 308 735 309 584 433 689 440 581 296 708 306
day20/0428.jpg 603 394 648 395 716 396 765 397 622 513 728 519 626 395 737 396
day27/0075.jpg 526 300 582 304 658 304 716 304 569 448 680 449 554 300 690 303
day21/0397.jpg 590 386 652 391 748 392 822 395 618 569 752 575 617 388 785 386
day33/0217.jpg 555 266 611 267 688 263 738 262 592 400 703 406 582 262 712 260
day13/0114.jpg 646 277 687 280 752 280 799 276 673 397 767 395 666 278 773 278
day32/0020.jpg 512 246 564 248 636 252 688 255 550 380 649 380 540 245 664 252
day05/0299.jpg 548 330 614 328 713 330 776 324 580 498 724 502 585 328 749 325
day21/0176.jpg 559 328 622 334 714 340 784 348 584 504 716 517 590 336 743 345
day30/0154.jpg 545 340 590 339 653 338 698 342 567 450 667 449 569 340 678 336
day04/0192.jpg 480 350 556 355 653 352 720 350 541 527 676 517 526 353 687 348
day21/0404.jpg 595 394 664 399 757 402 828 404 627 576 758 590 628 396 791 398
day33/0189.jpg 552 278 604 285 672 290 727 291 576 416 684 422 576 278 704 287
day20/0237.jpg 631 227 675 237 739 243 784 246 640 345 736 359 656 233 764 244
day21/0533.jpg 549 419 602 420 672 420 726 422 580 548 684 549 574 416 697 419
day04/0153.jpg 426 336 496 324 591 307 654 302 512 498 641 470 455 332 618 305
day07/0172.jpg 506 305 571 305 662 302 720 291 560 464 692 454 534 305 689 296
day20/0591.jpg 503 236 550 236 606 240 648 239 528 340 610 347 524 235 624 237
day07/0170.jpg 505 311 573 315 659 312 721 305 557 472 688 468 534 312 688 306
day13/0041.jpg 548 430 608 440 684 447 733 456 569 580 692 588 576 434 702 450
day20/0689.jpg 525 324 588 328 660 330 719 339 559 455 672 464 560 326 689 332
day20/0600.jpg 504 234 549 236 606 239 653 239 522 340 611 345 526 235 629 239
day13/0122.jpg 638 416 688 416 747 422 788 427 657 527 763 532 665 416 768 424
day15/0003.jpg 487 362 545 360 638 358 701 360 520 528 650 527 516 360 669 361
day20/0103.jpg 633 301 669 303 723 301 758 303 656 395 741 398 650 303 740 302
day15/0017.jpg 590 375 656 380 743 383 810 387 624 537 759 548 626 379 776 383
day31/0019.jpg 412 389 490 394 584 395 653 386 456 570 606 567 453 389 616 388
day20/0224.jpg 680 223 725 227 791 227 836 231 701 337 787 345 704 222 814 228
day19/0056.jpg 351 445 420 426 506 396 557 375 448 588 570 539 389 432 528 382
day25/0178.jpg 682 358 731 367 796 378 843 389 689 483 791 504 704 362 816 382
day07/0185.jpg 623 309 662 312 725 311 765 314 645 421 730 420 641 310 745 315
day20/0661.jpg 455 459 508 458 584 450 636 444 490 593 612 587 489 458 610 445
day20/0651.jpg 564 394 622 399 697 407 748 410 589 536 706 545 590 393 722 405
day14/0069.jpg 578 329 633 335 702 342 748 349 601 467 714 470 601 330 722 342
day07/0168.jpg 500 317 568 320 654 318 720 312 554 476 687 471 533 320 690 312
day21/0408.jpg 603 396 666 404 758 408 833 414 629 576 775 592 637 400 795 408
day18/0039.jpg 556 384 613 386 697 391 750 398 587 533 708 542 585 383 718 395
day20/0580.jpg 500 212 543 212 604 212 644 213 518 315 608 318 521 211 622 213
day21/0497.jpg 645 361 700 370 790 377 859 385 656 531 787 551 670 364 821 381
day18/0056.jpg 554 400 615 405 695 410 751 415 587 549 712 558 585 401 725 413
day07/0258.jpg 570 358 637 364 734 367 798 367 619 533 755 535 603 359 763 363
day14/0089.jpg 546 346 609 347 690 346 754 349 584 506 706 506 575 348 717 350
day31/0117.jpg 579 333 643 336 725 335 800 329 625 489 754 488 611 332 765 327
day21/0203.jpg 550 352 620 359 716 363 782 369 589 538 728 543 586 354 748 365
day20/0549.jpg 526 256 572 254 627 257 670 260 550 354 641 361 552 257 648 258
day05/0395.jpg 451 341 520 345 616 344 679 341 495 529 623 525 483 337 647 341
day21/0137.jpg 521 308 595 321 691 324 765 321 561 494 714 495 557 313 725 322
day25/0173.jpg 679 357 725 365 794 375 841 387 687 482 791 500 700 361 816 382
day13/0022.jpg 570 300 621 309 694 318 745 320 598 439 700 444 598 302 718 316
day07/0166.jpg 508 316 568 321 659 322 719 312 562 484 690 477 537 320 689 314
day25/0137.jpg 685 330 729 338 803 349 852 358 692 462 795 479 710 335 825 351
day31/0013.jpg 435 382 500 390 598 391 661 389 474 559 620 562 463 383 625 391
day21/0208.jpg 542 357 613 363 711 369 779 375 576 542 717 550 579 360 741 373
day07/0176.jpg 496 306 562 310 652 302 716 295 554 463 686 461 533 304 682 295
day07/0032.jpg 446 389 519 395 632 396 704 391 492 594 657 592 484 390 666 391
day21/0495.jpg 637 364 695 372 788 375 861 379 651 532 788 547 675 366 829 377
day17/0026.jpg 572 324 644 333 745 345 821 348 594 513 763 530 609 329 777 344
day38/0302.jpg 517 296 554 300 618 304 659 308 520 379 643 385 534 298 637 304
day14/0076.jpg 578 321 624 327 692 337 733 345 604 443 699 456 600 322 712 340
day20/0543.jpg 527 260 568 260 625 258 666 258 547 358 636 364 546 258 641 259
day21/0174.jpg 561 328 624 333 715 341 786 349 579 506 724 518 587 329 749 343
day21/0191.jpg 578 341 642 341 733 343 797 343 616 503 750 506 611 339 762 339
day28/0001.jpg 469 354 540 358 637 352 700 348 512 524 664 521 504 354 662 350
day05/0366.jpg 645 350 698 356 786 370 836 379 657 499 784 519 674 351 815 375
day22/0352.jpg 490 375 566 383 659 378 728 372 536 537 689 541 526 380 691 377
day33/0128.jpg 576 413 639 417 719 419 773 420 600 541 741 558 609 415 746 418
day11/0040.jpg 430 260 483 265 562 265 616 269 456 401 572 408 454 262 587 264
day07/0180.jpg 500 308 559 306 648 300 712 295 556 465 685 458 530 307 684 296
day33/0237.jpg 535 315 585 320 661 316 709 315 564 451 682 450 558 317 683 315
day14/0111.jpg 604 374 662 388 747 406 798 418 618 540 742 562 630 379 770 411
day21/0198.jpg 579 336 641 341 729 339 794 339 615 505 745 509 610 337 762 337
day21/0145.jpg 595 350 658 354 747 355 815 360 634 523 765 529 629 351 783 355
day20/0370.jpg 461 362 519 368 602 366 654 368 500 520 629 515 487 366 624 365
day28/0007.jpg 473 372 539 377 633 372 696 367 518 545 660 533 503 379 663 369
day20/0087.jpg 641 258 682 261 738 260 780 258 664 362 756 358 661 261 758 260
day33/0141.jpg 580 412 639 416 720 422 777 428 604 556 725 567 610 414 744 421
day33/0021.jpg 574 360 629 366 717 371 774 378 598 513 725 522 604 362 748 372
day21/0455.jpg 585 340 653 345 762 350 830 358 612 534 766 549 618 341 791 351
day07/0238.jpg 564 347 614 350 686 348 732 343 602 475 708 466 587 349 708 345
day20/0378.jpg 453 368 508 371 589 366 643 366 488 517 617 511 483 370 616 365
day31/0033.jpg 420 382 483 387 579 391 642 386 454 562 599 565 448 381 608 386
day07/0164.jpg 509 330 577 339 664 337 730 325 559 494 690 490 542 329 698 330
day20/0367.jpg 471 364 530 366 608 366 668 368 509 516 630 512 500 360 637 364
day18/0032.jpg 548 386 612 390 691 395 744 399 575 526 704 543 580 384 715 393
day28/0010.jpg 492 339 561 344 662 338 710 337 529 512 678 504 537 344 679 339
day07/0260.jpg 582 357 641 362 736 364 803 366 622 528 758 535 615 357 773 363
day05/0400.jpg 433 354 511 354 600 352 675 345 495 537 625 530 472 350 637 342
day14/0022.jpg 558 285 617 291 701 300 757 302 588 432 704 445 590 284 729 296
day21/0110.jpg 512 316 573 318 666 319 734 317 550 489 683 489 545 316 704 318
day18/0009.jpg 580 330 637 341 733 353 793 352 605 508 734 517 613 334 762 348
day33/0198.jpg 549 266 597 274 675 279 722 277 579 406 683 412 573 267 697 276
day27/0097.jpg 385 358 473 358 578 352 660 358 458 571 624 553 420 359 616 350
day21/0134.jpg 535 312 603 320 706 327 778 323 574 492 726 504 572 312 746 318
