day02/0086.jpg 663 365 710 368 776 371 826 368 701 491 796 492 684 366 799 368
day03/0770.jpg 647 414 697 418 773 420 828 416 682 563 795 565 672 414 802 417
day03/1164.jpg 597 388 648 394 736 392 791 386 638 543 753 539 622 391 761 390
day07/0230.jpg 625 311 668 318 742 321 788 320 647 453 748 457 648 313 767 322
day01/0066.jpg 667 248 720 253 810 260 861 258 691 394 825 396 697 249 832 257
day15/0001.jpg 632 332 677 340 750 340 797 340 663 467 757 460 659 338 770 339
day03/0259.jpg 631 271 676 276 751 280 800 280 657 406 763 411 655 270 776 277
day03/1169.jpg 592 388 652 392 736 392 792 388 640 544 759 539 627 394 761 392
day08/0364.jpg 680 428 729 440 811 440 862 440 711 582 817 590 707 432 832 440
day03/0337.jpg 649 281 696 287 774 290 824 286 685 420 778 424 674 286 795 290
day04/0476.jpg 608 437 664 444 749 452 804 451 645 600 755 603 644 442 777 449
day08/0303.jpg 652 456 698 465 772 470 823 465 687 604 779 604 675 460 795 467
day08/0663.jpg 638 385 687 390 773 393 835 391 669 545 785 552 662 388 800 393
day02/0411.jpg 649 240 697 244 762 243 809 236 684 375 773 369 672 240 781 241
day01/0441.jpg 622 408 666 413 742 414 792 410 664 544 752 541 645 412 767 412
day20/0037.jpg 674 378 735 397 831 408 900 409 699 568 827 586 715 382 865 406
day03/1013.jpg 624 361 668 370 737 372 786 371 648 495 746 496 648 365 760 369
day01/0424.jpg 651 412 696 419 772 422 820 420 688 560 782 560 677 415 795 422
day03/0758.jpg 643 414 692 420 772 420 824 416 680 568 798 560 668 416 798 417
day03/0983.jpg 704 339 749 344 823 344 867 341 740 465 826 463 732 342 845 343
day07/0015.jpg 624 436 674 440 744 440 792 438 663 576 764 574 649 440 767 440
day08/0959.jpg 646 350 684 354 749 350 791 347 669 464 768 461 665 352 770 348
day06/0017.jpg 681 400 739 407 816 408 876 409 713 556 820 564 714 403 844 408
day07/0558.jpg 722 396 776 407 857 409 916 408 757 548 864 556 750 400 881 407
day07/0855.jpg 624 412 679 419 758 420 813 415 665 569 773 566 653 416 780 416
day20/0001.jpg 611 370 660 377 750 382 810 382 643 534 759 542 637 376 776 381
day07/0895.jpg 659 408 709 408 792 415 849 413 691 559 805 562 685 408 816 416
day16/0004.jpg 628 237 676 246 757 240 803 236 672 377 762 378 655 240 778 240
day06/0169.jpg 613 258 664 265 739 266 786 266 646 404 749 402 644 261 759 267
day04/0292.jpg 652 408 693 414 756 412 798 409 682 529 767 527 676 413 776 411
day03/1003.jpg 697 348 737 350 808 351 851 349 728 469 819 466 715 350 824 351
day04/0140.jpg 710 321 757 325 822 325 872 323 747 450 838 447 732 322 848 324
day03/0633.jpg 675 395 736 412 831 426 889 429 692 570 824 600 712 403 855 428
day01/0056.jpg 658 360 710 362 785 360 836 361 693 492 797 492 685 360 807 363
day04/0345.jpg 665 288 716 292 803 300 860 301 688 456 808 452 691 291 828 301
day06/0010.jpg 661 399 719 400 796 403 850 404 686 540 800 548 688 397 817 404
day07/0382.jpg 610 429 667 434 744 436 800 436 641 584 763 585 639 432 773 436
day08/0987.jpg 508 341 553 338 620 332 670 326 546 466 637 458 529 340 644 328
day01/0011.jpg 660 423 704 427 764 433 804 436 691 536 775 540 685 426 783 435
day02/0459.jpg 641 460 692 464 768 464 821 460 676 596 781 603 670 462 788 464
day05/0118.jpg 656 369 705 377 771 381 820 384 681 492 775 503 681 376 792 383
day07/1064.jpg 643 342 692 345 770 344 821 344 679 484 781 482 667 344 792 343
day03/0031.jpg 681 360 727 364 796 367 844 364 720 488 805 490 707 362 818 365
day07/1044.jpg 624 342 668 346 740 347 791 345 655 480 756 477 647 344 763 345
day03/0281.jpg 708 253 755 260 823 262 870 262 740 382 827 384 733 256 842 262
day03/0256.jpg 726 276 766 279 847 280 899 278 748 417 853 419 748 276 870 278
day17/0042.jpg 605 413 658 428 749 432 807 424 647 596 766 598 637 420 777 426
day07/0476.jpg 651 392 708 400 796 400 855 400 683 559 812 560 680 396 821 400
day08/0802.jpg 638 341 679 346 750 347 796 346 663 464 761 465 655 344 769 347
day17/0074.jpg 624 325 673 330 758 332 818 322 664 487 781 482 648 327 787 328
day04/0226.jpg 656 344 702 348 777 348 826 345 696 484 794 482 682 345 801 348
day14/0037.jpg 602 312 655 315 740 316 792 315 644 463 750 460 630 316 760 316
day03/0741.jpg 632 316 688 326 784 332 849 329 660 501 794 510 662 320 815 332
day04/0144.jpg 660 412 704 416 778 417 833 417 694 552 791 553 684 416 801 417
day02/0406.jpg 653 238 700 242 765 242 817 240 685 360 777 364 681 244 789 241
day17/0033.jpg 709 431 747 432 816 432 858 432 744 548 827 548 729 432 836 434
day03/1032.jpg 640 374 683 378 752 377 797 377 672 502 768 506 663 379 778 378
day07/1000.jpg 676 308 726 319 802 324 856 320 706 464 813 463 701 313 823 322
day01/0079.jpg 616 251 671 254 756 257 807 253 654 396 764 396 647 253 778 256
day08/0507.jpg 688 289 737 295 823 296 876 293 721 434 832 437 714 292 851 294
day08/0924.jpg 604 296 646 301 708 300 752 296 634 412 726 410 624 299 728 299
day18/0026.jpg 646 412 693 415 765 412 816 411 677 553 779 552 668 411 792 411
day01/0234.jpg 625 384 669 396 747 398 801 396 657 536 759 536 647 392 768 397
day03/0014.jpg 642 430 684 442 756 451 808 453 663 576 758 587 664 436 779 453
day04/0023.jpg 616 338 665 346 748 349 799 345 652 488 763 488 647 343 774 344
day01/0270.jpg 638 465 684 473 758 472 804 468 670 613 778 608 664 467 780 470
day01/0148.jpg 591 448 640 453 717 452 762 449 624 596 733 587 614 450 740 450
day08/0360.jpg 656 355 694 357 764 359 809 352 688 474 776 472 677 356 788 356
day01/0196.jpg 627 444 679 454 752 455 803 449 668 601 765 601 657 451 777 454
day09/0131.jpg 616 387 662 394 737 394 789 388 645 531 750 530 638 389 756 392
day01/0222.jpg 620 415 668 424 747 426 799 420 658 572 760 570 644 418 767 424
day15/0129.jpg 589 329 634 332 709 333 764 328 620 464 720 465 612 328 732 330
day01/0365.jpg 600 282 652 288 737 288 798 284 637 440 760 434 629 284 763 285
day01/0456.jpg 618 422 668 422 745 421 796 414 660 575 762 568 639 422 768 418
day07/0206.jpg 576 452 626 458 704 460 757 454 614 605 717 604 604 456 732 457
day03/1246.jpg 520 292 572 300 633 305 678 308 552 421 644 424 547 296 655 306
day03/1165.jpg 593 392 651 393 735 393 791 385 639 543 756 540 626 392 757 390
day03/0539.jpg 600 393 651 401 735 404 791 405 640 551 751 548 628 397 764 404
day03/0300.jpg 700 320 748 324 820 320 872 314 736 453 836 451 723 321 844 319
day08/0293.jpg 587 419 636 428 716 436 777 436 604 580 719 591 610 423 745 435
day05/0110.jpg 678 381 720 392 786 400 835 398 696 515 788 520 704 386 809 398
day20/0159.jpg 657 431 696 441 755 444 797 443 683 550 758 556 680 433 773 443
day06/0130.jpg 594 400 645 410 724 416 786 416 620 558 733 568 620 406 751 418
day07/0032.jpg 624 410 672 414 745 416 796 414 660 552 757 553 650 412 768 416
day04/0225.jpg 653 344 701 349 777 350 825 346 691 483 792 477 675 348 797 347
day07/0728.jpg 589 407 636 409 714 405 760 401 633 548 732 538 616 410 733 405
day17/0035.jpg 706 432 744 435 812 433 856 431 738 552 826 551 725 435 828 432
day07/0010.jpg 633 433 673 436 746 440 790 432 666 571 760 571 655 434 770 436
day05/0105.jpg 672 377 717 385 782 394 832 392 698 504 786 511 696 383 807 393
day03/0321.jpg 644 268 688 274 758 274 811 272 672 404 768 404 663 272 784 272
day07/0434.jpg 714 368 762 373 833 377 884 375 744 497 840 502 740 372 853 377
day03/1037.jpg 648 384 691 391 762 391 807 387 681 513 779 514 665 387 781 388
day07/0030.jpg 625 404 670 412 751 414 796 412 659 552 757 552 650 409 771 416
day17/0057.jpg 580 422 638 428 724 428 784 420 629 591 746 587 604 424 751 424
day08/0992.jpg 623 296 664 299 735 300 783 299 645 420 742 423 644 298 756 299
day02/0071.jpg 616 388 662 390 744 384 790 382 662 529 760 527 638 388 765 383
day01/0109.jpg 577 452 625 454 697 446 744 442 617 596 721 585 604 455 717 447
day01/0190.jpg 624 447 672 456 748 456 800 450 654 603 760 604 646 450 770 453
day18/0551.jpg 599 351 647 360 724 364 774 360 634 501 730 495 624 356 750 361
day06/0189.jpg 621 356 676 360 762 365 817 361 664 514 774 513 648 360 785 364
day15/0211.jpg 592 282 655 294 751 311 817 316 619 464 739 481 624 288 777 312
day14/0058.jpg 672 344 726 351 813 359 876 356 700 516 820 517 707 347 848 357
day16/0016.jpg 621 237 669 240 743 239 789 237 660 374 756 374 648 238 763 238
day02/0192.jpg 588 416 645 425 738 425 795 416 631 595 751 594 621 420 768 421
day20/0008.jpg 617 372 674 379 765 385 819 384 657 538 767 546 650 375 789 384
day04/0183.jpg 663 457 710 466 786 474 836 470 694 607 799 610 689 463 809 472
day02/0009.jpg 628 344 680 349 758 347 822 343 672 487 778 488 658 345 787 343
day18/0440.jpg 634 355 700 368 807 379 874 377 667 547 812 558 671 366 834 376
day19/0012.jpg 604 336 648 339 708 337 760 330 639 465 732 456 627 336 731 333
day07/0552.jpg 674 394 728 406 808 412 869 408 706 557 816 564 704 400 836 411
day07/0037.jpg 626 403 670 412 743 416 793 412 658 556 758 557 645 408 763 413
day20/0005.jpg 622 367 676 380 758 384 820 383 655 539 762 543 654 374 792 383
day07/0958.jpg 614 316 670 323 760 324 824 318 654 475 778 477 647 321 791 322
day03/0246.jpg 733 262 783 267 860 271 911 271 758 403 866 406 762 265 883 271
day07/0065.jpg 704 392 752 400 835 403 887 403 736 543 848 544 728 395 857 404
day06/0033.jpg 588 495 638 501 719 499 772 487 628 646 737 642 616 500 743 494
day04/0074.jpg 617 417 666 422 756 423 812 417 650 579 773 573 643 420 778 420
day09/0221.jpg 594 422 645 434 736 441 793 435 626 596 749 600 621 429 758 436
day15/0185.jpg 600 298 650 300 734 302 787 298 634 446 745 445 620 298 752 300
day18/0445.jpg 650 350 707 360 812 370 881 370 677 544 817 555 683 354 843 368
day07/0495.jpg 641 402 693 409 782 410 842 403 685 566 796 570 669 405 803 408
day08/0477.jpg 726 428 777 438 858 447 908 454 751 583 855 591 757 435 883 455
day01/0563.jpg 616 220 670 227 744 230 800 229 650 363 752 364 643 225 770 232
day03/0019.jpg 639 433 683 444 757 448 806 451 658 579 757 585 658 436 778 451
day20/0057.jpg 562 351 611 353 699 339 758 326 623 512 741 492 583 351 722 330
day07/0833.jpg 649 392 698 400 778 402 829 398 685 544 791 544 679 398 802 400
day02/0283.jpg 675 416 717 416 789 415 845 405 715 548 809 541 696 419 812 412
day03/0857.jpg 525 435 566 441 641 441 687 434 550 575 651 576 541 437 666 437
day20/0028.jpg 675 372 730 391 825 406 891 404 695 562 823 575 708 379 860 403
day03/0043.jpg 622 333 662 337 739 334 785 329 654 468 754 466 639 334 758 333
day18/0077.jpg 645 405 687 412 752 412 804 408 676 535 765 532 668 410 773 408
day03/1012.jpg 625 359 667 368 742 372 787 370 650 494 750 496 650 365 764 371
day01/0156.jpg 587 450 633 455 708 455 759 451 622 597 728 594 608 451 732 452
day04/0425.jpg 665 376 716 379 794 382 849 380 700 525 810 525 687 379 817 379
day08/1047.jpg 671 350 725 351 813 345 870 334 722 508 845 500 701 354 837 341
day07/0439.jpg 653 436 700 443 776 443 833 435 690 584 798 579 674 441 801 441
day04/0139.jpg 717 320 758 325 825 327 876 320 750 446 843 445 738 324 851 325
day07/0770.jpg 600 324 654 336 741 341 796 337 642 494 752 497 633 331 766 337
day07/0790.jpg 582 424 629 436 708 441 764 440 608 586 716 591 609 430 733 441
day03/1064.jpg 701 437 753 450 837 460 892 459 722 598 839 612 725 443 858 457
day06/0236.jpg 662 438 710 443 789 450 831 449 697 579 791 582 688 441 807 451
day02/0455.jpg 640 455 685 462 765 462 817 462 666 605 778 608 664 457 792 460
day04/0240.jpg 655 343 704 346 781 345 830 341 697 486 794 482 681 346 800 344
day07/1009.jpg 677 316 725 322 804 325 853 325 713 466 815 467 702 320 830 327
day18/0123.jpg 591 294 633 302 689 308 732 304 616 412 696 410 612 300 709 304
day18/0443.jpg 643 346 705 362 808 371 874 370 676 541 813 557 676 356 840 370
day14/0045.jpg 669 348 727 356 818 366 879 363 699 513 821 525 703 355 848 367
day03/0960.jpg 644 300 695 304 779 298 837 296 677 437 800 433 673 300 806 297
day20/0141.jpg 645 420 683 428 744 430 785 428 665 536 751 537 665 423 761 427
day08/0590.jpg 595 465 641 470 725 470 770 467 638 619 743 612 616 467 745 470
day03/0354.jpg 748 404 794 416 879 424 933 425 769 557 870 573 772 408 901 427
day04/0194.jpg 683 470 727 474 807 476 854 475 717 615 812 618 712 472 828 476
day08/0827.jpg 571 342 612 344 687 341 741 333 607 468 704 465 596 345 712 338
day01/0202.jpg 632 446 678 455 760 454 805 449 666 604 766 602 657 449 782 454
day12/0273.jpg 504 417 563 413 649 401 712 392 563 571 691 552 538 418 675 398
day02/0541.jpg 562 331 634 332 747 337 820 334 612 526 763 530 605 333 779 338
day03/0490.jpg 614 386 662 393 745 399 800 402 637 534 756 543 639 393 770 401
day07/0092.jpg 662 344 711 348 797 350 853 349 704 492 808 495 688 348 820 353
day08/0745.jpg 650 428 696 437 769 443 812 443 669 567 774 573 676 432 788 443
day01/0463.jpg 631 411 679 414 763 412 812 408 666 563 780 556 654 413 783 410
day08/0487.jpg 714 450 764 466 847 471 902 471 741 614 850 622 742 458 875 471
day02/0294.jpg 694 405 738 414 804 410 862 406 727 542 825 543 720 410 832 408
day17/0044.jpg 591 424 653 432 750 436 803 429 641 600 758 602 630 429 774 431
day06/0181.jpg 632 353 680 359 766 362 823 360 666 512 778 512 653 356 791 362
day03/0252.jpg 721 278 767 281 846 282 900 279 750 416 855 418 743 279 866 282
day08/0901.jpg 633 331 670 336 731 334 770 334 664 438 744 442 652 334 747 337
day04/0200.jpg 671 470 717 475 792 480 848 475 712 620 813 620 699 475 818 477
day02/0557.jpg 584 330 649 345 761 353 833 349 620 532 776 535 622 338 792 352
day15/0135.jpg 592 325 635 331 712 333 761 332 628 466 721 466 612 328 731 335
day02/0237.jpg 625 300 670 302 752 304 805 298 668 445 761 445 648 304 775 300
day01/0527.jpg 615 420 661 421 739 416 791 415 650 562 758 559 638 422 756 420
day15/0016.jpg 633 337 677 344 745 342 791 339 663 465 755 466 657 340 765 341
day08/0301.jpg 612 412 663 425 746 434 798 439 625 571 737 584 641 420 766 436
day07/0680.jpg 684 460 729 467 810 467 859 463 720 605 821 605 707 464 833 466
day02/0131.jpg 664 457 710 461 785 461 839 455 698 599 802 600 687 458 808 459
day04/0220.jpg 664 401 713 404 789 408 841 403 702 540 799 539 693 404 816 404
day19/0153.jpg 683 372 722 380 789 381 828 380 712 494 793 497 699 377 807 380
day07/0416.jpg 723 362 763 366 836 370 887 370 747 490 841 495 741 366 855 370
day08/0036.jpg 604 376 657 378 729 380 781 379 650 516 750 513 629 376 746 379
day04/0288.jpg 647 405 687 410 750 408 797 406 679 526 759 522 666 410 772 406
day03/0705.jpg 647 405 699 418 779 431 833 432 670 574 787 582 676 410 808 431
day15/0007.jpg 630 337 674 341 743 341 794 340 663 462 753 461 654 340 764 342
day05/0155.jpg 658 399 702 407 775 413 823 408 683 537 775 545 679 402 795 412
day20/0042.jpg 557 347 608 344 695 332 754 320 624 500 735 482 579 345 716 324
day02/0099.jpg 658 370 704 374 770 373 820 370 699 492 785 494 679 370 790 370
day05/0146.jpg 660 351 701 362 773 369 820 370 676 492 775 502 684 356 792 368
day07/0735.jpg 538 368 585 372 658 372 708 368 575 505 676 502 562 369 683 370
day07/0036.jpg 622 408 674 413 751 416 795 416 656 556 758 556 652 410 771 416
day02/0422.jpg 664 448 714 454 794 454 848 454 700 592 812 592 693 449 820 455
day01/0347.jpg 637 410 686 417 768 424 816 425 663 563 770 572 665 414 790 426
day15/0025.jpg 612 395 662 401 747 402 805 400 662 556 757 562 638 395 770 400
day18/0002.jpg 663 391 716 399 791 401 844 399 702 541 804 543 690 395 812 400
day01/0183.jpg 588 441 636 448 712 450 763 448 617 592 722 593 612 445 732 450
day03/0707.jpg 636 398 697 412 776 420 829 425 672 562 783 573 666 407 798 422
day03/0760.jpg 644 419 696 425 773 424 830 421 681 571 794 567 672 421 803 422
day02/0263.jpg 634 318 682 325 753 327 802 324 663 449 758 453 662 322 775 324
day09/0182.jpg 645 374 685 379 754 383 801 380 670 498 765 507 666 376 777 379
day01/0250.jpg 637 365 685 372 754 372 797 371 673 499 766 497 664 368 771 372
day02/0012.jpg 640 343 686 350 767 351 820 344 682 494 781 491 666 345 795 346
day04/0291.jpg 650 406 689 409 754 409 797 408 675 527 761 525 667 409 775 408
day08/0672.jpg 640 380 698 388 783 390 841 391 677 545 787 548 669 384 808 391
day01/0381.jpg 608 309 662 312 757 310 809 308 645 474 762 467 640 312 779 311
day08/0673.jpg 652 383 708 390 791 397 852 397 686 545 801 554 685 388 820 395
day05/0144.jpg 645 357 692 368 761 372 814 371 675 497 768 503 674 365 787 370
day01/0557.jpg 629 217 681 225 758 231 812 232 658 359 761 364 664 220 780 233
day03/1102.jpg 691 450 732 454 802 458 854 453 719 582 819 583 714 454 828 456
day03/1178.jpg 637 416 683 425 764 429 819 429 666 570 772 575 661 420 787 429
day08/0573.jpg 698 368 746 380 827 384 874 383 718 518 825 524 723 372 845 384
day01/0136.jpg 599 429 643 432 720 435 771 429 633 575 733 574 619 431 741 433
day04/0149.jpg 654 414 700 419 773 418 821 413 689 554 786 554 679 416 795 417
day18/0555.jpg 580 359 637 364 712 364 759 361 629 505 725 502 611 363 733 361
day01/0471.jpg 618 385 666 393 742 393 795 391 652 530 756 531 648 391 765 391
day03/0593.jpg 593 433 650 438 737 437 799 433 631 601 758 597 620 435 762 435
day16/0013.jpg 625 238 671 241 745 241 793 236 663 377 759 373 648 240 767 237
day04/0077.jpg 612 426 668 432 755 429 805 426 649 587 771 583 645 429 783 429
day15/0035.jpg 620 402 676 407 757 408 817 410 654 554 764 560 650 407 783 410
day07/0435.jpg 725 368 768 373 837 374 887 374 750 495 843 504 750 370 859 375
day01/0089.jpg 575 414 616 417 698 410 753 404 615 562 713 554 595 417 721 408
day07/0999.jpg 671 325 720 329 801 334 846 331 704 470 807 468 695 329 820 333
day07/0942.jpg 579 429 622 433 696 434 739 434 607 566 705 564 600 431 713 436
day07/0836.jpg 645 394 695 403 771 404 825 402 684 547 791 546 673 401 798 404
day04/0237.jpg 660 338 700 341 781 344 827 341 695 486 796 481 684 341 805 341
day03/1031.jpg 652 374 692 377 760 378 808 377 683 500 774 500 672 375 783 376
day06/0100.jpg 670 425 717 432 799 438 858 440 696 583 804 592 700 430 828 439
day02/0584.jpg 535 255 595 265 692 262 758 253 586 433 709 433 567 261 717 258
day07/0493.jpg 645 403 693 405 779 408 839 405 689 566 799 568 671 403 806 407
day15/0002.jpg 635 336 674 339 742 344 793 337 660 462 750 460 654 338 764 341
day04/0199.jpg 669 471 714 477 791 478 841 474 708 619 804 618 693 471 815 474
day04/0209.jpg 661 405 709 408 782 411 828 408 691 543 789 544 689 407 808 409
day14/0026.jpg 611 307 662 311 745 316 799 316 646 454 750 458 637 309 766 317
day18/0561.jpg 551 362 598 362 674 363 724 354 596 506 699 497 577 362 700 358
day02/0487.jpg 557 269 610 276 699 280 762 282 590 419 711 429 586 272 729 281
day02/0073.jpg 607 391 660 392 735 389 791 383 656 530 759 531 635 391 758 386
day19/0017.jpg 605 335 647 340 716 334 758 333 638 459 729 456 626 338 734 336
day08/0949.jpg 664 350 704 352 770 354 816 354 693 461 784 462 683 350 789 354
day06/0242.jpg 658 440 703 444 777 450 823 447 689 580 788 585 680 441 798 448
day04/0247.jpg 616 376 664 382 737 385 787 382 654 517 747 516 640 379 758 383
day03/0994.jpg 702 337 745 339 814 341 857 341 739 455 829 456 728 337 834 341
day12/0303.jpg 582 283 624 287 685 284 729 283 615 397 695 397 604 285 704 285
day07/0298.jpg 547 418 596 431 682 437 741 436 569 579 679 591 577 422 707 435
day03/1172.jpg 641 412 687 418 764 419 828 422 665 560 779 566 665 417 791 421
day20/0015.jpg 626 376 679 385 765 390 825 389 662 546 770 552 654 380 795 389
day04/0056.jpg 617 257 670 265 744 270 802 268 655 401 760 401 646 260 769 268
day03/0635.jpg 678 400 737 413 833 430 889 436 699 578 822 598 709 408 856 434
day08/0906.jpg 636 327 676 329 738 336 775 333 666 437 750 439 656 332 754 334
day05/0106.jpg 678 377 717 386 784 392 833 394 696 504 787 509 702 383 804 393
day03/0550.jpg 585 404 638 410 724 412 779 409 624 560 731 562 617 408 750 408
day04/0278.jpg 621 334 668 336 745 339 795 336 660 480 755 477 650 335 771 338
day07/1004.jpg 675 314 724 321 800 324 848 320 708 468 812 462 699 317 820 321
day14/0049.jpg 677 354 731 359 820 367 883 366 710 522 829 527 707 356 849 368
day07/0577.jpg 666 381 720 389 815 397 878 395 696 558 825 562 692 387 845 397
day03/1099.jpg 688 449 732 452 804 452 852 453 715 577 825 577 712 450 828 453
day07/0151.jpg 608 339 657 344 743 351 795 349 643 502 750 504 636 342 770 347
day07/0867.jpg 634 414 680 421 762 425 814 423 670 573 775 572 654 417 787 424
day14/0051.jpg 665 354 718 360 813 368 871 367 696 523 820 530 691 358 837 369
day17/0022.jpg 700 429 747 433 812 435 858 431 741 548 825 553 722 431 832 435
day04/0243.jpg 619 375 666 383 738 383 788 382 651 515 750 518 642 380 762 383
day18/0126.jpg 595 298 631 304 689 304 737 305 616 412 701 411 616 303 711 305
day17/0041.jpg 608 415 662 424 748 433 807 426 645 597 758 593 638 420 778 428
day05/0107.jpg 669 376 716 387 785 395 829 395 698 506 786 513 693 383 804 396
day07/0107.jpg 556 354 603 359 678 364 725 361 589 500 691 494 578 355 694 362
day04/0177.jpg 681 471 727 476 808 481 858 478 714 627 825 625 708 476 833 481
day01/0033.jpg 658 380 706 390 771 392 818 391 695 510 783 515 683 388 794 394
day04/0127.jpg 727 312 776 318 846 324 895 320 761 439 854 445 752 315 867 320
day03/0761.jpg 645 415 696 419 776 418 826 416 686 562 800 562 675 416 795 416
day04/0426.jpg 667 375 718 378 801 380 852 379 705 530 813 527 695 378 827 377
day06/0174.jpg 647 354 692 359 781 362 833 361 683 509 791 509 667 356 803 361
day20/0143.jpg 652 429 689 435 750 440 795 437 674 545 754 549 671 429 768 438
day07/0949.jpg 573 422 619 429 691 434 740 431 610 565 704 562 598 427 715 430
day19/0033.jpg 553 265 598 267 681 265 734 264 591 415 696 409 572 268 704 267
day01/0526.jpg 638 405 683 411 765 411 808 411 674 547 779 545 662 408 787 410
day18/0114.jpg 591 300 631 309 694 312 733 311 616 416 702 418 614 304 710 309
day05/0134.jpg 640 395 681 408 746 412 795 408 665 528 752 535 661 402 769 409
day01/0205.jpg 616 416 664 426 750 429 799 426 650 581 757 583 644 420 772 426
day06/0133.jpg 627 335 681 341 761 346 820 348 664 484 772 487 655 341 783 349
day08/0249.jpg 657 353 717 370 814 385 872 395 674 531 811 554 691 362 842 391
day14/0050.jpg 670 351 720 356 812 369 875 367 704 520 820 526 695 354 837 367
day03/0292.jpg 708 254 754 258 823 257 875 258 739 381 830 380 732 256 844 260
day07/0232.jpg 612 313 658 317 733 323 784 322 645 454 741 458 639 316 756 321
day12/0353.jpg 658 413 714 415 812 400 870 393 729 587 850 570 687 413 837 399
day16/0009.jpg 626 234 674 241 747 240 796 235 666 377 760 374 651 237 770 237
day01/0547.jpg 632 223 677 227 754 232 805 231 658 358 759 362 655 223 781 230
day04/0145.jpg 662 408 704 415 780 418 830 413 696 552 792 554 684 412 801 416
day15/0066.jpg 620 406 672 412 755 412 817 412 658 562 767 561 646 408 779 413
day18/0014.jpg 668 402 716 408 796 406 852 404 704 553 809 548 691 404 818 405
day07/0759.jpg 604 323 654 332 739 336 795 332 635 490 752 491 635 329 763 333
day01/0115.jpg 602 446 643 450 722 445 768 443 637 591 735 588 625 447 741 443
day07/0623.jpg 716 387 765 395 852 400 912 401 747 550 856 557 738 392 875 403
day03/0065.jpg 628 345 671 349 750 357 795 358 653 474 748 479 655 347 770 357
day12/0279.jpg 502 421 558 420 642 407 701 399 560 579 682 558 529 420 669 403
day03/0997.jpg 701 340 743 342 814 345 858 345 741 462 825 459 724 341 833 345
day07/0492.jpg 639 397 689 405 774 406 834 400 687 564 789 563 663 400 797 404
day02/0629.jpg 566 320 638 325 747 330 815 329 612 518 752 522 609 323 775 332
day03/0227.jpg 683 394 740 401 828 387 888 379 744 560 860 544 716 399 857 384
day02/0300.jpg 687 414 734 415 807 412 857 408 729 546 828 543 714 416 829 411
day01/0470.jpg 616 388 660 391 737 391 786 388 652 533 752 527 636 388 760 388
day15/0220.jpg 582 281 640 291 739 304 808 312 608 465 731 481 613 288 768 308
day17/0050.jpg 587 419 649 426 733 424 793 420 632 598 754 593 613 421 758 420
day07/0020.jpg 628 435 675 443 750 444 796 438 666 578 762 577 657 439 772 439
day18/0564.jpg 556 365 598 364 683 362 733 353 597 508 705 500 573 366 702 359
day01/0113.jpg 601 447 651 452 723 450 774 446 631 591 743 590 627 448 745 450
day08/1042.jpg 671 347 728 346 816 340 876 331 725 509 849 496 702 346 845 335
day15/0203.jpg 646 275 706 293 796 323 855 338 645 451 781 486 683 283 825 328
day02/0345.jpg 606 392 669 400 757 398 824 393 653 545 779 544 639 396 783 395
day05/0151.jpg 679 358 721 370 786 384 837 387 682 493 770 515 704 365 811 384
day06/0109.jpg 676 425 724 435 808 443 870 442 697 587 813 595 695 429 832 440
day02/0123.jpg 673 451 721 458 795 460 853 458 708 598 812 599 700 454 822 458
day01/0432.jpg 612 413 663 413 735 414 781 412 654 552 752 545 637 413 755 415
day03/1173.jpg 633 407 683 416 768 420 822 421 659 563 778 567 658 411 790 420
day01/0302.jpg 683 375 732 380 809 383 864 379 714 524 820 523 708 376 833 379
day08/0997.jpg 610 307 650 312 719 305 770 299 646 433 737 427 629 307 741 302
day07/0641.jpg 677 433 729 437 812 440 870 435 713 587 827 591 705 434 837 437
day18/0314.jpg 558 454 608 456 687 450 737 442 612 608 720 591 583 456 708 448
day04/0141.jpg 656 406 702 413 777 416 826 416 691 549 789 550 679 409 800 416
day01/0468.jpg 607 391 658 393 733 395 786 391 645 533 750 526 634 395 754 394
day03/0222.jpg 683 388 740 388 834 382 898 371 744 547 873 536 708 387 858 381
day08/0738.jpg 646 430 690 436 762 443 813 440 666 565 770 573 670 432 786 440
day02/0120.jpg 667 423 718 427 781 426 829 421 711 545 799 549 693 425 800 425
day08/0372.jpg 676 428 732 437 811 439 866 438 716 576 818 579 703 432 833 438
day02/0008.jpg 635 345 691 352 766 352 825 345 678 495 789 492 662 349 791 350
day03/0261.jpg 636 271 684 281 759 286 808 283 671 408 768 412 665 277 780 283
day03/0959.jpg 679 287 735 294 823 295 881 298 716 430 841 439 708 291 849 297
day15/0090.jpg 645 408 699 408 771 408 824 406 687 548 786 545 670 407 795 408
day05/0127.jpg 637 398 675 411 738 413 792 411 658 533 746 539 658 403 765 411
day20/0072.jpg 655 369 712 376 791 379 849 372 688 520 803 525 686 369 821 373
day05/0147.jpg 649 364 694 375 766 378 816 376 673 506 770 514 675 366 791 376
day08/0813.jpg 558 327 595 327 666 320 716 314 587 450 684 442 580 325 690 318
day18/0522.jpg 556 299 607 309 688 314 736 313 587 454 689 459 587 303 716 314
day18/0153.jpg 640 269 691 275 771 283 825 286 675 417 772 425 663 271 796 283
day02/0049.jpg 601 352 657 359 731 363 784 364 641 493 739 496 634 355 757 363
day15/0217.jpg 575 279 641 290 732 304 800 312 602 462 728 474 607 287 759 307
day03/0284.jpg 715 256 754 258 830 262 873 262 742 383 829 383 732 258 850 262
day06/0003.jpg 680 379 726 393 800 411 850 422 687 517 788 541 709 384 828 415
day02/0163.jpg 615 386 670 391 759 391 821 391 653 542 777 544 643 387 789 394
day07/0713.jpg 584 402 635 405 714 403 758 396 622 538 729 537 613 404 732 402
day09/0188.jpg 618 412 679 424 767 428 835 420 655 595 787 601 648 418 808 422
day08/0669.jpg 645 382 700 392 781 393 846 392 677 545 792 550 675 387 813 395
day02/0434.jpg 667 441 713 446 787 450 845 445 704 586 805 584 695 444 813 445
day03/0765.jpg 641 422 697 425 775 423 830 417 688 565 795 565 673 422 801 422
day01/0214.jpg 625 407 675 416 755 419 803 412 664 561 767 557 651 409 776 414
day08/0292.jpg 608 409 661 421 743 429 802 433 632 566 741 579 635 414 764 428
day03/0330.jpg 653 276 701 284 774 288 827 283 689 412 785 418 678 279 795 287
day02/0098.jpg 658 370 706 373 770 373 817 370 699 494 787 495 687 370 790 370
day03/1015.jpg 622 359 666 369 741 372 784 374 647 498 749 499 648 364 761 372
day15/0216.jpg 595 278 654 287 751 304 817 308 617 458 740 476 626 279 780 305
day02/0190.jpg 582 416 639 425 731 425 791 419 622 597 754 594 612 417 758 420
day07/0856.jpg 631 412 680 417 765 420 819 419 674 573 779 573 662 415 789 419
day02/0547.jpg 572 333 636 341 746 348 829 346 611 540 766 545 598 339 778 347
day02/0180.jpg 639 383 694 392 783 400 840 401 666 554 791 556 666 387 809 397
day07/0575.jpg 673 381 724 385 810 391 869 386 705 542 826 542 698 379 833 388
day03/1191.jpg 534 449 593 448 678 438 729 430 587 608 712 591 562 450 700 435
day03/0909.jpg 680 264 716 280 776 303 810 317 672 379 746 407 704 272 791 310
day18/0526.jpg 547 304 595 311 683 314 729 316 584 451 678 456 574 309 705 319
day07/0110.jpg 558 356 604 362 677 362 729 362 594 497 691 494 585 359 701 362
day03/0298.jpg 712 254 753 256 823 259 871 258 740 379 834 383 733 254 846 262
day08/0026.jpg 612 382 658 381 734 383 782 381 649 519 748 516 638 382 755 383
day07/0938.jpg 560 431 607 433 681 431 728 429 597 565 697 559 583 433 697 433
day07/1045.jpg 626 341 673 349 745 348 791 345 659 477 759 478 648 345 767 344
day02/0252.jpg 655 331 706 333 777 335 832 334 695 465 787 467 684 332 800 334
day07/0220.jpg 569 454 612 461 697 459 750 455 604 612 710 608 592 458 720 457
day02/0249.jpg 651 329 699 333 773 334 827 335 689 469 787 464 676 332 801 333
day02/0107.jpg 675 420 719 426 783 424 833 420 702 549 800 546 697 422 807 422
day08/0408.jpg 696 469 747 476 823 482 873 482 725 616 829 617 724 467 846 481
day07/0619.jpg 712 386 769 394 855 401 916 403 738 547 858 555 737 390 880 404
day19/0018.jpg 601 335 642 337 708 333 756 330 638 460 729 456 620 335 730 330
day07/0459.jpg 702 404 756 417 845 431 907 433 727 579 839 591 727 408 874 430
day08/0818.jpg 583 342 625 342 693 341 746 337 615 473 713 466 600 343 717 341
day07/0847.jpg 648 397 694 404 779 407 832 406 679 549 784 547 670 401 804 409
day02/0212.jpg 636 333 689 335 769 333 821 329 679 479 780 475 663 333 791 333
day02/0103.jpg 668 414 710 420 776 420 822 416 700 541 790 542 691 419 795 417
day07/0751.jpg 608 320 659 331 750 335 803 334 641 487 761 489 633 326 772 334
day17/0077.jpg 626 331 685 335 767 333 825 327 679 487 787 483 660 332 794 329
day06/0019.jpg 684 400 737 411 820 416 875 411 714 556 829 566 715 407 856 412
day07/0618.jpg 713 387 768 392 855 401 917 401 741 549 861 556 740 388 883 404
day03/1088.jpg 687 433 737 433 824 433 883 431 729 593 846 586 716 437 849 432
day07/0205.jpg 575 450 621 457 702 458 754 454 603 603 717 604 601 453 725 458
day01/0495.jpg 586 441 632 442 712 445 766 437 618 589 733 586 612 441 738 441
day07/0019.jpg 625 438 671 441 745 441 788 441 662 579 762 574 656 441 765 443
day02/0216.jpg 651 320 700 329 776 326 838 324 689 472 789 467 679 323 807 325
day07/0515.jpg 612 427 662 437 745 441 805 442 637 591 754 593 635 433 767 441
day08/0833.jpg 592 366 625 369 693 358 737 358 621 472 718 464 611 368 711 358
day03/0733.jpg 620 310 679 324 777 327 847 323 650 501 793 504 647 313 804 324
day04/0355.jpg 625 307 678 314 762 316 815 318 658 465 768 464 652 311 782 317
day07/0903.jpg 649 409 702 418 783 422 838 419 692 570 796 574 678 413 804 420
day07/0609.jpg 651 416 711 425 797 432 862 432 683 588 810 592 682 418 823 432
day01/0536.jpg 641 402 687 406 764 408 813 407 673 541 783 541 663 404 787 408
day05/0112.jpg 670 383 712 392 779 398 831 400 692 512 782 520 686 387 799 399
day07/0085.jpg 668 340 720 344 803 345 858 347 707 493 816 493 697 345 826 345
day03/0302.jpg 695 325 741 325 816 320 867 317 737 456 835 454 719 325 835 319
day08/0894.jpg 632 326 673 333 732 335 773 333 654 440 747 437 653 328 752 333
day03/0245.jpg 724 275 769 278 849 274 897 272 758 410 854 408 747 276 869 273
day08/0559.jpg 695 364 748 376 825 379 882 387 720 515 829 523 725 371 854 384
day07/0563.jpg 709 397 766 405 846 408 904 406 745 552 855 559 735 400 868 407
day05/0141.jpg 612 354 659 365 736 368 788 362 645 498 741 503 638 359 758 367
day15/0201.jpg 627 289 679 304 766 322 818 326 648 465 754 478 653 298 789 322
day04/0324.jpg 664 433 711 441 783 444 834 441 694 574 800 573 684 437 807 442
day07/0781.jpg 579 420 633 430 715 436 770 435 611 577 726 581 607 425 738 436
day03/0280.jpg 710 258 753 260 822 262 866 260 738 382 832 382 731 258 841 261
day07/0638.jpg 677 430 724 434 812 436 866 433 716 583 825 587 700 431 833 437
day12/0278.jpg 503 420 554 418 641 404 700 398 560 575 682 556 531 418 665 403
day15/0100.jpg 650 411 697 411 773 411 825 407 689 549 787 543 673 411 794 411
day20/0050.jpg 561 352 612 351 704 336 758 325 624 509 744 487 587 353 724 331
day05/0130.jpg 637 402 679 412 745 416 795 412 661 536 746 542 658 406 766 411
day20/0074.jpg 658 373 710 382 792 383 850 379 689 521 800 526 682 378 816 380
day01/0340.jpg 607 338 650 343 720 349 763 350 629 466 723 468 629 341 738 352
day08/0430.jpg 678 465 729 475 799 478 855 479 712 609 812 616 703 469 823 475
day19/0107.jpg 666 428 718 440 809 453 875 461 687 605 816 622 692 433 838 458
day08/0809.jpg 609 313 654 323 730 328 782 329 632 447 745 452 634 318 754 326
day03/0601.jpg 606 406 665 408 754 402 815 398 653 570 780 563 635 407 779 400
day04/0295.jpg 653 410 693 414 758 413 801 412 680 532 769 528 674 412 775 412
day04/0430.jpg 663 378 716 383 800 382 854 379 702 535 812 533 687 381 817 382
day09/0114.jpg 649 390 710 400 798 411 853 408 684 560 802 569 688 394 824 409
day04/0128.jpg 720 316 761 319 829 319 877 315 754 438 841 443 736 317 849 317
day07/0045.jpg 620 392 672 398 747 403 797 401 655 545 763 542 646 395 767 401
day08/0851.jpg 667 408 709 412 774 414 818 414 696 530 787 529 688 408 797 410
day03/0901.jpg 644 273 680 280 737 288 780 289 660 381 738 389 664 274 756 288
day18/0055.jpg 626 395 690 406 784 408 843 407 665 582 797 578 658 398 806 408
day03/0557.jpg 581 394 644 396 728 396 786 391 639 553 739 551 613 395 753 396
day02/0186.jpg 589 416 650 421 747 427 808 422 632 597 770 598 626 416 773 426
day03/0978.jpg 698 340 740 344 809 348 854 346 728 466 819 466 718 344 828 346
day08/0671.jpg 638 385 697 391 783 399 847 394 680 549 795 552 669 390 810 398
day04/0215.jpg 651 400 702 403 776 403 822 398 688 538 788 538 676 398 798 400
day03/0258.jpg 711 279 764 282 843 286 899 282 746 421 855 420 736 281 871 281
day03/0096.jpg 673 379 726 384 793 388 837 385 707 507 799 511 701 379 814 389
day04/0187.jpg 673 462 725 470 803 475 850 477 708 606 812 613 701 468 825 476
day07/1072.jpg 650 337 697 344 773 346 824 344 686 478 787 483 675 340 795 345
day02/0224.jpg 634 295 688 300 765 302 815 298 679 435 776 435 666 300 786 300
day07/0009.jpg 626 434 672 438 744 438 789 432 662 573 761 570 649 438 765 436
day06/0176.jpg 639 353 689 360 773 359 834 361 671 510 788 511 667 357 797 363
day07/0839.jpg 642 401 695 405 776 408 832 402 680 554 789 550 669 403 798 403
day15/0240.jpg 570 371 615 375 692 381 742 378 606 512 700 509 594 374 713 380
day03/1108.jpg 681 452 730 453 799 451 849 449 717 573 817 576 709 449 819 451
day03/0316.jpg 712 321 767 328 843 327 894 323 750 464 854 468 739 321 862 323
day20/0045.jpg 557 349 616 346 701 334 760 324 627 505 744 487 593 346 730 328
day02/0382.jpg 634 360 694 370 783 370 844 364 683 532 796 533 662 362 812 367
day03/0006.jpg 623 425 674 434 745 444 795 448 645 564 744 575 652 429 768 445
day01/0164.jpg 592 438 639 445 720 446 769 444 627 592 729 586 612 440 743 447
day04/0346.jpg 623 304 678 307 760 310 817 311 667 465 766 460 651 308 784 313
day07/0233.jpg 608 313 652 318 728 321 777 318 644 452 738 456 630 315 747 320
day03/0992.jpg 669 340 711 340 778 341 828 340 702 456 792 456 690 341 798 339
day12/0222.jpg 646 318 703 331 778 344 834 357 661 469 779 484 676 326 802 350
day02/0130.jpg 657 454 710 460 785 459 839 457 703 598 799 598 687 455 808 456
day03/0318.jpg 718 322 766 326 845 326 900 326 754 462 854 466 744 324 874 326
day07/0086.jpg 672 341 722 344 808 348 858 348 709 488 817 492 696 344 829 348
day03/0598.jpg 595 428 649 432 739 432 796 428 640 601 762 595 624 428 766 431
day08/0972.jpg 622 297 670 305 738 306 788 306 654 430 748 431 648 302 762 305
day08/0767.jpg 641 261 692 264 770 264 826 263 680 403 783 401 668 261 795 265
day08/0028.jpg 613 376 659 380 733 382 779 378 648 518 750 515 636 376 758 380
day05/0152.jpg 630 379 670 392 742 401 793 397 646 521 740 534 652 385 767 397
day01/0228.jpg 615 389 666 396 742 398 790 392 648 539 756 536 640 389 764 394
day04/0037.jpg 631 337 679 343 763 349 820 348 660 490 778 492 650 341 787 347
day08/0954.jpg 660 352 700 355 768 355 804 350 688 467 775 466 681 351 786 353
day08/0872.jpg 660 348 708 357 785 371 838 378 674 491 777 508 686 354 806 374
day07/0161.jpg 584 418 626 426 691 428 732 426 611 550 701 549 608 422 713 427
day06/0185.jpg 634 355 688 361 771 367 828 362 668 516 784 516 662 357 798 364
day17/0066.jpg 630 323 684 329 772 331 828 324 670 485 788 483 659 322 798 327
day19/0151.jpg 684 381 722 388 786 386 828 383 712 502 793 503 708 383 806 387
day07/0481.jpg 648 394 711 397 795 398 853 395 693 551 811 557 681 394 816 399
day15/0184.jpg 608 291 658 296 741 300 797 295 647 445 757 445 638 291 772 297
day01/0461.jpg 637 419 690 424 772 421 826 418 683 569 788 567 661 423 795 418
day07/0260.jpg 600 434 652 440 728 446 776 438 640 587 744 585 621 434 749 439
day05/0115.jpg 621 383 660 390 724 392 778 394 640 508 723 515 642 384 751 395
day15/0073.jpg 612 402 669 405 748 409 801 402 659 548 760 553 640 402 775 404
day07/0026.jpg 619 404 674 413 745 414 800 413 656 550 757 553 646 405 764 413
day03/0979.jpg 701 342 739 346 807 346 856 346 730 464 820 466 720 345 829 347
day09/0172.jpg 642 368 689 374 756 375 807 374 673 500 770 500 663 370 776 373
day02/0543.jpg 570 334 639 338 742 345 820 340 616 541 755 539 602 332 772 344
day04/0154.jpg 640 417 689 425 764 422 813 419 679 559 784 560 666 422 783 419
day08/1000.jpg 613 295 659 296 738 296 784 295 650 420 746 422 640 295 757 292
day02/0127.jpg 655 459 705 464 779 464 835 461 698 598 798 601 679 460 807 458
day07/1002.jpg 670 310 725 320 803 326 857 323 708 461 811 461 694 317 823 323
day02/0309.jpg 598 372 653 375 748 373 809 371 645 534 764 533 629 375 776 376
day01/0159.jpg 592 440 650 441 719 448 769 442 628 589 741 586 622 438 741 442
day08/0870.jpg 657 347 708 360 780 371 839 376 669 491 777 508 683 356 806 375
day02/0251.jpg 658 334 705 338 782 338 832 338 692 472 790 470 682 336 801 338
day20/0069.jpg 650 370 704 377 790 380 849 375 686 516 800 522 679 375 812 378
day01/0261.jpg 630 370 676 376 742 380 785 374 658 500 752 499 652 372 762 376
day08/0994.jpg 615 302 662 305 737 301 786 295 651 426 751 427 637 303 754 300
day07/0431.jpg 713 366 757 371 831 374 877 372 743 498 836 503 732 371 853 374
day02/0017.jpg 628 349 679 352 758 348 810 344 673 492 780 491 653 350 780 347
day08/0462.jpg 690 392 745 400 825 406 882 405 726 541 834 548 719 395 851 404
day07/0834.jpg 641 400 692 403 772 404 827 403 683 548 789 546 666 402 795 403
day04/0211.jpg 655 408 706 409 779 413 833 409 695 544 791 544 681 409 800 412
day02/0229.jpg 633 302 682 304 757 305 812 302 671 441 766 441 658 303 780 305
day07/0649.jpg 679 427 738 434 821 438 877 437 721 586 835 585 708 429 847 440
day08/0793.jpg 649 334 692 340 762 346 808 345 673 466 765 470 672 335 782 344
day03/1011.jpg 604 367 653 371 723 373 773 372 637 497 735 502 627 370 743 374
day17/0055.jpg 579 424 638 425 721 425 791 417 631 595 748 589 604 423 747 420
day03/0987.jpg 697 339 742 341 807 341 859 340 733 464 822 462 720 338 830 339
day03/0313.jpg 715 323 762 325 840 325 894 323 752 462 854 465 745 323 866 325
day04/0181.jpg 645 463 691 468 769 470 820 467 676 605 784 604 664 465 790 470
day03/0996.jpg 699 342 745 345 811 344 862 346 734 462 821 464 724 342 838 342
day07/0811.jpg 637 412 687 419 762 420 812 416 668 555 778 549 662 416 783 417
day01/0535.jpg 633 410 681 411 756 409 805 408 662 545 778 542 654 412 774 410
day15/0226.jpg 579 366 628 375 699 377 749 378 610 506 704 509 602 369 721 377
day04/0447.jpg 629 385 672 395 736 397 778 395 656 513 740 514 650 390 754 397
day07/0996.jpg 659 328 710 333 784 337 835 337 700 473 798 472 685 332 811 333
day09/0189.jpg 610 408 673 420 769 422 828 415 644 596 786 596 635 409 795 416
day04/0285.jpg 648 406 691 410 751 411 797 407 675 527 762 525 670 408 772 408
day07/0868.jpg 625 415 682 422 763 424 812 422 667 578 772 572 655 416 783 423
day06/0157.jpg 620 264 668 271 742 274 792 269 653 403 756 403 646 266 766 270
day01/0514.jpg 660 413 712 416 787 416 834 417 703 551 800 552 688 415 805 416
day07/0902.jpg 646 412 702 417 782 421 840 421 685 570 799 577 675 416 805 421
day02/0333.jpg 569 392 629 397 716 395 776 387 616 554 739 553 602 393 741 393
day01/0153.jpg 584 453 637 458 708 458 761 452 620 599 729 596 611 453 732 453
day07/0284.jpg 608 375 661 397 742 420 798 438 601 542 719 575 634 388 768 428
day02/0327.jpg 569 392 629 399 714 395 777 388 615 554 738 553 602 392 741 394
day03/0669.jpg 532 283 587 279 667 266 720 254 603 435 715 408 557 283 689 261
day08/0637.jpg 645 383 698 388 777 387 832 383 676 532 797 535 670 384 798 384
day20/0068.jpg 651 363 708 371 787 379 850 373 691 512 802 520 677 366 813 370
day01/0335.jpg 605 337 650 345 719 350 767 352 629 466 725 470 627 343 734 350
day02/0044.jpg 609 337 662 346 735 351 783 351 643 477 743 483 638 343 758 351
day08/0747.jpg 648 435 695 439 764 446 816 446 674 570 775 578 673 437 789 445
day04/0344.jpg 672 272 732 281 817 284 875 283 709 441 826 440 708 278 846 283
day04/0309.jpg 652 463 702 466 775 466 825 465 691 601 800 597 677 465 796 467
day07/0420.jpg 714 364 763 371 832 376 886 375 745 494 841 499 738 367 858 375
day04/0151.jpg 655 416 702 418 778 420 826 418 700 557 792 553 679 415 800 420
day02/0246.jpg 648 335 697 340 771 341 820 338 682 474 785 477 671 337 790 338
day04/0350.jpg 638 303 689 310 779 315 826 312 674 464 778 466 665 311 799 314
day08/0648.jpg 659 387 708 395 792 400 852 396 689 540 802 546 684 391 817 398
day18/0556.jpg 579 361 631 366 705 368 758 362 624 508 724 500 605 366 728 368
day01/0221.jpg 606 413 662 420 745 418 798 417 654 570 761 568 634 415 763 419
day01/0516.jpg 675 410 722 412 799 417 848 417 706 551 809 553 698 413 820 418
day04/0161.jpg 678 458 732 467 809 472 860 470 710 608 819 613 707 461 835 470
day03/1089.jpg 686 432 740 435 821 433 882 427 731 591 845 583 713 432 852 431
day08/0817.jpg 668 321 714 334 782 350 825 354 692 459 782 473 692 328 802 351
day07/0407.jpg 684 358 728 364 799 368 851 366 713 489 808 500 710 361 822 368
day08/0885.jpg 631 344 675 345 751 348 801 349 660 481 759 482 655 342 776 350
day09/0190.jpg 612 413 666 419 770 423 827 418 646 595 779 595 638 413 789 422
day01/0251.jpg 629 369 676 374 742 370 793 372 664 499 758 499 651 373 767 372
day03/0025.jpg 685 357 727 363 795 366 845 366 723 487 804 488 705 362 818 366
day07/0108.jpg 555 353 601 360 680 362 724 358 592 493 690 492 579 356 697 357
day02/0272.jpg 636 317 681 329 750 331 808 330 660 461 760 461 660 324 777 328
day04/0451.jpg 641 392 680 398 746 401 791 402 668 516 750 520 660 394 772 402
day01/0534.jpg 633 407 681 408 762 412 814 408 672 552 782 545 659 409 780 411
day12/0144.jpg 658 415 704 432 787 457 839 477 644 575 762 614 684 423 814 467
day06/0153.jpg 621 269 672 274 746 278 798 274 658 410 759 411 648 273 767 275
day08/0865.jpg 696 402 737 405 802 404 849 403 723 518 818 519 719 401 821 404
day07/0411.jpg 676 352 715 358 790 360 836 359 698 483 804 490 696 356 808 360
day16/0003.jpg 632 236 679 244 756 243 804 238 668 379 768 378 660 240 785 239
day01/0051.jpg 652 368 703 371 776 368 831 367 690 504 789 502 680 369 798 367
day02/0287.jpg 680 416 726 416 800 413 850 409 719 551 816 544 704 417 821 412
day17/0026.jpg 707 428 748 432 815 432 861 432 737 547 826 552 731 429 836 432
day03/0584.jpg 593 426 652 430 738 428 796 423 633 592 760 590 627 430 771 428
day03/1062.jpg 706 441 756 450 840 459 896 463 723 596 839 611 734 448 863 461
day14/0022.jpg 621 289 671 295 756 304 808 305 655 440 764 447 650 292 777 303
day01/0131.jpg 601 424 652 432 729 434 779 432 631 574 740 574 632 428 749 432
day08/0531.jpg 676 364 725 372 804 377 860 375 706 517 814 517 699 366 832 373
day07/0399.jpg 699 344 744 353 816 359 867 362 721 480 822 490 725 347 838 360
day03/0299.jpg 686 322 736 319 806 318 856 312 718 452 831 448 712 324 830 316
day07/0387.jpg 612 424 667 429 745 432 801 430 640 583 767 581 642 427 772 430
day18/0434.jpg 632 336 699 348 801 356 872 355 670 525 814 540 671 341 834 354
day09/0144.jpg 644 390 699 396 771 404 827 404 677 535 779 540 675 391 798 402
day08/0654.jpg 650 377 708 387 796 393 850 392 688 543 808 549 679 384 823 392
day03/1104.jpg 695 448 739 452 814 453 861 454 724 580 827 576 720 452 836 455
day03/0049.jpg 625 340 676 346 748 343 800 337 668 476 762 472 653 343 777 340
