day04/0268.jpg 601 214 677 207 768 207 838 208 670 384 786 378 646 202 804 197
day04/0287.jpg 603 375 676 372 753 371 812 376 668 531 765 527 644 370 784 366
day10/0005.jpg 570 310 614 308 685 305 728 307 615 428 696 432 593 307 706 302
day08/0005.jpg 535 216 605 210 714 202 789 201 607 407 739 407 558 207 741 190
day03/0266.jpg 553 201 619 194 700 196 760 198 613 354 712 352 589 191 732 189
day10/0090.jpg 587 416 646 413 710 415 756 412 642 545 726 544 623 409 737 405
day07/0014.jpg 568 282 624 278 709 275 769 274 622 430 726 426 596 273 741 268
day15/0001.jpg 541 229 596 229 673 223 730 230 593 380 679 376 573 226 705 224
day05/0378.jpg 607 259 670 254 751 257 804 257 659 404 762 403 643 253 778 248
day16/0311.jpg 619 236 691 232 796 233 857 234 684 428 797 417 661 230 832 226
day09/0099.jpg 516 237 577 234 669 232 731 234 572 403 679 399 542 226 698 222
day09/0165.jpg 600 155 663 154 745 156 808 159 654 315 752 315 633 144 780 148
day05/0259.jpg 537 195 592 188 671 183 725 183 589 332 691 329 563 187 697 176
day04/0359.jpg 587 294 647 290 719 286 781 288 644 433 742 427 619 285 753 280
day04/0345.jpg 672 300 726 297 796 302 846 303 714 435 803 438 703 293 826 298
day13/0073.jpg 612 277 661 271 735 275 781 280 657 401 735 403 638 270 757 271
day13/0095.jpg 584 279 633 276 711 279 754 280 625 407 710 406 607 269 727 269
day11/0026.jpg 537 219 594 211 673 210 744 211 582 366 692 358 558 211 701 204
day13/0031.jpg 517 284 561 280 626 284 673 282 558 404 637 405 531 279 650 276
day03/0088.jpg 591 290 635 284 699 279 743 279 639 400 709 396 609 282 718 275
day16/0214.jpg 576 225 630 225 711 219 766 219 626 375 726 366 599 218 735 208
day06/0071.jpg 603 362 658 358 730 359 785 363 649 493 739 494 630 357 753 353
day16/0128.jpg 571 400 628 400 705 396 757 402 617 561 720 556 600 396 734 392
day03/0193.jpg 570 205 624 196 692 192 745 191 623 323 713 321 600 196 723 187
day03/0164.jpg 553 343 608 334 671 331 724 329 606 463 693 460 578 331 693 323
day03/0064.jpg 543 249 607 242 686 235 754 231 610 401 711 393 568 240 718 227
day16/0225.jpg 573 227 631 225 706 222 765 222 628 374 724 369 600 219 734 213
day03/0288.jpg 569 168 639 163 710 162 777 159 632 322 736 315 604 162 746 152
day02/0034.jpg 563 339 616 337 692 337 743 343 618 478 707 475 594 332 721 333
day15/0013.jpg 533 236 593 234 670 231 727 233 582 386 688 381 565 232 700 227
day05/0097.jpg 550 167 623 160 704 159 775 157 616 328 728 318 586 157 742 151
day13/0015.jpg 511 273 568 269 658 270 721 274 562 433 676 427 539 267 686 265
day03/0265.jpg 531 201 597 192 675 195 740 196 590 354 695 349 565 193 709 189
day12/0010.jpg 556 361 609 357 687 351 740 350 620 495 716 490 583 356 715 344
day16/0304.jpg 579 212 654 212 749 207 821 202 645 404 774 390 616 204 790 195
day06/0004.jpg 622 356 684 354 759 358 812 359 674 506 780 506 658 350 792 351
day04/0106.jpg 559 278 629 273 710 268 783 271 620 448 734 441 590 269 750 262
day05/0106.jpg 525 189 583 183 651 182 713 180 580 324 674 326 552 178 682 173
day01/0043.jpg 531 300 593 293 668 295 729 295 585 447 680 446 559 292 697 289
day06/0021.jpg 527 268 605 262 695 254 778 251 596 448 722 443 562 257 739 244
day13/0008.jpg 498 267 559 266 642 267 704 268 545 430 654 422 525 265 675 262
day10/0076.jpg 543 371 608 371 683 371 742 371 596 522 694 523 578 369 715 365
day09/0119.jpg 581 200 645 197 728 197 787 200 642 350 740 351 621 193 760 192
day05/0035.jpg 588 169 648 164 716 165 773 165 645 306 734 302 620 158 748 157
day04/0116.jpg 531 275 596 268 677 266 755 268 585 439 695 438 556 267 713 258
day04/0269.jpg 599 215 678 210 764 207 833 206 671 385 786 382 643 203 806 199
day10/0080.jpg 598 427 652 424 719 416 768 417 653 561 745 551 626 422 739 411
day04/0322.jpg 545 269 607 265 687 259 754 259 598 427 710 422 573 260 722 252
day05/0021.jpg 572 162 631 158 701 159 760 157 624 298 726 298 600 157 731 152
day05/0375.jpg 572 246 631 244 713 240 765 237 628 389 726 384 597 239 737 230
day03/0305.jpg 525 172 580 162 645 154 710 153 581 296 668 292 544 165 675 148
day05/0079.jpg 525 284 598 278 686 272 760 270 590 458 711 448 552 280 713 266
day10/0003.jpg 590 306 643 304 705 305 749 303 640 427 719 422 625 303 728 300
day04/0153.jpg 573 325 634 319 708 316 766 314 632 461 730 461 607 314 739 304
day12/0118.jpg 562 374 626 372 725 371 783 372 620 546 739 547 590 369 750 365
day10/0019.jpg 552 334 597 329 653 328 699 324 600 442 673 438 569 325 673 319
day05/0411.jpg 503 319 561 314 659 307 721 309 561 482 684 474 523 311 684 299
day03/0323.jpg 594 158 659 151 736 150 800 154 650 305 747 307 627 151 769 146
day16/0289.jpg 567 263 630 257 733 257 790 258 633 438 736 429 601 253 758 250
day12/0076.jpg 584 300 635 296 717 295 772 295 627 434 729 438 606 290 738 289
day03/0271.jpg 528 200 591 192 672 194 733 195 586 351 676 351 556 186 702 184
day05/0071.jpg 517 282 576 273 668 265 742 265 578 453 697 442 536 272 703 259
day10/0033.jpg 547 250 602 243 691 238 741 241 600 399 709 391 578 240 715 231
day10/0131.jpg 536 367 596 363 673 353 720 353 599 507 685 504 562 356 692 346
day12/0098.jpg 589 318 646 315 722 310 772 315 641 460 728 448 618 310 749 305
day09/0075.jpg 492 153 564 145 652 136 718 134 569 320 676 307 526 142 691 127
day10/0070.jpg 526 369 580 367 658 366 723 369 578 519 665 516 548 361 684 361
day04/0109.jpg 579 280 650 273 735 272 803 274 642 448 753 444 616 270 774 266
day16/0164.jpg 590 191 649 189 732 188 786 186 653 344 753 339 629 182 764 179
day05/0120.jpg 549 201 609 196 688 196 742 196 600 339 700 339 581 195 715 188
day04/0245.jpg 576 232 644 226 720 223 780 222 638 379 740 372 601 220 744 214
day05/0327.jpg 566 287 626 277 707 272 769 269 621 437 726 427 590 278 734 262
day07/0025.jpg 552 241 612 233 700 228 756 229 606 392 706 390 583 230 730 220
day03/0391.jpg 584 331 646 323 722 323 775 325 645 477 738 472 619 319 753 317
day15/0025.jpg 534 240 593 241 670 235 725 235 592 389 686 383 569 235 701 229
day08/0084.jpg 573 208 649 200 745 203 808 201 651 395 765 384 615 200 784 197
day10/0031.jpg 515 257 561 254 642 249 703 247 567 405 662 396 534 246 671 238
day10/0043.jpg 565 257 617 255 704 251 757 251 620 406 717 398 592 250 732 246
day10/0050.jpg 600 292 646 288 719 290 758 287 643 415 730 410 628 285 735 280
day13/0034.jpg 530 277 572 273 640 276 688 276 567 396 649 395 552 268 662 270
day10/0088.jpg 573 422 619 419 692 421 739 420 626 550 704 547 595 414 713 412
day03/0412.jpg 539 332 584 324 643 324 687 324 588 436 660 432 565 324 669 320
day12/0114.jpg 565 364 626 361 728 358 789 357 622 534 733 530 596 354 749 348
day03/0175.jpg 564 341 614 336 677 330 727 330 608 456 692 460 583 330 699 324
day05/0458.jpg 596 214 659 213 740 215 803 220 645 363 753 370 626 205 776 208
day16/0149.jpg 554 351 607 347 688 346 746 344 608 490 707 491 583 341 717 336
day05/0330.jpg 624 278 689 270 773 266 834 269 691 434 792 429 661 265 810 257
day05/0422.jpg 523 215 581 211 680 201 745 200 584 376 700 373 552 203 700 192
day05/0212.jpg 581 230 651 226 738 229 793 230 642 386 746 386 621 221 769 222
day16/0204.jpg 569 238 619 232 709 234 765 229 623 384 720 382 592 226 730 219
day02/0062.jpg 523 427 572 421 649 416 706 418 576 561 661 564 549 418 676 412
day05/0386.jpg 538 242 593 237 686 233 742 235 591 392 696 392 564 233 711 226
day04/0226.jpg 618 242 673 234 737 230 788 229 669 357 761 357 647 232 766 224
day05/0241.jpg 608 207 668 195 742 192 796 193 666 331 757 331 637 192 767 186
day03/0436.jpg 522 308 567 301 638 299 692 295 576 426 653 415 542 300 661 287
day11/0009.jpg 609 284 665 283 744 280 793 281 657 422 756 417 638 277 765 273
day01/0040.jpg 527 314 610 305 690 301 765 299 594 479 718 473 565 307 726 293
day03/0401.jpg 534 341 578 335 641 333 683 331 580 448 654 439 556 333 664 323
day15/0011.jpg 523 230 576 227 657 226 711 225 575 377 673 373 547 223 684 220
day03/0045.jpg 584 230 645 219 719 216 784 215 642 376 742 372 608 217 750 207
day10/0098.jpg 561 409 606 406 671 405 709 405 603 530 681 527 582 403 688 399
day16/0249.jpg 563 251 622 251 703 251 762 251 615 403 713 399 585 242 726 238
day16/0084.jpg 559 373 630 365 707 365 761 362 605 538 721 530 596 361 742 357
day08/0030.jpg 613 313 663 309 737 310 779 307 655 436 742 436 641 302 758 301
day02/0056.jpg 487 441 532 431 608 426 663 421 530 577 625 569 509 432 635 418
day08/0012.jpg 621 264 675 261 760 246 815 247 676 413 776 400 641 253 784 238
day04/0282.jpg 578 364 646 353 717 351 780 352 646 509 745 503 613 354 756 342
day06/0043.jpg 623 311 692 309 774 307 838 307 691 466 788 467 659 297 807 293
day01/0033.jpg 565 298 644 291 726 293 799 292 631 463 750 466 615 284 771 281
day06/0035.jpg 534 281 611 279 705 273 795 271 598 477 733 479 564 278 750 268
day16/0110.jpg 553 387 612 381 706 382 774 383 611 560 721 552 580 379 732 375
day03/0228.jpg 597 229 658 215 731 203 798 196 664 365 770 353 626 217 767 193
day09/0068.jpg 466 169 532 157 626 146 697 143 545 335 653 321 492 153 654 137
day04/0272.jpg 584 223 659 211 749 207 817 206 658 383 774 379 625 211 788 201
day03/0418.jpg 537 323 582 317 642 317 682 319 580 424 652 421 557 311 665 311
day06/0032.jpg 615 284 706 280 800 280 873 278 694 483 823 474 673 276 848 275
day07/0016.jpg 587 299 648 295 727 295 784 295 649 446 745 442 618 292 761 286
day05/0439.jpg 535 229 592 227 693 224 751 227 588 393 703 392 560 219 713 216
day16/0232.jpg 577 222 630 223 716 219 765 215 632 367 728 365 604 219 744 210
day13/0029.jpg 515 285 557 284 630 284 680 285 558 407 649 403 539 279 653 276
day15/0046.jpg 547 242 603 238 676 242 737 243 594 376 686 380 576 234 712 234
day15/0042.jpg 583 231 650 231 723 232 775 234 634 365 742 367 624 232 750 230
day16/0240.jpg 585 253 647 250 723 255 781 257 637 407 734 407 619 246 758 249
day12/0003.jpg 523 359 580 356 646 348 706 347 577 493 673 489 542 349 669 338
day04/0198.jpg 547 265 607 257 676 255 735 251 605 396 702 396 572 253 708 247
day05/0024.jpg 564 171 626 163 698 157 753 154 624 301 717 298 598 158 725 149
day03/0119.jpg 561 261 626 258 710 258 768 257 620 415 727 415 593 250 741 249
day04/0111.jpg 571 282 649 275 731 272 804 273 641 449 757 441 612 275 765 268
day04/0325.jpg 555 250 624 245 703 240 769 242 607 411 730 403 589 242 737 233
day09/0084.jpg 553 240 609 235 692 231 761 230 610 395 719 382 580 232 719 219
day03/0151.jpg 591 350 657 350 736 355 789 355 648 507 742 511 629 345 766 350
day02/0055.jpg 557 411 607 407 689 410 739 411 606 550 697 550 588 400 715 398
day10/0099.jpg 556 421 603 419 667 420 711 420 595 542 680 539 579 416 688 415
day05/0015.jpg 506 314 561 303 630 303 692 297 553 438 650 440 529 300 657 289
day05/0190.jpg 553 168 615 167 694 168 756 166 610 315 706 315 585 160 726 162
day12/0001.jpg 531 366 588 363 659 360 720 356 588 508 679 496 566 359 692 352
day11/0002.jpg 604 287 662 280 730 284 788 286 649 422 746 423 635 280 762 277
day16/0216.jpg 577 230 628 223 713 223 770 218 638 373 730 370 600 219 737 212
day03/0170.jpg 559 344 614 337 676 334 726 334 615 465 699 460 586 334 700 326
day03/0084.jpg 588 287 642 277 701 276 747 276 643 394 715 390 612 276 725 270
day05/0395.jpg 542 244 606 238 696 236 753 237 596 401 708 400 572 234 726 230
day03/0122.jpg 592 326 657 319 729 315 791 318 646 465 749 462 620 313 758 303
day09/0113.jpg 577 199 634 195 724 196 780 193 634 352 734 347 609 188 751 186
day09/0032.jpg 534 250 606 250 698 249 772 247 602 428 723 421 566 241 731 238
day15/0054.jpg 518 253 568 252 649 251 701 253 562 392 661 392 542 250 674 246
day05/0325.jpg 596 280 661 274 751 269 815 265 662 433 769 427 636 266 782 259
day03/0178.jpg 565 340 615 335 679 333 730 331 614 468 695 457 581 332 698 322
day03/0434.jpg 530 303 577 304 646 299 700 297 587 426 665 421 550 298 667 291
day05/0047.jpg 619 208 676 200 749 203 801 203 673 335 762 339 653 196 778 195
day05/0238.jpg 605 180 673 173 764 172 826 172 671 347 780 345 638 169 801 162
day04/0003.jpg 594 250 645 243 717 238 772 238 646 371 737 369 623 239 744 230
day16/0278.jpg 576 261 646 261 734 261 796 260 644 431 746 431 608 254 766 251
day11/0051.jpg 597 272 666 271 745 275 807 273 658 433 765 431 631 269 777 266
day06/0048.jpg 613 312 678 307 761 303 824 303 673 469 788 466 643 301 795 295
day02/0058.jpg 565 415 619 412 701 414 747 416 626 552 709 552 596 407 723 409
day09/0046.jpg 477 211 554 215 670 211 742 216 551 414 683 414 516 207 706 206
day05/0409.jpg 510 322 573 320 669 312 738 312 569 491 687 483 538 315 697 302
day01/0003.jpg 553 357 625 352 712 350 780 350 619 523 742 519 589 350 746 343
day16/0250.jpg 569 255 621 249 710 257 761 252 613 407 715 402 595 239 734 242
day03/0209.jpg 580 257 627 246 688 245 732 243 627 359 707 359 602 243 714 238
day04/0043.jpg 559 267 621 261 694 257 760 257 619 411 722 407 588 254 729 249
day16/0086.jpg 519 375 581 371 662 371 727 367 574 530 682 526 550 369 692 359
day05/0303.jpg 546 279 611 266 680 269 738 269 603 408 695 404 572 262 700 258
day16/0137.jpg 471 338 527 335 603 334 660 323 526 472 622 465 498 330 630 315
day01/0035.jpg 530 296 608 291 680 284 762 288 592 454 706 454 565 292 722 280
day07/0013.jpg 550 294 607 289 697 286 758 288 607 440 706 434 584 288 726 279
day05/0318.jpg 604 270 669 268 744 270 796 269 660 413 754 409 645 260 777 263
day13/0056.jpg 508 261 567 257 650 253 711 256 567 407 669 408 538 253 683 246
day03/0332.jpg 536 185 598 171 673 158 742 154 606 323 705 310 562 174 706 151
day04/0265.jpg 580 207 648 203 733 198 806 196 642 377 760 369 610 198 775 188
day11/0025.jpg 571 218 636 217 712 212 781 218 622 365 736 365 603 215 749 213
day05/0394.jpg 531 240 594 234 677 234 743 231 590 395 685 390 557 231 706 223
day04/0138.jpg 556 294 625 288 702 286 773 286 619 454 734 445 588 286 740 281
day07/0027.jpg 566 238 634 237 714 237 771 236 625 392 726 389 601 231 745 229
day02/0054.jpg 548 425 600 423 678 421 727 422 594 567 693 562 573 418 702 416
day05/0334.jpg 571 281 634 269 715 263 781 257 639 426 738 419 598 269 742 251
day03/0072.jpg 585 243 659 235 742 234 806 231 657 402 761 393 626 230 779 223
day16/0218.jpg 587 227 638 220 716 222 776 221 635 376 739 370 611 218 747 215
day02/0073.jpg 519 342 578 332 655 329 716 328 580 476 673 473 546 331 681 320
day10/0085.jpg 560 430 609 427 683 424 729 424 606 561 691 557 583 425 700 417
day03/0416.jpg 530 326 570 321 628 316 678 319 566 420 646 417 549 318 652 315
day05/0416.jpg 561 314 630 311 716 310 773 312 621 476 731 476 596 303 746 303
day05/0414.jpg 495 319 561 308 648 309 712 306 553 476 669 470 525 304 677 295
day15/0044.jpg 549 244 605 240 678 239 739 244 590 376 686 377 580 240 705 237
day16/0205.jpg 553 242 609 238 684 237 745 233 611 387 710 383 576 235 714 229
day06/0105.jpg 627 222 700 222 777 230 846 231 677 384 783 400 669 217 823 221
day04/0297.jpg 555 387 619 376 692 374 755 369 613 529 722 524 580 377 721 365
day12/0079.jpg 566 309 624 307 695 306 753 304 615 449 711 444 594 303 726 299
day04/0082.jpg 599 327 669 322 742 320 809 319 668 478 768 473 633 322 780 316
day16/0295.jpg 554 216 615 210 718 209 788 209 610 400 733 396 577 205 752 203
day04/0238.jpg 591 250 649 244 710 241 766 241 643 365 729 366 624 240 742 234
day01/0019.jpg 573 347 650 341 731 342 804 348 638 511 746 511 608 342 769 340
day14/0004.jpg 541 278 611 275 696 274 757 269 611 442 713 442 581 273 734 267
day09/0090.jpg 590 250 654 244 736 238 796 237 659 402 757 396 626 242 766 233
day05/0379.jpg 614 253 686 250 756 249 815 250 676 398 765 397 656 243 787 243
day03/0090.jpg 601 292 650 284 708 283 757 281 653 399 723 395 629 281 738 279
day05/0417.jpg 523 317 592 312 677 311 742 310 584 476 703 471 553 310 710 303
day09/0026.jpg 523 249 594 242 688 240 764 235 597 422 707 413 560 239 719 230
day16/0190.jpg 581 211 631 209 710 206 764 204 638 356 726 350 603 207 734 200
day16/0102.jpg 547 373 609 367 698 372 764 369 598 548 711 543 575 361 721 360
day05/0188.jpg 535 168 596 162 669 161 736 161 582 311 682 310 557 154 700 150
day06/0094.jpg 577 238 650 235 733 235 804 233 631 398 742 407 614 230 773 229
day12/0012.jpg 546 369 600 362 676 356 727 353 604 503 699 492 573 359 704 350
day04/0165.jpg 588 177 670 167 759 171 834 165 666 354 773 353 637 164 803 157
day09/0102.jpg 567 238 640 240 723 242 782 238 627 411 731 403 603 233 756 234
day03/0197.jpg 563 206 624 198 687 193 741 189 621 325 715 319 595 197 718 185
day04/0132.jpg 581 307 657 303 737 303 803 300 649 465 758 465 619 300 776 298
day05/0376.jpg 606 256 674 250 748 253 806 252 670 398 758 397 638 250 782 246
day03/0304.jpg 534 169 593 156 661 149 722 148 596 292 682 286 560 159 688 144
day12/0073.jpg 581 288 633 286 712 284 770 284 632 428 734 426 606 280 738 275
day05/0296.jpg 597 265 658 261 728 266 786 272 650 397 741 397 634 261 757 261
day05/0070.jpg 547 257 623 250 708 253 791 249 615 435 736 430 584 250 749 242
day09/0020.jpg 503 246 557 242 644 242 709 246 556 405 657 401 530 238 679 239
day12/0061.jpg 565 296 611 291 695 288 756 285 620 427 700 430 589 289 721 276
day16/0308.jpg 595 219 665 216 769 217 834 213 661 411 792 403 632 210 807 207
day16/0206.jpg 559 242 623 237 693 232 756 234 618 389 725 384 590 235 726 227
day05/0291.jpg 584 269 647 261 717 265 769 261 639 398 735 394 620 258 743 256
day16/0254.jpg 545 218 607 210 688 208 751 203 601 366 707 362 573 205 715 197
day04/0317.jpg 521 188 597 179 683 175 755 167 596 353 713 346 557 179 719 165
day05/0205.jpg 518 248 584 238 665 234 732 230 582 400 685 395 545 238 698 226
day12/0019.jpg 548 364 600 359 669 356 733 353 603 503 704 496 567 353 701 348
day03/0189.jpg 529 209 588 196 652 187 708 182 592 326 683 315 551 197 678 179
day16/0197.jpg 570 236 627 235 709 234 767 230 630 380 728 385 599 231 737 225
day05/0456.jpg 598 212 666 210 746 213 807 213 651 361 761 365 634 206 780 206
day05/0293.jpg 551 273 603 269 675 265 737 265 602 402 693 400 579 268 704 257
day10/0060.jpg 596 300 650 296 711 299 758 300 638 423 722 421 624 294 741 291
day10/0123.jpg 542 356 591 352 669 357 724 353 599 503 677 494 564 348 695 346
day12/0113.jpg 596 361 665 357 755 357 823 357 666 528 774 526 637 352 792 353
day06/0072.jpg 612 361 664 360 730 362 784 362 659 492 747 496 634 353 761 351
day03/0345.jpg 570 196 624 188 684 189 733 187 623 316 702 314 598 186 713 184
day09/0019.jpg 477 246 535 245 615 244 682 244 531 405 633 401 501 243 647 238
day12/0015.jpg 580 360 642 353 709 350 769 353 642 496 734 494 611 350 742 342
day08/0009.jpg 661 273 721 264 800 264 857 260 719 419 821 412 688 262 834 253
day07/0009.jpg 539 278 595 274 676 272 742 266 601 421 695 421 564 270 706 258
day05/0051.jpg 618 208 683 201 747 203 804 206 670 342 764 337 653 200 781 199
day02/0006.jpg 403 323 481 328 607 334 709 337 450 568 609 580 434 320 645 322
day04/0027.jpg 613 249 679 246 751 244 811 246 669 393 766 395 646 241 783 239
day05/0351.jpg 605 284 668 282 752 283 811 280 661 431 764 434 634 275 781 276
day04/0137.jpg 530 302 592 296 677 296 746 292 583 464 694 461 550 295 703 288
day09/0025.jpg 572 232 642 229 730 230 798 223 644 413 759 407 611 224 774 221
day03/0260.jpg 592 231 647 223 706 226 761 219 643 342 726 336 619 226 735 218
day16/0184.jpg 584 215 643 210 717 210 777 204 641 361 740 353 615 205 749 199
day16/0263.jpg 576 236 634 233 714 234 778 234 628 396 732 388 601 230 749 229
day05/0294.jpg 571 271 634 264 703 263 758 264 630 400 721 393 604 263 734 259
day09/0027.jpg 531 260 594 254 692 249 764 246 599 431 719 421 560 251 728 240
day16/0198.jpg 574 238 634 235 714 238 773 232 623 386 734 380 606 234 746 226
day03/0040.jpg 532 251 600 245 669 245 746 241 584 400 697 398 554 244 707 238
day10/0049.jpg 600 284 647 288 708 284 758 283 642 406 729 408 624 280 731 273
day15/0036.jpg 531 245 581 247 654 246 724 243 579 393 684 389 555 240 688 237
day01/0059.jpg 529 321 592 315 665 311 728 310 591 469 693 465 558 313 700 303
day03/0110.jpg 538 261 601 258 676 256 742 257 593 414 700 408 563 257 704 246
day03/0148.jpg 560 348 630 346 707 347 769 349 619 506 716 503 599 342 740 345
day03/0180.jpg 565 345 616 338 678 337 730 333 611 463 700 463 589 334 707 330
day05/0315.jpg 579 278 645 269 711 268 773 268 637 411 728 407 614 269 743 264
day04/0242.jpg 591 235 661 227 734 228 798 223 650 381 756 381 631 225 774 218
day05/0217.jpg 555 237 622 233 700 231 766 229 618 392 720 392 588 229 736 225
day08/0007.jpg 657 271 718 268 804 263 862 263 717 424 814 417 689 266 831 260
day09/0115.jpg 538 196 596 193 671 187 739 186 592 348 698 345 561 188 707 181
day03/0014.jpg 554 272 616 266 694 265 762 260 612 425 720 422 581 266 728 256
day03/0016.jpg 594 263 664 258 736 265 803 257 654 418 753 418 633 253 776 250
day04/0338.jpg 546 252 616 243 697 242 762 238 598 404 726 398 579 243 727 233
day05/0398.jpg 571 234 638 230 723 230 783 235 630 396 736 396 609 226 757 225
day05/0363.jpg 590 256 655 253 730 250 789 250 650 395 752 398 626 253 762 246
day16/0157.jpg 577 190 642 184 714 180 776 178 639 338 732 330 611 182 747 178
day11/0017.jpg 630 279 682 276 758 275 807 274 686 409 775 402 658 269 787 268
day11/0035.jpg 532 214 590 199 662 192 738 189 584 342 699 334 558 202 703 184
day16/0003.jpg 556 388 607 385 681 386 734 385 604 524 693 520 580 384 703 380
day05/0383.jpg 551 246 619 241 696 242 766 243 608 396 721 400 584 238 736 235
day05/0410.jpg 551 311 623 307 715 307 780 307 620 476 738 476 589 300 748 298
day05/0068.jpg 550 278 625 276 712 273 786 271 617 452 730 454 586 276 749 268
day03/0457.jpg 521 325 570 320 637 319 686 322 566 437 645 435 546 318 661 313
day04/0337.jpg 573 261 650 253 727 255 796 254 635 419 753 415 616 250 769 250
day16/0292.jpg 551 264 615 265 708 267 778 265 614 441 723 436 589 257 746 259
day04/0018.jpg 591 247 649 243 710 239 766 238 646 376 734 368 623 237 746 229
day16/0242.jpg 550 260 600 261 684 259 746 260 600 414 695 411 575 257 713 256
day03/0005.jpg 596 253 664 248 733 250 796 247 662 401 760 398 637 241 773 241
day03/0155.jpg 536 344 592 341 671 346 738 346 579 500 682 505 560 338 700 341
day03/0241.jpg 588 226 646 216 707 211 758 204 639 334 738 324 616 216 735 203
day14/0001.jpg 496 246 562 248 650 250 723 246 555 423 679 424 530 243 687 242
day13/0005.jpg 534 263 604 265 684 271 747 268 588 428 702 422 577 254 723 261
day05/0382.jpg 545 250 611 242 693 242 754 243 603 400 712 401 579 239 723 237
day01/0002.jpg 561 355 634 347 717 344 791 343 622 518 742 515 597 341 754 336
day03/0200.jpg 555 204 609 195 677 187 730 184 615 324 707 312 581 192 704 180
day05/0287.jpg 588 267 639 260 716 257 768 258 644 396 737 393 619 253 745 250
day03/0276.jpg 519 208 584 201 661 201 727 200 580 360 681 357 550 202 693 196
day12/0127.jpg 612 308 676 304 766 309 826 311 658 481 773 479 645 301 800 303
day04/0089.jpg 596 318 663 311 740 311 800 311 661 469 760 465 626 310 770 303
day03/0411.jpg 530 334 575 329 635 322 680 321 583 436 657 432 550 326 655 315
day04/0233.jpg 576 256 633 246 697 245 747 241 628 372 715 371 598 246 721 234
day06/0085.jpg 581 305 646 298 720 302 775 298 647 442 739 439 620 296 753 296
day02/0071.jpg 575 403 631 400 707 400 750 401 631 536 723 536 606 393 727 392
day13/0064.jpg 566 273 614 270 676 268 729 265 604 397 687 391 583 268 697 261
day12/0040.jpg 535 216 582 211 661 201 730 194 589 358 689 354 558 208 691 192
day11/0019.jpg 606 283 664 275 735 276 792 274 663 415 761 409 640 276 762 269
day13/0075.jpg 636 271 688 271 752 280 800 277 681 402 758 401 664 265 778 269
day09/0107.jpg 578 242 646 246 734 253 792 253 634 414 743 415 615 238 766 246
day01/0048.jpg 547 315 610 308 684 308 741 306 600 463 702 457 580 304 716 301
day04/0286.jpg 584 380 657 375 726 371 792 371 648 534 747 530 621 373 762 367
day03/0029.jpg 583 242 660 241 739 238 804 237 642 399 758 397 623 238 774 234
day09/0104.jpg 575 239 644 242 731 244 787 246 629 411 742 408 611 234 765 238
day16/0173.jpg 537 203 590 194 666 192 730 188 592 345 687 336 560 191 695 181
day03/0243.jpg 573 228 630 215 688 207 745 201 626 336 722 323 601 215 716 196
day03/0158.jpg 602 350 673 351 746 357 806 359 656 511 754 511 642 342 782 349
day03/0409.jpg 537 332 582 328 645 324 688 323 588 438 660 432 560 326 664 319
day07/0002.jpg 588 290 650 290 732 290 794 285 643 450 746 445 619 284 764 279
day16/0233.jpg 563 258 625 257 700 255 761 251 614 411 726 409 590 252 730 244
day03/0183.jpg 534 200 600 190 675 181 742 178 603 339 712 330 563 194 703 176
day05/0445.jpg 591 214 657 207 739 214 797 217 643 362 750 365 623 207 771 209
day06/0100.jpg 546 225 616 222 696 223 773 222 600 385 705 396 576 214 733 212
day13/0037.jpg 562 280 615 279 674 284 723 284 601 404 680 404 589 273 700 279
day05/0005.jpg 515 315 572 310 650 309 710 309 567 463 659 464 536 307 675 300
day16/0210.jpg 560 236 613 236 690 231 754 227 617 384 719 380 588 230 723 221
day03/0438.jpg 534 295 573 290 643 280 692 280 587 399 662 393 550 286 667 275
day05/0216.jpg 566 235 637 232 715 231 777 230 627 394 732 388 603 223 752 222
day05/0365.jpg 599 247 663 246 739 246 795 249 649 395 753 394 633 241 769 241
day03/0306.jpg 539 163 596 152 663 146 723 145 601 292 686 278 562 153 691 141
day05/0408.jpg 582 309 653 305 741 311 801 311 636 479 756 477 622 301 777 303
day04/0360.jpg 571 294 639 286 713 284 768 283 630 434 732 427 607 283 741 275
day05/0367.jpg 556 260 610 256 684 256 746 253 596 405 701 403 574 253 708 246
day01/0047.jpg 540 315 605 311 679 307 737 306 600 458 699 460 569 307 706 303
day11/0011.jpg 613 293 667 286 738 284 795 283 672 423 765 418 641 289 777 278
day01/0039.jpg 546 310 626 299 700 296 780 296 607 473 730 472 583 303 742 296
day03/0145.jpg 526 335 588 330 660 326 725 327 582 484 677 483 552 329 692 323
day03/0198.jpg 546 211 600 202 665 196 719 191 599 331 692 320 568 207 692 188
day05/0313.jpg 568 274 632 266 700 266 761 264 624 404 716 404 598 263 727 255
day03/0363.jpg 575 293 644 289 723 292 785 291 635 451 740 448 612 287 757 286
day06/0011.jpg 545 376 607 368 676 362 743 361 598 516 696 514 568 365 704 357
day06/0014.jpg 560 371 621 366 689 362 749 363 609 512 711 510 584 364 716 358
day03/0203.jpg 588 256 635 245 689 242 735 240 636 356 712 350 612 247 714 234
day03/0135.jpg 580 340 647 334 715 333 775 330 640 480 736 481 615 336 748 328
day10/0102.jpg 556 408 603 409 662 408 708 408 592 530 676 526 577 403 686 403
day07/0042.jpg 534 320 590 315 668 312 727 311 590 456 701 451 562 313 698 304
day04/0037.jpg 612 264 680 260 752 257 812 256 672 412 771 408 649 260 787 254
day03/0129.jpg 596 333 661 330 731 329 788 328 654 475 753 475 631 330 768 324
day04/0124.jpg 612 291 680 288 760 289 820 288 667 448 779 449 644 284 796 281
day04/0185.jpg 550 268 611 261 683 257 744 252 612 408 705 400 574 259 708 252
day03/0115.jpg 532 277 589 276 664 273 733 269 588 427 687 426 555 272 696 266
day02/0047.jpg 573 324 635 320 707 325 755 328 631 458 721 458 609 317 733 317
day03/0207.jpg 598 252 645 246 700 242 748 244 644 357 719 353 622 243 726 238
day03/0128.jpg 599 332 661 325 732 325 794 325 657 473 748 471 632 320 767 315
day04/0010.jpg 576 249 628 244 690 235 745 234 628 373 718 365 599 243 718 230
day04/0029.jpg 567 263 631 257 706 257 768 253 625 407 726 406 599 256 736 252
day16/0009.jpg 557 388 611 384 684 380 735 380 600 524 693 518 584 380 705 376
day13/0072.jpg 601 277 649 276 716 275 771 277 643 404 731 404 627 268 744 272
day12/0109.jpg 550 371 606 366 696 368 764 361 601 542 716 538 575 365 731 356
day13/0087.jpg 579 272 625 269 696 270 742 271 624 399 705 401 601 268 718 264
day12/0063.jpg 569 288 621 282 692 281 756 276 618 423 713 421 592 282 722 276
day05/0347.jpg 568 281 631 280 708 279 778 276 620 430 727 430 593 272 739 267
day04/0342.jpg 605 312 660 307 729 303 786 303 649 440 748 436 632 307 758 296
day04/0128.jpg 586 308 656 300 735 301 800 296 651 473 755 460 621 297 772 292
day04/0079.jpg 589 313 647 308 710 304 764 305 644 440 730 440 616 305 736 296
day10/0113.jpg 564 412 608 408 668 412 717 415 600 533 682 533 587 408 694 409
day16/0142.jpg 586 365 647 364 726 359 776 359 641 508 743 501 620 359 753 354
day09/0140.jpg 563 291 632 288 719 294 776 289 627 471 726 467 601 282 749 290
day03/0439.jpg 552 296 604 289 666 284 712 289 609 404 685 395 583 288 692 284
day13/0048.jpg 565 248 625 244 709 245 765 243 620 406 727 396 600 240 740 237
day05/0011.jpg 492 314 545 305 608 302 672 297 540 444 629 439 510 307 638 292
day12/0119.jpg 613 364 677 363 763 364 827 368 669 538 782 540 644 359 799 356
day03/0377.jpg 589 280 664 274 734 277 797 278 654 434 748 432 630 272 774 274
day04/0090.jpg 628 318 692 312 769 305 825 308 693 470 788 463 665 309 802 304
day10/0097.jpg 524 441 563 440 636 440 678 434 567 561 648 560 543 439 656 434
day05/0331.jpg 560 294 620 283 699 279 765 272 619 444 724 440 584 284 728 269
day10/0116.jpg 562 347 612 342 695 342 740 343 608 479 703 479 588 341 716 336
day07/0018.jpg 522 303 580 296 656 293 720 292 576 445 676 443 547 299 687 285
day06/0065.jpg 601 356 659 350 724 348 780 350 655 484 744 482 633 345 756 344
day12/0088.jpg 563 325 612 324 692 319 748 320 617 464 705 458 588 322 717 310
day03/0458.jpg 550 318 600 316 663 316 704 318 596 431 674 431 577 313 686 316
day04/0115.jpg 624 278 692 272 772 280 833 284 687 445 784 446 660 274 810 275
day01/0037.jpg 560 296 641 289 720 284 795 287 628 462 745 460 598 282 762 276
day02/0082.jpg 517 345 574 344 652 338 712 340 566 487 672 491 536 338 679 332
day03/0388.jpg 573 329 637 322 707 321 770 322 640 470 731 461 611 323 745 315
day03/0139.jpg 554 336 613 329 683 326 748 324 607 477 708 474 580 327 711 316
day04/0352.jpg 538 300 602 291 669 290 737 284 591 437 698 432 567 291 701 284
day09/0137.jpg 505 294 573 293 664 295 733 293 568 473 683 466 540 289 698 287
day06/0074.jpg 598 361 651 359 720 362 778 360 643 492 738 490 623 352 748 352
day03/0007.jpg 592 272 659 264 729 267 793 265 653 421 754 417 628 267 769 263
day03/0413.jpg 538 333 580 326 637 322 684 323 582 436 656 427 558 323 660 315
day12/0105.jpg 543 372 610 365 700 363 763 360 596 543 716 541 574 364 730 356
day02/0078.jpg 572 341 643 337 715 342 773 347 620 489 736 488 610 333 748 337
day07/0017.jpg 532 288 587 288 669 285 735 285 587 434 696 434 560 284 700 275
day03/0361.jpg 496 280 560 272 638 272 706 267 560 429 656 423 526 270 669 260
day10/0020.jpg 555 336 596 332 656 329 694 326 600 441 670 440 576 332 672 322
day03/0019.jpg 574 269 640 264 713 264 778 262 629 423 732 424 604 262 745 259
day04/0222.jpg 642 247 700 242 768 242 824 242 687 376 788 376 673 238 801 236
day06/0007.jpg 564 367 623 362 693 360 752 359 617 511 708 508 588 360 725 354
day08/0023.jpg 628 265 683 261 767 258 824 257 682 411 782 409 656 259 798 250
day07/0008.jpg 557 312 616 305 695 305 756 298 618 462 728 454 585 307 729 296
day04/0195.jpg 534 258 588 253 656 248 718 244 588 393 684 389 554 251 684 237
day12/0037.jpg 605 268 657 265 736 264 790 264 655 407 748 404 630 263 760 260
day04/0192.jpg 551 257 614 248 683 244 744 242 609 388 700 380 582 243 716 236
day07/0036.jpg 557 307 613 305 699 306 756 301 616 459 714 451 592 301 730 294
day03/0362.jpg 592 289 659 286 737 291 797 290 642 444 743 445 632 284 772 287
day12/0099.jpg 588 322 644 322 719 317 773 319 645 454 736 456 620 320 752 313
day05/0012.jpg 542 306 608 300 671 300 737 304 594 438 693 440 576 293 705 294
day04/0091.jpg 573 323 636 315 716 308 778 307 639 472 736 464 601 315 744 304
day16/0048.jpg 576 420 626 416 688 409 738 410 624 541 711 537 598 415 716 406
day03/0249.jpg 600 232 652 230 711 222 765 217 649 349 739 341 628 231 738 216
day16/0074.jpg 538 363 600 367 685 365 750 367 588 525 715 514 574 358 717 360
day04/0186.jpg 576 259 641 254 718 254 775 253 635 392 733 396 615 252 751 244
day03/0366.jpg 538 288 603 283 676 284 748 287 581 442 694 450 560 278 712 283
day07/0004.jpg 572 298 639 295 717 294 780 298 636 451 735 447 604 288 751 286
day05/0362.jpg 584 246 652 238 725 234 784 238 642 380 748 380 625 232 756 230
day03/0121.jpg 561 323 622 317 686 313 754 309 614 461 712 456 584 311 717 301
day03/0047.jpg 577 248 636 236 710 229 781 227 639 384 736 384 604 237 742 225
day03/0116.jpg 556 267 620 263 696 260 757 261 607 419 712 416 582 258 728 254
day01/0092.jpg 558 365 607 364 668 360 720 358 612 481 692 478 586 363 696 355
day01/0086.jpg 551 365 604 356 665 350 712 350 604 477 691 467 576 356 688 344
day04/0011.jpg 569 249 620 240 688 234 744 233 624 364 710 362 592 236 714 224
day06/0077.jpg 612 371 671 370 732 368 792 372 663 503 753 503 644 369 768 365
day10/0084.jpg 593 418 643 418 712 413 758 417 644 548 733 548 624 414 738 410
day03/0127.jpg 598 332 659 328 736 326 791 324 654 476 753 469 635 324 765 319
day03/0440.jpg 524 303 577 291 632 286 692 284 574 408 661 396 543 289 654 277
day04/0232.jpg 590 252 649 247 713 244 766 244 640 370 738 367 624 244 744 239
day03/0385.jpg 574 328 636 321 708 318 767 321 636 469 738 463 608 320 741 317
day15/0055.jpg 582 244 638 243 715 245 772 247 633 385 736 385 616 237 748 241
day12/0111.jpg 571 375 639 369 724 368 799 374 631 547 756 544 601 369 763 365
day09/0080.jpg 546 236 598 230 674 224 747 223 606 381 707 373 572 224 712 208
day07/0037.jpg 556 293 616 289 687 288 755 288 620 429 723 428 587 288 723 280
day02/0046.jpg 507 336 556 330 634 327 691 324 552 466 656 460 529 328 655 317
day06/0054.jpg 586 313 656 308 731 300 804 300 647 464 759 462 613 301 762 292
day16/0012.jpg 556 388 614 385 689 384 740 387 606 527 698 524 592 379 716 377
day08/0049.jpg 520 276 584 272 677 273 743 269 588 440 701 435 554 270 708 265
day05/0285.jpg 566 271 619 263 690 262 748 261 622 398 713 392 593 260 719 253
day11/0003.jpg 604 280 660 280 738 277 789 282 661 417 752 416 636 276 768 274
day05/0341.jpg 520 277 586 268 664 271 736 266 577 418 692 413 556 266 697 256
day12/0039.jpg 634 269 695 271 768 272 824 275 688 408 780 411 667 268 804 266
day12/0022.jpg 654 272 708 274 788 272 836 281 691 409 802 413 684 268 815 272
day05/0281.jpg 571 268 632 264 699 260 754 265 633 403 719 392 601 262 730 256
day15/0016.jpg 522 228 572 222 652 224 715 226 568 374 682 372 545 220 684 219
day10/0065.jpg 554 376 613 369 684 374 740 380 602 528 711 525 586 367 720 371
day01/0115.jpg 588 336 655 326 727 321 788 323 651 472 747 467 615 326 756 319
day04/0139.jpg 536 303 602 292 684 286 752 287 593 455 712 451 560 292 712 279
day03/0142.jpg 512 340 572 332 651 329 715 327 568 487 672 480 537 334 679 324
day14/0008.jpg 509 262 579 262 664 258 728 256 579 435 687 426 545 256 698 247
day09/0007.jpg 508 253 574 252 661 252 720 259 564 416 675 411 544 249 692 250
day15/0018.jpg 536 233 597 229 675 225 728 231 597 380 701 370 569 232 708 226
day10/0130.jpg 544 370 588 366 668 360 720 360 588 509 698 498 570 363 694 355
day03/0041.jpg 578 245 640 238 719 235 784 232 633 396 750 387 608 240 751 228
day15/0007.jpg 524 241 577 240 659 239 720 242 576 383 683 385 554 238 689 236
day16/0151.jpg 572 371 628 368 703 366 755 362 620 512 719 508 602 363 731 357
day03/0011.jpg 573 263 638 257 720 253 783 255 636 412 746 410 608 255 749 246
day03/0396.jpg 590 329 652 322 728 323 786 324 651 470 750 464 625 316 759 313
day06/0091.jpg 580 308 646 301 718 296 776 297 645 441 743 440 616 298 749 291
day03/0169.jpg 564 343 615 336 674 334 728 332 621 464 703 456 588 334 703 328
day09/0091.jpg 593 237 664 230 738 224 804 228 658 388 771 376 632 225 770 216
day06/0076.jpg 552 379 605 374 671 364 731 360 607 498 697 496 574 372 694 356
day15/0050.jpg 551 244 612 252 688 249 745 251 597 379 703 393 584 244 717 244
day01/0029.jpg 560 290 645 281 727 282 794 285 632 457 752 450 610 277 769 274
day12/0135.jpg 572 288 636 286 727 283 793 283 636 450 744 452 604 280 761 276
day09/0010.jpg 491 258 556 256 635 252 701 258 548 408 655 421 520 253 673 251
day08/0040.jpg 593 315 644 309 712 313 764 309 635 438 735 436 616 307 733 303
day04/0197.jpg 554 268 621 260 692 256 750 254 623 399 709 396 592 261 721 250
day03/0166.jpg 558 346 612 339 676 335 724 333 616 458 698 456 588 337 701 329
day10/0082.jpg 588 422 644 419 708 420 757 413 639 555 734 546 620 414 736 409
day13/0019.jpg 440 279 500 274 574 268 648 268 490 431 605 417 468 272 612 264
day04/0105.jpg 607 297 680 296 759 296 825 297 665 470 773 468 647 294 797 292
day10/0057.jpg 590 298 638 293 705 296 753 292 634 420 716 415 611 289 725 288
day12/0102.jpg 587 364 661 360 757 361 812 360 649 532 777 531 633 353 792 354
day03/0432.jpg 533 314 580 309 642 302 694 300 569 432 656 424 548 304 666 296
day01/0110.jpg 591 308 652 300 729 300 784 306 648 437 748 432 623 300 756 292
day12/0028.jpg 626 263 690 263 761 262 820 267 675 393 787 401 658 259 793 258
day03/0371.jpg 566 276 636 270 716 272 780 279 620 433 724 437 603 268 745 271
day01/0051.jpg 529 322 597 313 670 311 733 312 591 463 692 462 562 315 700 308
day01/0119.jpg 594 333 661 325 732 321 793 323 658 468 758 468 633 325 768 320
day03/0368.jpg 566 284 637 286 717 288 779 291 619 441 726 450 605 282 750 284
day12/0137.jpg 605 295 666 300 763 301 820 306 662 463 766 474 643 294 794 298
day06/0080.jpg 621 371 682 370 742 371 800 378 676 503 766 510 658 369 779 369
day07/0044.jpg 509 310 564 302 635 300 704 297 566 444 666 440 533 302 670 291
day04/0354.jpg 587 286 655 276 725 279 787 282 645 425 750 424 629 275 758 272
day11/0047.jpg 587 273 658 270 746 274 805 273 658 428 762 429 630 266 776 267
day02/0088.jpg 524 334 585 331 662 337 724 337 570 484 681 487 551 332 695 327
day05/0298.jpg 578 262 635 260 708 258 762 264 636 386 727 391 610 255 739 256
day04/0334.jpg 529 252 587 245 677 241 738 237 579 400 690 399 553 239 700 229
day09/0150.jpg 519 293 587 291 681 288 742 291 581 466 692 466 551 283 709 285
day03/0240.jpg 624 222 696 213 772 210 835 208 694 367 797 365 665 208 807 199
day16/0148.jpg 562 346 620 345 695 343 760 346 619 487 719 487 590 339 725 334
day04/0064.jpg 598 314 657 303 724 302 777 303 657 436 749 435 628 300 750 292
day16/0135.jpg 534 403 591 401 674 403 736 409 576 558 693 558 558 399 697 399
day08/0045.jpg 605 321 657 317 723 316 775 316 652 445 748 441 630 316 748 309
day11/0041.jpg 628 283 691 279 782 279 833 278 697 443 794 436 664 278 808 275
day01/0109.jpg 604 333 670 331 745 329 808 334 662 481 761 481 640 326 778 328
day10/0066.jpg 553 375 618 376 690 377 743 377 612 525 702 526 591 375 723 373
day02/0043.jpg 569 338 628 333 700 335 750 338 623 467 718 475 604 329 726 329
day01/0022.jpg 536 294 625 289 702 286 783 286 605 468 728 466 579 281 743 278
day04/0249.jpg 582 237 650 230 728 229 795 229 648 387 751 380 614 236 757 225
day16/0226.jpg 563 227 623 229 699 222 757 225 615 373 716 370 590 224 729 217
day04/0150.jpg 570 336 633 330 708 326 765 328 631 473 729 474 606 333 738 322
day04/0339.jpg 537 255 604 254 684 249 750 247 595 412 700 411 569 250 715 241
day12/0117.jpg 573 374 638 371 729 365 800 378 629 547 762 541 606 366 771 363
day04/0039.jpg 612 264 675 258 747 256 810 255 667 410 769 409 647 256 783 251
day16/0138.jpg 575 334 629 333 710 325 765 324 629 471 731 469 606 326 741 318
day16/0027.jpg 533 342 597 337 685 335 756 335 599 499 716 499 566 334 714 325
day07/0049.jpg 516 315 579 314 651 308 709 303 578 459 674 450 545 306 681 298
day01/0014.jpg 564 341 634 337 717 337 786 340 615 500 739 502 591 338 747 333
day03/0422.jpg 550 316 598 312 666 312 712 315 594 436 687 435 577 312 690 307
day03/0374.jpg 548 288 612 279 687 276 753 270 610 440 708 429 574 282 718 270
day06/0003.jpg 545 375 606 370 674 366 744 362 591 518 704 510 567 367 704 358
day11/0007.jpg 575 298 630 287 706 286 762 284 630 426 733 420 606 286 733 279
day04/0006.jpg 570 249 624 241 688 238 751 234 621 369 712 370 591 238 716 229
day03/0195.jpg 554 207 614 198 679 190 726 190 609 320 712 312 587 196 712 186
day10/0110.jpg 554 409 601 412 661 413 715 415 590 536 672 547 582 407 688 406
day10/0061.jpg 504 354 562 353 628 350 694 346 553 493 646 491 526 347 658 340
day16/0094.jpg 525 362 584 361 667 353 731 356 580 510 688 509 550 355 690 345
day09/0014.jpg 521 250 583 252 661 254 733 257 577 410 683 412 551 245 699 249
day01/0042.jpg 548 320 616 311 694 313 754 315 609 470 710 470 586 312 722 308
day10/0069.jpg 539 371 595 374 674 372 731 373 590 520 680 526 565 369 698 365
day03/0172.jpg 558 346 616 339 674 334 725 334 612 463 700 460 584 337 698 328
day12/0134.jpg 562 291 623 286 706 284 773 284 613 446 732 448 587 281 741 282
day03/0441.jpg 560 334 609 330 668 325 713 326 608 438 691 429 587 326 691 322
day03/0133.jpg 575 327 637 326 709 322 770 320 636 470 729 469 603 322 738 313
day05/0364.jpg 564 251 622 244 696 242 763 241 615 391 719 389 588 240 724 236
day03/0003.jpg 535 250 595 239 668 234 736 229 596 387 696 382 560 241 700 225
day09/0148.jpg 536 278 611 275 695 277 758 283 604 454 716 450 576 270 731 275
day01/0118.jpg 587 331 653 323 725 324 784 322 651 469 749 463 616 321 752 313
day16/0261.jpg 587 228 656 231 734 231 791 231 645 387 744 384 625 227 766 228
day04/0158.jpg 548 339 612 327 682 321 743 316 608 471 704 466 577 326 711 311
day03/0132.jpg 583 337 646 330 721 328 782 327 637 475 741 474 613 329 748 321
day03/0171.jpg 558 344 616 339 678 334 730 335 611 462 703 458 591 338 707 328
day11/0050.jpg 595 273 655 273 750 270 800 269 658 429 769 433 631 264 777 261
day03/0255.jpg 604 228 658 222 719 219 770 220 650 342 746 336 635 220 748 216
day03/0082.jpg 566 287 616 276 666 270 716 268 616 391 689 383 585 281 692 266
day03/0455.jpg 514 324 568 324 633 317 677 320 564 437 648 433 546 320 655 316
day01/0103.jpg 599 339 669 335 745 336 803 341 659 487 754 486 636 337 775 335
day03/0192.jpg 548 204 603 195 669 189 725 184 601 318 698 314 575 194 696 179
day11/0043.jpg 566 281 626 275 718 270 777 273 630 433 741 433 597 273 745 267
day03/0112.jpg 533 274 594 266 667 262 737 258 587 419 692 413 557 264 699 257
day04/0096.jpg 600 320 666 318 745 313 801 312 665 475 762 471 633 317 775 312
day01/0023.jpg 507 304 589 296 668 290 752 290 570 473 699 466 543 300 705 289
day13/0027.jpg 512 279 559 277 628 274 676 273 561 397 644 394 535 272 651 268
day04/0141.jpg 565 333 622 324 695 325 758 320 621 469 720 466 593 328 724 315
day03/0406.jpg 547 327 596 325 654 325 696 323 592 434 669 433 575 323 678 320
day02/0052.jpg 564 401 624 403 700 399 750 405 611 534 718 541 602 396 725 396
day03/0456.jpg 495 328 547 324 608 320 667 323 549 442 631 436 524 326 638 317
day05/0371.jpg 564 249 622 245 700 241 758 243 617 393 715 381 586 238 722 231
day05/0373.jpg 563 250 620 245 697 237 759 238 612 391 720 387 587 239 724 230
day11/0033.jpg 579 204 637 200 727 201 782 207 625 350 745 357 609 200 754 195
day04/0327.jpg 512 259 571 250 646 241 710 238 563 401 677 400 532 252 679 234
day12/0053.jpg 568 213 622 201 712 198 766 194 635 354 741 340 599 195 742 183
day05/0321.jpg 588 287 662 273 745 272 810 275 663 437 776 430 632 277 775 267
day06/0084.jpg 605 301 672 295 755 286 821 285 667 451 783 448 637 291 790 283
day01/0032.jpg 533 299 615 293 699 295 773 289 604 471 724 466 579 289 737 287
day15/0003.jpg 517 232 573 233 650 233 704 233 569 383 679 378 545 226 677 224
day03/0020.jpg 563 264 629 260 705 265 775 263 620 423 729 417 590 257 737 254
day04/0007.jpg 580 250 638 242 702 235 758 237 633 373 725 372 609 240 731 232
day04/0025.jpg 627 250 695 246 770 250 827 250 683 400 785 400 664 241 801 245
day02/0081.jpg 533 354 596 352 675 348 735 351 583 505 689 506 562 349 704 345
day13/0009.jpg 484 257 550 258 631 258 697 258 537 407 649 415 512 250 659 250
day04/0347.jpg 625 300 685 294 753 293 810 290 679 426 773 429 659 291 785 288
day04/0080.jpg 609 313 673 308 737 306 787 308 670 440 755 445 647 309 767 302
day05/0059.jpg 608 217 666 211 739 215 785 214 658 347 750 348 638 212 764 211
day07/0015.jpg 537 286 595 278 670 278 735 279 594 429 699 424 566 278 699 269
day08/0013.jpg 605 272 658 269 745 259 799 258 666 419 770 409 635 266 767 254
day03/0218.jpg 589 260 638 250 695 250 745 251 632 362 718 356 613 254 724 248
day05/0010.jpg 499 301 551 291 621 286 681 285 546 429 645 427 518 290 647 279
day05/0407.jpg 516 323 582 319 675 310 747 312 575 487 694 483 550 315 707 305
day10/0055.jpg 588 296 640 293 698 294 753 294 638 416 713 417 611 289 724 287
day01/0107.jpg 604 338 669 333 746 337 804 339 662 483 762 486 643 331 779 332
day02/0038.jpg 566 345 621 344 700 345 740 349 617 488 709 484 597 343 722 345
day13/0018.jpg 457 275 520 272 602 270 661 266 513 426 632 416 486 270 629 262
day15/0008.jpg 502 233 573 233 643 233 703 228 564 382 667 371 532 224 668 223
day04/0060.jpg 550 269 609 267 688 266 748 264 601 418 704 416 573 266 710 257
day03/0083.jpg 575 280 620 271 675 269 723 266 624 387 699 378 593 273 697 262
day05/0340.jpg 571 294 633 288 717 277 786 277 633 449 750 439 601 290 748 276
day03/0398.jpg 552 329 615 325 683 320 749 319 611 471 714 470 581 323 716 313
day03/0015.jpg 572 264 644 262 719 262 786 259 636 420 740 416 609 256 754 251
day10/0039.jpg 526 257 587 251 662 250 725 249 580 409 687 400 554 248 694 241
day04/0122.jpg 545 291 624 283 703 276 776 277 616 444 739 445 583 276 742 269
day16/0238.jpg 562 252 617 250 707 250 760 249 619 404 715 403 590 240 731 239
day04/0121.jpg 508 320 574 313 653 309 727 302 568 477 690 476 534 317 686 304
day13/0079.jpg 574 286 620 280 682 272 741 270 619 401 704 395 592 277 708 266
day03/0380.jpg 550 279 618 275 692 274 761 276 604 434 711 437 581 272 723 269
day08/0055.jpg 550 289 608 286 702 286 762 294 612 454 718 445 585 282 732 282
day15/0017.jpg 514 235 573 230 658 229 712 229 579 379 670 375 546 229 679 221
day16/0251.jpg 569 253 623 254 705 252 759 254 616 403 716 401 599 250 737 250
day11/0040.jpg 613 212 672 212 758 219 817 227 662 354 781 366 647 209 786 219
day13/0013.jpg 537 269 604 271 683 267 746 275 591 429 700 420 572 266 714 267
day01/0100.jpg 547 355 598 345 654 341 700 340 604 458 682 452 573 350 679 336
day04/0358.jpg 542 311 602 305 672 302 740 297 604 451 703 443 571 304 707 296
day05/0403.jpg 524 329 595 321 688 318 752 322 586 486 709 483 561 318 718 316
day01/0083.jpg 555 362 601 356 663 357 716 356 603 483 687 480 577 354 690 350
day06/0064.jpg 570 358 627 353 689 349 747 352 616 480 710 480 593 350 714 345
day04/0235.jpg 602 243 658 241 721 239 772 240 656 370 744 366 632 241 750 233
day03/0392.jpg 581 331 645 323 711 321 770 320 636 469 745 467 616 320 747 316
day01/0020.jpg 579 345 654 342 737 339 801 347 636 510 754 511 617 341 771 338
day15/0023.jpg 517 241 571 237 649 235 711 232 575 383 660 378 541 234 678 229
day04/0034.jpg 558 273 615 263 687 256 753 250 612 412 723 403 581 262 719 249
day04/0041.jpg 601 258 661 253 735 250 799 250 658 402 764 399 630 249 770 241
day05/0377.jpg 622 254 683 253 762 255 812 254 677 400 764 404 655 250 793 250
day01/0094.jpg 556 368 608 362 670 358 718 355 606 483 693 478 587 358 698 351
day06/0015.jpg 575 370 636 366 707 366 773 368 629 514 729 512 604 365 741 361
day03/0107.jpg 537 267 594 264 665 258 736 253 589 414 686 412 558 260 700 248
day01/0018.jpg 577 349 650 340 730 340 799 341 637 507 747 505 608 337 758 337
day01/0008.jpg 567 350 642 345 720 341 793 348 630 514 748 514 596 348 752 344
day12/0103.jpg 576 369 649 363 741 363 816 369 641 541 759 538 619 368 775 362
day15/0021.jpg 551 235 604 231 684 227 734 226 604 374 704 375 579 227 711 221
day15/0049.jpg 548 249 600 251 679 249 737 254 593 380 694 395 578 248 710 250
day03/0199.jpg 558 203 609 194 678 184 737 183 618 325 708 313 586 195 706 180
day12/0120.jpg 566 337 625 332 711 328 770 324 626 485 728 471 598 328 735 314
day03/0114.jpg 578 267 645 263 720 260 786 259 637 412 745 417 614 260 757 253
day04/0231.jpg 600 249 652 242 720 240 771 240 650 366 742 362 633 241 750 236
day09/0136.jpg 507 305 579 298 666 303 734 302 571 477 691 478 539 304 702 299
day01/0077.jpg 535 304 607 295 677 293 743 298 605 441 698 441 571 301 708 294
day07/0007.jpg 563 298 624 289 713 291 768 293 618 445 729 447 595 291 735 283
day04/0148.jpg 559 342 620 335 695 331 756 333 614 480 718 479 588 337 725 326
day06/0060.jpg 629 308 699 304 778 304 845 304 694 469 808 463 664 299 815 295
day16/0004.jpg 554 389 604 391 675 387 733 389 599 520 696 522 580 383 704 382
day05/0388.jpg 538 238 601 235 687 237 752 238 587 395 702 396 566 235 711 230
day04/0040.jpg 604 262 679 258 751 257 814 256 672 410 777 408 648 254 787 250
day01/0081.jpg 542 372 591 367 650 361 702 361 581 487 673 491 558 363 675 358
day02/0032.jpg 460 371 512 363 583 360 656 357 516 505 619 500 488 365 620 350
day10/0058.jpg 595 303 645 301 708 299 754 300 646 421 722 425 620 296 733 294
day10/0010.jpg 572 304 617 306 682 304 725 304 619 426 698 421 596 300 707 297
day03/0415.jpg 551 314 600 312 650 310 699 316 590 404 667 411 572 309 677 312
day08/0022.jpg 627 260 688 262 771 258 825 261 687 407 787 407 662 254 798 251
day02/0069.jpg 486 436 529 431 604 429 660 426 533 570 622 567 508 431 631 416
day04/0012.jpg 592 246 649 239 709 232 759 228 645 364 735 362 621 235 741 229
day03/0093.jpg 603 288 654 281 710 277 753 275 658 395 725 386 630 281 736 274
day10/0035.jpg 554 256 610 252 696 253 757 251 614 409 713 400 586 248 726 239
day04/0004.jpg 592 249 649 244 716 241 767 240 644 373 736 369 621 243 744 233
day04/0294.jpg 553 390 612 382 686 375 750 372 612 532 711 530 577 383 712 368
day13/0082.jpg 584 278 632 280 698 278 754 282 626 408 714 416 608 277 729 273
day16/0199.jpg 552 236 599 233 681 227 749 229 606 384 714 379 568 226 712 220
day11/0015.jpg 610 285 659 282 738 280 790 280 660 415 772 405 636 279 760 274
day05/0332.jpg 595 287 668 276 749 270 812 272 668 439 772 436 636 277 780 265
day07/0050.jpg 516 317 572 314 651 307 710 307 581 452 681 446 541 312 677 300
day02/0066.jpg 555 423 616 419 688 417 740 421 605 558 699 552 589 414 714 412
day04/0047.jpg 563 272 631 272 708 272 780 274 616 424 718 425 600 269 739 268
day08/0020.jpg 599 271 659 264 736 258 799 260 656 414 760 404 625 264 763 256
day05/0305.jpg 535 271 596 268 662 265 724 267 588 401 686 400 564 264 692 260
day03/0048.jpg 580 240 646 231 722 222 786 227 640 387 741 382 612 228 752 216
day12/0096.jpg 568 324 619 320 696 313 751 315 617 453 722 455 591 315 720 307
day03/0196.jpg 540 209 594 200 660 188 714 184 596 324 689 316 565 199 687 181
day15/0059.jpg 580 241 640 247 715 249 764 252 625 384 724 390 611 240 746 245
day03/0346.jpg 548 200 601 198 663 196 712 196 598 322 678 322 572 195 689 189
day04/0191.jpg 548 255 609 248 679 243 740 239 608 385 703 382 577 242 708 234
day01/0068.jpg 540 307 612 298 681 296 751 299 604 448 706 444 572 297 709 292
day03/0428.jpg 554 308 611 309 673 307 720 307 605 435 683 434 580 304 696 302
day01/0076.jpg 538 304 608 296 682 295 745 296 597 444 700 440 568 293 710 287
day04/0135.jpg 522 301 592 300 671 289 736 288 576 463 694 453 550 297 700 288
day12/0032.jpg 636 261 700 264 770 266 828 272 685 396 786 396 669 259 802 262
day03/0167.jpg 558 343 611 336 675 336 728 332 612 464 700 461 584 337 700 326
day06/0070.jpg 616 357 678 358 740 362 795 360 671 491 757 491 650 354 770 354
day01/0031.jpg 524 298 600 289 675 287 754 288 578 459 699 460 556 290 708 283
day10/0096.jpg 553 389 596 381 663 385 707 384 596 498 675 494 576 379 682 376
day03/0201.jpg 569 257 619 246 670 242 718 239 621 355 692 346 588 252 693 238
day02/0086.jpg 549 342 612 345 691 345 754 352 598 499 707 500 581 340 723 346
day11/0028.jpg 596 214 668 214 749 215 806 224 672 363 777 360 644 217 784 216
day05/0415.jpg 519 320 585 319 680 306 744 312 577 476 698 476 550 312 704 303
day05/0074.jpg 536 280 611 272 692 268 772 266 604 454 724 445 565 272 732 264
day05/0355.jpg 568 292 637 288 715 283 782 287 630 442 735 436 600 289 748 281
day04/0181.jpg 555 260 615 252 685 248 741 247 612 388 708 388 586 252 715 244
day06/0020.jpg 602 370 660 366 728 366 785 370 655 510 752 511 634 361 768 363
day03/0445.jpg 521 322 566 317 628 318 680 321 563 439 645 430 542 314 656 309
day16/0203.jpg 569 241 636 240 708 236 766 236 632 384 729 384 604 238 743 231
day16/0243.jpg 576 252 636 250 717 252 769 254 634 405 725 404 608 246 748 248
day03/0165.jpg 551 344 607 338 673 331 723 331 609 461 692 458 579 333 695 321
day01/0054.jpg 534 316 595 315 672 307 733 311 595 467 693 462 566 311 706 303
day12/0092.jpg 614 318 668 320 742 323 796 326 659 456 756 457 645 317 776 319
day10/0024.jpg 574 337 620 332 676 332 713 331 625 444 685 444 597 332 696 324
day04/0048.jpg 621 248 684 248 761 256 823 260 673 401 772 408 656 243 796 251
day08/0015.jpg 596 276 654 268 724 260 790 261 656 415 755 414 620 266 757 254
day07/0045.jpg 540 313 604 312 678 304 733 301 604 444 708 440 577 303 709 296
day05/0348.jpg 590 285 660 280 743 283 804 284 642 433 755 434 630 277 774 277
day05/0323.jpg 582 285 644 275 728 271 800 264 652 437 756 431 612 271 764 256
day01/0058.jpg 528 315 592 312 675 310 727 308 592 465 691 463 568 308 707 301
day03/0173.jpg 560 343 616 338 674 337 728 332 616 468 696 464 587 337 701 331
day13/0057.jpg 496 255 564 253 631 255 696 252 547 404 652 401 524 250 664 244
day05/0396.jpg 506 245 566 241 654 233 717 233 563 400 675 395 531 239 680 228
day03/0138.jpg 595 330 658 324 728 323 788 322 656 469 750 468 627 318 757 312
day11/0059.jpg 604 264 662 262 755 268 809 272 648 420 759 430 638 259 782 261
day05/0337.jpg 578 287 646 280 727 275 797 271 645 437 751 430 608 280 757 267
day05/0009.jpg 568 304 631 296 709 296 764 299 622 444 724 443 603 292 740 292
day06/0017.jpg 574 372 633 366 704 361 769 362 626 511 727 513 600 358 733 357
day03/0092.jpg 596 288 644 282 703 277 752 280 644 402 712 392 616 280 727 273
day03/0453.jpg 529 322 578 317 640 319 686 322 574 431 656 433 554 317 664 312
day16/0090.jpg 553 376 616 378 699 378 761 378 597 538 732 535 588 376 732 368
day03/0386.jpg 572 330 634 320 704 316 762 319 636 464 732 464 603 320 740 312
day11/0057.jpg 556 264 609 264 699 266 757 267 594 425 704 430 578 257 720 257
day05/0283.jpg 564 268 620 260 699 262 748 256 624 392 721 387 595 256 722 248
day10/0062.jpg 520 365 573 357 647 359 710 360 568 504 668 502 540 358 678 352
day01/0114.jpg 589 328 656 317 729 313 792 315 652 460 752 461 628 313 764 308
day01/0027.jpg 540 293 621 289 699 285 782 284 600 463 728 463 575 288 736 281
day05/0050.jpg 614 208 676 203 739 204 799 202 669 338 761 336 643 199 769 196
day05/0056.jpg 576 214 629 207 696 206 754 208 621 341 712 343 595 209 723 201
day15/0037.jpg 544 244 596 242 682 244 736 240 595 387 704 389 573 240 709 235
day03/0460.jpg 531 316 586 317 652 317 693 321 572 432 660 431 559 311 670 313
day03/0066.jpg 546 246 610 240 685 232 760 231 610 405 720 396 576 243 721 228
day05/0302.jpg 554 269 616 263 692 266 744 268 610 402 704 400 588 263 717 262
day12/0116.jpg 573 372 641 371 737 371 798 371 631 541 758 546 613 365 770 366
day12/0108.jpg 561 364 621 360 716 359 783 360 615 532 738 534 591 359 753 354
day04/0045.jpg 560 272 624 267 696 267 765 268 613 420 716 420 585 268 728 264
day16/0018.jpg 576 390 636 392 703 388 750 387 624 525 708 527 608 386 732 384
day03/0256.jpg 591 233 642 224 705 221 757 219 640 344 730 337 613 224 725 215
day12/0020.jpg 608 252 667 251 737 252 793 252 660 376 756 376 643 245 768 244
day08/0038.jpg 611 313 668 312 732 308 782 313 658 434 756 438 638 305 756 301
day03/0355.jpg 531 193 580 187 644 177 699 180 586 308 668 302 555 184 668 174
day13/0030.jpg 532 281 581 280 644 283 692 283 572 401 662 403 557 276 668 275
day12/0136.jpg 582 292 642 292 736 300 804 299 634 466 759 461 614 292 770 296
day09/0012.jpg 523 247 588 246 677 250 734 256 588 407 685 409 557 240 704 241
day06/0002.jpg 570 369 627 364 694 360 752 360 617 498 719 500 595 358 725 352
day04/0001.jpg 556 260 605 252 668 245 730 239 606 384 704 372 573 256 692 239
day03/0395.jpg 561 332 624 327 693 321 753 321 615 470 722 466 592 327 725 317
day03/0417.jpg 540 322 587 318 641 316 685 321 580 420 656 420 567 316 670 314
day04/0221.jpg 643 245 708 238 773 238 826 238 702 375 795 370 678 236 805 231
day04/0348.jpg 595 308 649 298 719 296 775 293 643 428 744 428 616 298 741 288
day04/0086.jpg 581 320 647 306 722 300 788 300 654 460 749 449 613 311 753 296
day13/0098.jpg 603 278 656 276 724 277 776 284 644 408 736 410 635 274 754 276
day03/0126.jpg 592 334 660 329 730 324 788 324 649 474 750 475 625 328 761 321
day03/0056.jpg 590 231 650 224 725 220 786 217 646 379 749 364 618 221 755 212
day05/0342.jpg 623 274 693 272 773 271 834 272 677 429 797 424 662 264 807 267
day04/0055.jpg 611 261 680 257 756 259 812 261 667 409 766 412 654 253 785 253
day03/0242.jpg 573 234 625 219 683 212 738 203 626 334 717 326 595 221 709 203
day06/0052.jpg 632 310 702 307 783 305 849 308 686 468 806 465 672 300 817 296
day07/0006.jpg 532 304 582 301 669 296 726 292 585 454 693 446 557 300 697 288
day02/0035.jpg 568 333 621 336 697 333 746 341 610 472 705 469 599 329 722 330
day04/0142.jpg 567 332 632 325 701 320 767 323 628 469 726 466 597 324 728 315
day03/0452.jpg 532 324 579 319 645 316 688 319 577 433 665 428 557 316 671 312
day08/0042.jpg 608 319 652 315 723 315 775 320 654 441 744 443 629 314 747 308
day01/0113.jpg 588 327 648 314 721 315 788 316 644 460 743 457 612 316 751 307
day10/0056.jpg 602 296 651 298 705 298 758 296 640 420 717 417 624 297 733 291
day12/0138.jpg 572 296 640 304 737 300 792 308 635 465 741 473 612 294 768 297
day03/0174.jpg 556 344 613 337 677 336 726 333 612 463 705 460 584 338 697 331
day03/0352.jpg 561 202 616 196 681 192 722 195 614 321 694 319 594 196 705 188
day13/0024.jpg 496 278 540 276 606 278 658 277 536 390 618 392 520 272 632 268
day04/0187.jpg 539 260 600 256 672 249 735 248 598 396 690 392 566 253 698 246
