day09/0116.jpg 580 393 629 389 692 389 744 386 621 522 710 523 608 385 715 384
day04/0096.jpg 574 379 641 380 724 376 784 365 637 559 750 551 616 376 760 367
day04/0034.jpg 592 395 648 393 720 389 781 379 649 546 748 542 620 389 749 380
day18/0060.jpg 618 288 660 290 701 289 745 284 647 388 712 391 637 284 723 282
day09/0114.jpg 596 403 652 404 717 404 767 398 640 545 734 548 627 399 744 396
day09/0096.jpg 591 399 643 400 704 400 757 393 637 533 717 532 621 395 735 391
day03/0045.jpg 625 284 678 281 741 276 789 276 671 412 752 412 651 276 767 271
day15/0003.jpg 619 331 657 336 712 339 753 339 645 449 713 449 640 329 737 335
day17/0084.jpg 621 363 670 369 736 372 777 372 652 492 733 496 648 364 757 368
day09/0080.jpg 604 393 659 392 724 391 775 388 651 529 736 527 636 392 748 385
day15/0200.jpg 585 340 639 340 701 336 753 340 618 476 708 483 612 338 726 333
day16/0012.jpg 648 344 701 343 765 338 820 340 690 485 777 486 680 340 796 334
day15/0188.jpg 594 341 646 340 706 340 763 339 633 476 718 480 621 336 736 334
day17/0036.jpg 644 415 691 416 750 415 791 418 693 529 751 532 668 413 772 412
day18/0027.jpg 601 304 641 306 689 306 727 302 636 408 695 406 620 304 707 300
day16/0007.jpg 644 347 696 351 766 344 820 343 693 492 774 495 669 344 787 337
day09/0050.jpg 641 390 708 388 777 386 832 385 684 535 796 539 676 388 805 383
day12/0155.jpg 696 480 738 480 802 473 850 468 748 609 824 607 713 477 820 468
day13/0004.jpg 656 504 702 507 767 508 817 506 687 641 776 645 680 504 792 502
day13/0030.jpg 666 460 722 468 787 468 844 474 701 612 796 621 693 462 811 465
day06/0043.jpg 600 292 644 295 703 298 748 299 636 416 707 416 621 288 722 290
day17/0018.jpg 648 364 693 368 756 366 796 364 693 490 760 492 672 362 777 362
day06/0009.jpg 640 236 698 239 765 236 820 237 688 379 776 381 670 232 792 229
day18/0028.jpg 605 303 642 300 693 300 727 300 640 404 701 405 626 300 712 297
day03/0046.jpg 618 281 672 280 732 279 787 276 668 415 754 414 646 278 760 270
day15/0068.jpg 568 331 613 331 671 325 714 325 610 451 676 451 592 326 696 323
day09/0170.jpg 637 414 685 419 732 414 777 413 679 525 744 528 656 412 755 409
day09/0010.jpg 622 385 676 388 742 388 792 384 666 528 746 529 650 384 768 384
day17/0002.jpg 647 365 689 367 752 367 792 365 686 492 758 497 671 364 776 363
day05/0059.jpg 636 479 687 476 760 471 812 468 687 620 776 620 664 472 780 465
day09/0146.jpg 614 394 657 392 708 391 752 387 657 509 720 509 636 388 729 387
day09/0060.jpg 626 396 689 397 764 396 819 391 678 552 777 561 656 394 791 390
day04/0072.jpg 565 383 612 380 697 377 750 369 631 541 720 539 586 380 718 368
day04/0067.jpg 579 382 637 383 714 376 764 370 641 545 730 537 608 379 743 373
day12/0007.jpg 608 392 641 391 691 394 722 391 630 485 689 489 626 391 707 388
day18/0022.jpg 611 300 650 307 700 304 736 303 645 411 705 409 634 300 717 300
day09/0115.jpg 595 398 648 400 714 395 766 394 645 537 725 541 622 397 737 391
day10/0101.jpg 655 404 691 401 741 399 774 395 674 487 765 485 675 399 757 394
day04/0058.jpg 595 409 650 410 722 404 775 396 651 566 741 561 624 404 750 395
day17/0134.jpg 581 422 637 419 697 412 754 412 638 562 725 554 605 419 724 409
day01/0074.jpg 610 358 671 354 758 353 820 352 671 531 770 533 648 352 789 347
day12/0108.jpg 625 483 666 478 719 473 757 470 665 587 732 585 646 478 736 467
day11/0028.jpg 645 318 692 320 744 312 790 307 692 437 768 432 669 317 767 306
day16/0018.jpg 653 344 702 344 774 343 827 345 700 489 784 493 679 341 800 344
day08/0057.jpg 568 179 610 180 658 180 700 177 604 286 672 286 591 177 679 176
day18/0016.jpg 606 368 647 370 698 368 738 372 640 473 701 476 632 364 721 366
day12/0222.jpg 637 372 695 374 760 372 810 374 676 519 767 525 670 368 789 368
day03/0014.jpg 592 279 648 278 713 272 772 268 648 416 736 416 624 270 743 264
day03/0197.jpg 638 337 681 339 749 331 796 327 683 468 761 468 657 332 770 324
day04/0049.jpg 586 402 644 404 712 403 772 392 646 561 737 559 608 401 739 392
day04/0033.jpg 593 396 649 396 725 388 781 384 659 549 744 548 619 394 747 384
day01/0115.jpg 598 482 649 485 725 479 776 473 656 640 740 639 625 480 749 473
day15/0007.jpg 596 331 643 337 696 338 736 336 632 450 700 453 620 334 712 334
day13/0036.jpg 667 460 719 463 786 469 844 473 701 607 796 616 691 460 817 466
day17/0103.jpg 648 457 687 452 743 444 783 439 692 568 763 560 667 451 767 437
day12/0130.jpg 680 497 731 496 790 493 839 489 724 629 804 633 704 494 811 489
day12/0146.jpg 705 479 752 481 811 475 858 473 752 610 829 608 724 480 830 470
day12/0239.jpg 624 369 677 371 746 368 796 369 667 515 753 515 656 367 775 364
day03/0020.jpg 602 280 658 279 721 276 777 276 654 415 739 417 625 276 744 269
day03/0189.jpg 629 349 679 353 736 348 790 337 675 478 754 482 650 345 763 338
day03/0181.jpg 660 366 713 370 769 368 821 368 701 500 785 504 687 366 797 360
day15/0164.jpg 576 200 620 204 674 204 722 199 614 320 681 321 597 197 693 195
day13/0028.jpg 668 468 724 473 794 473 848 480 704 620 798 627 698 464 821 473
day04/0069.jpg 566 385 624 383 695 376 753 372 627 540 724 533 592 383 723 370
day08/0056.jpg 595 183 636 182 687 178 726 177 630 286 697 285 613 178 701 173
day06/0022.jpg 622 248 676 250 743 247 792 245 672 388 760 388 649 244 771 242
day09/0108.jpg 572 399 629 400 700 400 751 394 622 544 712 545 596 396 720 392
day13/0017.jpg 667 500 717 503 778 505 828 504 700 636 788 640 689 498 802 499
day06/0012.jpg 639 238 695 240 759 237 812 235 689 384 767 380 666 232 784 230
day13/0012.jpg 662 498 712 501 772 503 818 503 700 635 780 641 684 497 793 496
day03/0006.jpg 596 279 652 278 716 277 771 270 648 414 732 410 624 277 740 268
day17/0060.jpg 622 385 670 382 729 383 778 384 660 508 737 507 644 379 753 378
day03/0048.jpg 623 276 680 276 735 272 787 271 670 404 749 408 650 272 764 264
day12/0220.jpg 620 389 674 388 740 390 792 389 661 532 745 538 644 384 767 384
day12/0278.jpg 637 446 684 445 745 440 792 440 678 576 762 578 657 440 765 434
day07/0045.jpg 673 480 724 480 771 477 819 476 715 599 789 600 700 476 794 471
day12/0129.jpg 679 495 730 495 789 492 838 490 722 629 804 631 709 494 818 489
day03/0004.jpg 567 280 625 276 692 269 747 260 628 412 708 407 595 274 714 260
day19/0017.jpg 599 302 636 301 685 295 729 294 628 410 700 407 615 298 708 292
day12/0232.jpg 625 374 678 375 744 376 796 374 672 520 759 520 648 373 767 371
day19/0022.jpg 599 219 644 224 698 224 740 221 632 336 707 340 622 215 720 219
day15/0035.jpg 556 336 601 339 660 333 708 330 593 464 670 462 581 333 685 327
day12/0147.jpg 704 476 748 473 813 471 860 468 747 608 832 606 724 473 830 461
day15/0027.jpg 556 340 602 343 663 338 706 334 597 466 675 466 580 337 685 334
day18/0033.jpg 605 302 643 302 689 301 727 302 636 405 695 404 625 298 709 296
day12/0139.jpg 687 497 739 496 798 498 851 496 729 632 812 633 714 494 828 492
day09/0125.jpg 632 495 675 492 726 484 766 479 673 600 751 596 652 490 744 479
day19/0034.jpg 592 204 634 205 687 208 732 203 625 318 696 320 615 200 708 200
day19/0010.jpg 596 304 632 305 687 303 725 297 636 412 704 409 614 304 705 296
day15/0050.jpg 568 235 610 240 666 240 712 239 597 352 672 358 590 234 688 236
day01/0075.jpg 600 367 660 364 745 362 804 358 665 536 763 536 628 363 771 356
day18/0026.jpg 605 300 644 303 693 303 738 302 639 404 703 408 627 297 715 299
day17/0130.jpg 591 420 641 418 711 413 765 414 640 556 737 554 619 416 736 410
day12/0144.jpg 704 468 752 470 811 464 860 463 741 598 826 597 728 467 836 460
day09/0099.jpg 581 407 632 408 700 404 745 396 624 542 712 537 610 402 724 396
day17/0030.jpg 642 413 688 413 738 412 785 410 686 527 769 533 665 414 764 406
day12/0003.jpg 585 371 620 370 668 370 702 370 609 460 680 465 601 368 684 368
day12/0299.jpg 665 442 715 441 781 438 826 440 708 580 796 580 694 437 806 436
day06/0047.jpg 600 292 651 294 703 296 755 296 640 415 716 420 628 292 728 294
day09/0013.jpg 620 396 668 400 735 398 788 395 665 540 748 542 646 395 764 392
day18/0075.jpg 616 258 652 257 700 257 737 256 648 357 717 355 636 256 720 252
day09/0130.jpg 632 495 672 488 723 484 768 477 674 602 750 595 654 492 741 480
day04/0030.jpg 588 389 640 388 716 384 771 372 649 547 733 541 615 385 740 377
day09/0173.jpg 640 409 683 408 743 408 780 404 678 520 752 523 665 404 760 404
day04/0040.jpg 614 388 670 388 747 382 807 380 673 548 756 544 651 382 779 375
day09/0031.jpg 666 375 724 372 796 370 847 366 716 528 814 519 696 372 821 365
day08/0055.jpg 591 193 632 191 681 188 723 186 632 292 702 292 612 192 700 184
day10/0025.jpg 590 500 639 500 700 500 751 496 632 638 715 636 616 495 724 494
day05/0058.jpg 639 475 692 474 760 471 814 465 686 622 783 622 668 469 794 462
day12/0184.jpg 580 309 640 305 723 302 780 301 627 463 746 460 613 304 753 300
day15/0155.jpg 572 164 618 168 684 170 732 170 606 301 688 306 597 164 706 165
day12/0264.jpg 638 456 682 453 745 452 796 452 681 585 758 588 658 450 765 445
day19/0008.jpg 592 303 632 302 688 300 728 294 639 409 702 409 614 300 706 293
day12/0117.jpg 624 484 667 481 714 476 753 473 666 590 735 588 644 481 736 470
day01/0077.jpg 599 357 661 356 748 356 807 346 664 528 767 529 633 353 776 344
day06/0006.jpg 631 238 683 236 752 238 802 232 676 378 766 380 656 233 776 228
day12/0215.jpg 626 428 680 424 748 420 797 420 676 568 762 563 655 424 772 418
day04/0124.jpg 548 424 594 426 655 428 704 425 589 562 667 564 567 426 680 426
day18/0067.jpg 622 255 659 256 706 257 743 255 653 356 714 353 640 251 725 252
day18/0041.jpg 588 230 628 233 681 232 722 236 620 340 687 344 608 229 702 229
day08/0010.jpg 621 208 662 208 718 204 762 204 659 323 733 322 637 208 738 204
day15/0118.jpg 572 285 616 289 670 284 714 284 604 400 684 400 594 283 689 282
day15/0046.jpg 548 228 592 226 648 226 692 224 586 341 652 345 570 224 668 222
day09/0036.jpg 663 359 721 359 785 360 840 351 715 505 804 504 692 352 812 353
day18/0070.jpg 615 256 654 257 702 256 740 255 649 359 708 358 639 251 723 251
day08/0037.jpg 605 150 648 149 700 148 740 140 650 256 716 254 625 145 716 139
day13/0002.jpg 661 503 708 506 772 507 821 508 700 644 784 647 688 502 793 500
day01/0072.jpg 578 357 642 354 723 349 788 339 642 532 747 528 604 352 751 339
day15/0001.jpg 611 322 652 326 705 330 748 328 643 438 708 440 634 324 728 324
day09/0016.jpg 609 394 661 396 730 394 782 389 651 536 743 536 640 390 755 389
day09/0024.jpg 671 368 728 367 795 368 846 362 721 516 810 517 700 364 824 362
day17/0074.jpg 645 364 689 363 750 356 800 355 691 486 769 486 674 361 775 349
day18/0081.jpg 606 295 643 300 691 300 726 299 633 398 700 400 625 294 708 296
day05/0014.jpg 624 438 683 439 751 437 808 431 673 594 766 595 653 437 781 425
day04/0128.jpg 572 422 619 425 682 428 729 421 608 556 688 559 600 423 712 423
day17/0014.jpg 645 368 694 369 749 367 797 369 687 493 762 495 666 369 770 366
day12/0227.jpg 625 380 678 379 749 379 796 380 669 521 756 526 654 379 774 379
day13/0039.jpg 668 461 725 464 792 467 840 475 700 612 800 620 689 461 813 468
day12/0204.jpg 610 437 663 434 729 431 783 427 667 575 753 574 633 433 753 422
day12/0153.jpg 698 478 746 477 806 473 854 469 744 608 826 607 718 475 825 466
day19/0060.jpg 570 382 604 383 659 380 698 378 603 487 672 488 587 382 678 379
day13/0062.jpg 679 504 729 507 790 506 841 504 719 642 801 646 701 503 811 499
day15/0198.jpg 587 341 640 340 707 338 758 339 632 475 710 479 618 339 735 337
day10/0087.jpg 699 387 737 384 783 379 821 374 735 480 805 474 718 382 803 374
day08/0017.jpg 620 208 662 212 718 208 763 204 661 325 733 328 637 208 737 203
day10/0078.jpg 606 441 652 445 712 446 762 446 638 573 717 582 632 442 742 444
day06/0073.jpg 584 370 629 366 681 362 727 358 630 490 700 483 604 366 704 355
day10/0097.jpg 708 388 747 385 795 379 833 375 744 481 816 476 729 385 812 375
day04/0051.jpg 584 403 642 403 707 396 766 391 641 553 732 547 609 399 730 387
day15/0204.jpg 626 436 671 430 737 416 787 408 680 570 772 562 650 428 761 408
day15/0015.jpg 591 341 633 341 687 345 726 342 625 454 692 454 614 337 707 341
day16/0006.jpg 650 347 699 350 770 347 820 344 695 492 787 493 674 347 791 340
day05/0100.jpg 705 404 770 401 848 400 910 398 747 576 858 581 737 399 883 396
day15/0136.jpg 564 389 604 389 659 387 695 383 599 497 662 496 583 387 675 383
day05/0050.jpg 642 472 702 471 768 473 828 464 689 625 789 620 679 466 803 461
day08/0035.jpg 608 149 647 149 699 145 743 141 649 259 714 254 625 146 719 141
day10/0136.jpg 631 454 670 450 720 445 755 443 666 546 737 541 654 450 737 441
day17/0041.jpg 613 383 658 382 718 377 766 377 650 507 729 505 632 379 740 374
day01/0026.jpg 642 336 687 336 745 333 787 333 678 453 761 454 670 333 767 329
day05/0053.jpg 649 475 704 475 771 472 824 467 691 622 785 626 678 471 800 468
day12/0257.jpg 630 402 686 404 755 408 807 409 670 552 754 557 663 403 783 404
day17/0021.jpg 637 413 679 412 730 406 775 405 678 522 754 525 658 408 754 401
day13/0014.jpg 665 498 711 500 778 500 821 499 703 635 784 638 690 495 796 496
day09/0063.jpg 594 391 647 391 714 389 764 384 641 529 720 531 620 387 736 383
day08/0045.jpg 599 195 638 193 687 188 727 185 637 298 703 294 620 193 713 185
day03/0085.jpg 625 484 685 479 755 479 800 479 670 623 766 624 658 480 779 479
day12/0102.jpg 639 482 679 478 736 475 776 475 672 592 752 594 662 477 757 470
day04/0004.jpg 582 338 637 337 708 336 769 326 633 496 729 493 608 335 742 328
day12/0127.jpg 677 500 725 497 791 497 839 495 724 637 803 640 700 495 810 491
day12/0268.jpg 641 450 687 450 750 445 791 445 683 579 761 579 662 449 766 442
day09/0142.jpg 615 393 657 394 710 394 751 391 654 508 721 505 635 392 731 390
day12/0229.jpg 631 369 685 370 750 371 803 370 672 516 759 519 660 365 779 366
day17/0118.jpg 652 451 691 450 751 440 794 439 702 566 769 558 673 446 772 434
day03/0052.jpg 635 271 683 272 745 268 793 264 682 402 766 401 665 268 771 264
day17/0025.jpg 638 415 679 412 733 408 776 408 681 526 751 530 657 408 754 403
day12/0274.jpg 638 445 683 444 749 441 796 441 683 575 762 575 662 441 768 438
day09/0143.jpg 612 394 653 392 708 391 747 389 651 505 716 504 631 391 727 387
day16/0142.jpg 558 416 604 414 664 407 716 408 592 545 680 547 581 413 689 402
day12/0251.jpg 629 411 683 412 751 416 805 415 669 558 758 564 659 410 782 413
day03/0193.jpg 620 352 671 348 735 340 787 334 672 475 758 473 646 349 755 333
day15/0127.jpg 570 391 610 387 662 388 702 387 603 500 667 500 591 386 684 383
day07/0065.jpg 642 528 685 528 741 526 790 525 681 650 754 651 665 529 762 520
day05/0048.jpg 637 472 695 475 761 471 815 462 686 621 781 622 668 469 793 463
day03/0054.jpg 635 277 691 277 750 276 808 274 683 409 769 410 662 275 775 269
day04/0169.jpg 665 268 708 267 765 266 807 265 696 386 775 386 683 267 786 262
day09/0107.jpg 610 402 666 404 733 402 784 401 654 546 741 549 642 403 766 400
day12/0228.jpg 620 382 672 380 744 380 795 379 669 526 759 527 646 381 766 375
day10/0100.jpg 700 384 740 379 793 371 828 370 737 480 810 476 725 379 808 370
day04/0095.jpg 578 379 646 379 725 379 787 370 633 555 743 552 617 378 759 370
day15/0078.jpg 546 327 595 326 652 320 699 316 589 447 668 446 574 320 678 313
day12/0225.jpg 615 373 665 375 735 371 792 372 660 523 752 522 638 370 755 368
day19/0025.jpg 589 206 631 208 687 209 730 207 628 324 700 325 610 204 707 206
day12/0158.jpg 693 479 739 477 803 472 848 467 741 606 827 602 720 474 824 464
day19/0004.jpg 595 307 637 305 689 302 730 298 638 413 701 412 623 305 714 300
day09/0104.jpg 595 401 650 403 717 404 770 397 649 547 731 551 625 403 751 401
day01/0117.jpg 593 496 646 493 713 488 780 485 648 644 740 642 618 490 740 481
day12/0011.jpg 585 392 624 392 670 389 704 391 615 484 676 486 601 390 684 388
day05/0035.jpg 584 460 648 458 720 452 783 445 640 621 744 623 616 454 755 445
day04/0108.jpg 585 440 655 444 729 442 793 432 634 619 751 614 626 436 765 432
day03/0201.jpg 640 401 696 401 768 396 826 392 695 553 792 542 670 400 796 392
day09/0039.jpg 657 367 717 368 780 368 832 359 706 512 800 508 685 363 801 357
day12/0202.jpg 622 436 674 433 738 432 788 427 669 576 757 573 648 432 765 428
day04/0175.jpg 675 261 716 263 775 259 822 257 710 374 782 380 697 256 800 255
day18/0014.jpg 614 364 654 368 701 367 741 370 641 473 711 474 636 364 724 365
day09/0004.jpg 598 376 651 377 720 374 779 368 649 526 733 526 623 375 751 368
day15/0009.jpg 592 334 635 340 688 343 732 340 628 451 689 451 612 336 709 337
day03/0157.jpg 648 406 691 405 751 400 792 396 690 525 760 524 669 404 772 396
day03/0027.jpg 612 357 658 360 721 360 770 357 650 488 729 484 636 353 742 352
day12/0216.jpg 624 426 680 424 748 417 800 417 678 564 762 562 655 423 771 417
day03/0049.jpg 632 276 681 272 740 272 791 265 672 408 753 407 656 268 768 263
day05/0016.jpg 619 448 669 448 742 443 796 436 670 600 764 602 642 446 769 437
day10/0018.jpg 648 420 689 417 743 418 784 416 687 527 746 526 668 416 763 413
day11/0033.jpg 640 320 680 319 744 312 788 307 685 435 762 431 660 319 764 305
day15/0152.jpg 611 227 656 236 707 238 749 240 639 349 712 357 628 232 728 236
day12/0203.jpg 617 431 669 430 736 424 792 421 665 570 752 572 649 424 768 418
day03/0059.jpg 616 279 668 278 728 277 785 269 664 414 747 412 642 278 755 266
day12/0140.jpg 684 495 737 495 796 493 850 489 731 632 811 633 706 492 816 486
day19/0048.jpg 576 352 616 352 665 348 710 348 607 455 680 459 595 351 685 345
day09/0030.jpg 664 367 723 368 792 364 852 361 718 522 804 517 700 363 828 361
day15/0112.jpg 579 285 622 288 677 285 720 284 612 400 682 400 603 282 703 284
day03/0208.jpg 643 416 695 413 765 408 819 404 696 557 784 556 671 412 791 404
day01/0107.jpg 553 469 608 468 678 467 740 458 604 628 700 629 581 468 707 456
day15/0153.jpg 608 225 652 232 707 235 752 233 642 348 708 355 631 227 732 229
day03/0236.jpg 664 407 721 406 793 401 845 400 720 551 809 547 691 401 815 396
day09/0066.jpg 591 396 645 397 708 391 759 391 637 534 718 534 615 393 728 388
day19/0033.jpg 589 208 634 209 685 209 726 208 626 321 697 323 612 204 708 206
day12/0189.jpg 604 320 660 320 735 320 792 317 644 475 751 475 625 317 756 311
day10/0129.jpg 632 454 669 451 719 448 757 445 655 541 744 543 648 451 736 444
day18/0005.jpg 614 367 650 368 699 369 738 368 640 472 709 472 630 364 719 365
day15/0093.jpg 576 224 620 226 670 226 716 223 610 344 681 346 598 222 700 224
day04/0086.jpg 551 384 609 389 689 386 756 368 612 561 717 556 579 384 720 371
day18/0089.jpg 600 291 639 293 686 293 720 293 631 395 695 394 619 288 708 289
day05/0087.jpg 668 391 731 391 801 387 864 382 708 542 825 546 700 388 839 381
day15/0030.jpg 562 331 612 334 668 333 716 329 601 457 680 457 594 330 695 327
day10/0109.jpg 663 396 700 391 746 387 780 387 688 485 760 482 680 392 763 386
day09/0052.jpg 634 388 694 388 765 384 823 377 678 542 788 538 664 381 792 377
day03/0090.jpg 618 481 671 481 736 477 791 475 660 624 759 622 644 478 766 473
day10/0003.jpg 631 300 675 296 731 294 775 293 656 399 746 400 653 293 752 289
day05/0018.jpg 616 437 676 441 745 435 803 428 669 598 763 595 643 436 768 428
day10/0084.jpg 697 396 736 388 780 383 821 377 732 488 802 482 713 390 799 376
day10/0030.jpg 582 495 628 495 691 496 745 494 625 632 706 632 605 495 712 490
day18/0037.jpg 597 300 639 300 684 299 724 297 629 404 694 403 616 298 702 295
day15/0123.jpg 585 388 626 390 677 388 717 388 613 497 684 499 606 388 697 386
day10/0125.jpg 628 452 664 448 717 446 756 445 648 536 749 531 648 448 732 440
day04/0029.jpg 588 389 641 389 713 384 770 376 642 544 737 540 609 386 736 376
day12/0120.jpg 624 485 667 481 716 476 757 472 664 594 732 591 648 477 739 470
day06/0007.jpg 627 233 685 238 745 236 801 231 671 377 761 379 655 230 772 228
day04/0104.jpg 588 444 653 446 729 442 792 436 637 620 751 618 624 441 771 436
day06/0004.jpg 636 240 689 243 752 242 804 241 676 384 765 384 660 241 788 236
day10/0121.jpg 624 452 664 448 710 447 748 448 645 538 731 541 645 448 734 444
day04/0007.jpg 585 335 649 334 718 333 780 328 640 496 742 494 626 330 758 321
day12/0148.jpg 700 477 745 479 807 472 854 464 738 606 829 603 723 470 829 466
day04/0060.jpg 586 412 647 413 713 407 772 400 651 564 735 557 618 412 737 401
day09/0138.jpg 645 497 683 492 733 486 775 479 685 604 754 597 664 490 755 481
day12/0191.jpg 588 348 650 341 727 337 783 334 640 486 750 484 617 343 754 334
day12/0263.jpg 641 455 689 453 747 450 794 449 685 583 762 583 666 453 774 447
day03/0209.jpg 648 410 699 408 774 404 829 401 697 559 791 555 679 409 799 400
day04/0161.jpg 666 272 709 274 766 267 809 266 693 387 781 383 691 269 786 265
day15/0091.jpg 571 222 620 227 675 225 717 223 609 342 680 346 600 220 698 223
day11/0054.jpg 633 335 680 336 737 333 775 333 671 450 745 449 663 329 754 327
day18/0083.jpg 600 299 637 298 684 300 720 295 628 399 694 400 618 297 701 294
day03/0220.jpg 657 403 712 402 778 400 837 400 707 552 803 548 687 401 808 392
day05/0088.jpg 660 387 729 387 808 384 868 376 712 545 827 549 704 380 839 375
day04/0083.jpg 550 396 608 397 691 389 755 383 612 569 718 562 576 395 720 383
day10/0082.jpg 702 319 740 307 783 295 827 285 737 402 819 387 716 308 802 285
day03/0094.jpg 587 491 644 489 708 484 768 480 635 630 732 625 616 490 733 478
day13/0066.jpg 684 505 734 510 795 509 849 506 720 643 815 645 714 503 823 503
day08/0013.jpg 620 206 665 205 718 207 765 202 658 322 733 321 641 204 741 197
day09/0135.jpg 638 498 681 493 736 488 779 483 682 604 756 600 660 493 753 483
day03/0099.jpg 602 493 658 490 726 487 784 484 653 633 740 633 633 489 754 481
day15/0044.jpg 565 235 611 236 660 233 704 232 599 349 669 349 587 232 683 229
day12/0261.jpg 642 458 691 459 756 458 801 459 688 590 770 591 667 457 775 454
day05/0060.jpg 632 477 689 477 753 472 811 468 679 622 779 620 658 473 782 467
day19/0028.jpg 596 209 640 213 691 211 735 210 629 324 706 324 617 209 713 209
day03/0211.jpg 649 406 706 402 778 404 833 397 699 551 797 550 684 400 804 396
day18/0058.jpg 616 289 656 289 704 291 741 287 642 391 712 393 635 287 719 283
day15/0171.jpg 608 240 644 239 700 242 736 238 637 344 703 348 630 237 720 238
day07/0041.jpg 665 468 710 466 765 462 808 460 709 580 783 577 691 467 783 457
day08/0008.jpg 621 205 670 204 722 204 769 200 660 320 734 322 647 204 747 200
day09/0172.jpg 639 416 686 416 738 412 779 411 676 531 750 525 662 413 758 411
day10/0054.jpg 625 463 677 463 736 462 788 463 656 591 748 596 652 464 761 460
day18/0079.jpg 624 258 657 256 710 259 744 259 655 356 719 357 644 256 728 257
day03/0203.jpg 632 416 681 412 745 405 801 400 680 552 772 546 654 411 772 400
day09/0046.jpg 627 387 690 384 756 383 814 380 674 532 776 536 658 384 788 376
day03/0066.jpg 593 310 656 306 729 304 794 296 645 457 746 459 625 302 759 300
day09/0056.jpg 627 407 688 402 762 397 818 395 669 558 786 563 658 396 791 394
day12/0119.jpg 626 488 668 485 715 478 757 476 661 594 739 590 644 484 738 476
day12/0151.jpg 697 481 743 481 803 477 856 472 743 612 826 610 717 477 825 471
day08/0020.jpg 623 208 668 210 720 208 764 206 664 324 739 321 642 209 743 203
day09/0028.jpg 660 366 720 362 786 361 844 356 711 520 795 516 694 360 817 356
day15/0147.jpg 576 209 619 216 676 217 725 212 611 337 685 340 599 209 704 212
day10/0128.jpg 631 456 674 450 720 448 760 447 661 548 740 546 656 449 740 442
day10/0116.jpg 669 390 708 384 752 382 791 384 693 478 762 480 691 384 775 382
day15/0111.jpg 576 280 620 286 675 286 719 283 610 399 681 399 600 281 697 280
day10/0039.jpg 594 488 645 487 707 487 758 486 639 620 716 624 625 484 736 480
day04/0068.jpg 572 374 629 373 704 372 764 364 630 536 730 531 604 373 736 364
day15/0052.jpg 560 235 608 239 659 239 706 238 594 352 664 356 585 231 684 236
day05/0049.jpg 631 475 687 476 759 472 811 468 679 622 775 625 662 471 785 465
day12/0183.jpg 556 301 613 300 690 294 755 294 598 456 703 458 584 300 719 287
day10/0117.jpg 668 394 705 393 752 391 792 392 690 486 763 485 683 392 767 391
day04/0024.jpg 634 388 692 391 764 390 821 386 678 546 776 546 668 389 799 384
day10/0093.jpg 688 391 724 382 768 374 810 369 722 477 789 472 706 383 788 369
day15/0109.jpg 580 285 624 286 680 284 723 287 614 399 680 404 604 280 702 281
day05/0067.jpg 639 443 708 441 788 437 858 433 698 622 813 620 671 440 812 432
day07/0049.jpg 663 478 708 475 759 471 801 470 702 588 780 587 688 475 783 465
day15/0189.jpg 586 342 634 340 699 341 756 341 622 478 716 483 608 340 731 336
day03/0071.jpg 598 312 666 311 735 310 795 307 652 462 752 458 638 313 767 305
day04/0081.jpg 565 388 629 385 707 376 763 373 626 553 728 552 597 384 735 369
day18/0039.jpg 596 301 632 301 682 301 722 300 628 405 692 405 616 301 701 299
day05/0081.jpg 685 385 759 394 838 393 907 388 734 570 863 576 717 385 868 389
day12/0282.jpg 669 454 719 456 780 454 832 450 714 594 801 591 694 450 804 446
day15/0016.jpg 588 337 636 345 690 340 733 342 616 450 692 454 617 338 712 339
day10/0053.jpg 626 464 673 461 736 461 787 459 660 591 746 595 654 460 764 457
day09/0082.jpg 582 371 632 374 696 374 744 366 616 502 700 506 609 366 720 365
day12/0256.jpg 633 405 688 403 753 407 806 404 669 552 756 557 669 402 788 404
day09/0012.jpg 621 408 676 407 736 406 792 404 662 544 747 547 648 404 768 404
day08/0027.jpg 608 152 651 152 702 146 742 144 646 260 719 256 628 150 719 142
day15/0029.jpg 546 340 601 340 656 335 706 331 595 464 680 458 574 336 679 328
day10/0052.jpg 623 462 669 462 732 461 780 459 656 593 742 596 649 456 758 456
day03/0018.jpg 590 280 652 275 715 274 773 270 644 416 736 414 620 273 740 268
day12/0114.jpg 621 484 664 480 716 473 752 472 664 588 734 587 640 477 732 469
day12/0037.jpg 656 507 710 509 772 502 827 497 703 655 797 652 681 503 800 495
day09/0077.jpg 585 398 644 398 703 391 759 388 636 533 719 530 615 392 729 387
day05/0095.jpg 652 386 728 386 800 384 869 372 704 556 835 553 695 382 831 371
day15/0085.jpg 552 204 601 207 663 204 711 202 598 332 673 332 579 203 685 198
day10/0061.jpg 580 432 629 436 692 436 740 436 613 562 703 565 612 430 717 432
day04/0047.jpg 611 407 672 406 744 399 800 396 668 565 769 561 649 400 776 393
day12/0289.jpg 660 455 714 452 776 452 824 449 707 588 791 589 685 448 799 443
day03/0007.jpg 592 277 656 275 715 270 774 272 644 414 741 416 625 274 746 265
day10/0055.jpg 620 462 674 463 734 462 785 460 656 592 748 594 649 461 764 457
day07/0078.jpg 650 520 697 522 755 521 795 519 684 640 761 643 678 517 773 516
day04/0088.jpg 553 389 620 390 690 387 764 376 617 566 723 563 581 390 720 378
day15/0043.jpg 560 192 608 188 669 189 721 192 592 313 681 320 588 188 697 187
day01/0081.jpg 572 369 632 372 712 369 779 363 632 538 738 548 598 369 741 360
day13/0032.jpg 668 466 715 468 798 472 845 478 703 614 800 623 696 460 825 468
day15/0110.jpg 580 281 625 289 680 286 723 284 614 400 687 400 607 280 704 284
day03/0076.jpg 609 310 668 307 732 304 790 302 668 460 754 459 644 304 768 295
day15/0135.jpg 563 385 604 390 657 386 697 381 596 496 671 494 587 384 680 382
day12/0283.jpg 675 457 729 456 791 454 835 455 720 592 803 592 704 454 816 453
day19/0035.jpg 585 203 630 205 684 205 730 204 620 315 702 319 608 202 705 203
day07/0028.jpg 664 416 713 413 766 412 812 406 707 530 794 531 688 411 786 404
day09/0091.jpg 580 400 628 397 692 396 741 388 627 537 712 530 604 395 715 393
day05/0027.jpg 591 432 651 436 726 429 793 429 644 597 754 595 620 428 754 424
day19/0036.jpg 588 200 632 204 687 203 729 201 620 314 694 321 608 199 703 200
day03/0013.jpg 588 286 641 281 715 282 763 277 645 415 739 416 614 281 738 276
day17/0108.jpg 647 453 685 454 744 442 784 444 686 568 770 562 664 452 768 437
day06/0025.jpg 588 240 639 239 707 236 752 233 639 379 741 378 619 237 732 228
day03/0166.jpg 561 346 620 349 689 348 744 343 621 484 719 479 592 347 713 340
day13/0016.jpg 668 497 720 501 778 498 829 504 698 633 797 636 690 497 800 500
day19/0023.jpg 597 215 642 218 689 219 735 216 629 324 709 333 618 216 717 214
day05/0057.jpg 645 474 701 479 762 472 824 468 683 620 788 620 672 476 796 471
day07/0051.jpg 661 477 708 473 757 467 805 465 696 587 784 584 683 473 777 461
day15/0037.jpg 554 335 599 340 660 338 704 331 592 462 672 463 578 335 688 329
day19/0051.jpg 583 348 618 348 670 348 710 345 609 457 684 457 601 348 694 344
day05/0029.jpg 588 439 649 440 723 436 788 429 637 605 752 604 612 436 745 428
day12/0019.jpg 603 394 635 395 683 395 721 400 626 487 690 490 618 394 697 395
day18/0093.jpg 600 288 636 292 687 296 728 295 627 387 699 395 623 290 709 293
day09/0042.jpg 599 397 659 394 735 392 802 391 645 546 772 552 632 393 759 386
day15/0008.jpg 600 336 644 340 696 342 737 341 628 448 710 451 624 336 719 341
day17/0082.jpg 622 360 670 366 732 366 784 376 652 487 739 496 652 362 756 362
day07/0026.jpg 662 412 708 415 764 414 805 409 712 529 788 530 682 414 785 407
day09/0150.jpg 616 395 659 392 713 391 759 388 652 510 729 506 639 389 735 385
day03/0065.jpg 583 303 638 304 716 300 780 300 631 456 740 459 612 301 745 291
day09/0019.jpg 612 392 669 395 736 393 785 387 658 532 746 533 645 393 765 387
day09/0068.jpg 591 393 642 395 709 392 766 392 632 532 726 532 617 397 728 388
day03/0217.jpg 667 404 722 412 790 401 841 400 707 548 809 544 698 404 816 400
day06/0072.jpg 580 364 627 368 684 362 728 362 625 490 704 484 601 365 704 356
day17/0024.jpg 648 416 691 420 752 413 792 414 683 529 754 533 673 415 766 408
day16/0016.jpg 651 346 704 348 776 342 832 348 693 490 782 494 680 344 802 336
day08/0042.jpg 602 192 640 194 694 184 735 181 637 296 708 294 623 188 712 180
day03/0132.jpg 712 407 756 410 817 406 862 408 756 523 836 520 736 408 838 400
day08/0011.jpg 620 210 661 210 719 204 764 203 652 320 735 320 642 208 738 200
day10/0154.jpg 621 452 681 454 743 450 803 452 654 591 764 600 650 448 767 452
day19/0019.jpg 591 300 634 300 682 292 726 292 625 408 704 402 609 294 699 288
day09/0131.jpg 645 492 685 490 736 482 780 478 677 600 760 596 669 488 756 476
day12/0237.jpg 627 367 685 368 747 372 803 372 667 511 763 516 653 367 776 369
day15/0172.jpg 609 236 646 243 698 241 742 243 637 346 705 346 631 237 718 239
day09/0159.jpg 624 392 667 393 718 388 764 387 656 503 728 503 643 388 740 385
day04/0163.jpg 659 273 701 281 758 273 804 274 696 392 783 390 681 275 780 268
day08/0059.jpg 599 180 634 183 680 180 728 180 619 282 696 284 615 181 708 180
day10/0102.jpg 656 400 695 402 741 400 774 398 677 492 764 495 676 400 760 397
day10/0019.jpg 648 420 692 419 742 416 781 417 676 524 756 523 669 418 760 412
day07/0057.jpg 664 477 706 476 762 473 808 473 704 589 779 591 688 477 784 467
day09/0011.jpg 626 386 677 387 744 384 795 383 667 524 752 528 651 384 770 380
day09/0002.jpg 602 350 658 351 742 348 801 348 647 506 758 508 634 351 774 349
day07/0022.jpg 660 416 708 416 764 408 807 408 695 536 792 533 684 412 780 404
day15/0070.jpg 555 332 604 332 660 324 704 324 595 452 677 452 576 331 680 323
day15/0103.jpg 576 276 620 280 675 276 718 276 606 391 686 397 600 274 702 273
day16/0024.jpg 631 446 684 445 748 441 794 438 680 580 768 583 659 446 779 433
day12/0198.jpg 604 348 665 342 740 334 803 334 652 498 766 496 642 343 775 331
day10/0017.jpg 645 423 688 424 740 419 781 420 680 530 753 527 665 421 755 417
day15/0104.jpg 572 278 620 280 676 280 718 278 608 389 688 398 599 276 695 276
day03/0260.jpg 667 380 719 379 785 373 834 369 712 529 809 523 694 376 808 367
day18/0085.jpg 594 295 637 301 680 300 716 298 628 395 689 398 613 296 699 292
day17/0047.jpg 621 378 667 381 729 380 772 383 653 505 746 504 646 378 750 376
day05/0037.jpg 606 444 671 445 750 441 812 437 657 612 764 612 643 437 777 435
day06/0077.jpg 584 372 623 370 681 370 724 372 622 492 712 487 603 369 703 360
day01/0116.jpg 586 481 646 484 724 480 776 476 638 640 746 639 620 480 745 470
day01/0030.jpg 632 339 676 342 735 339 788 340 666 453 764 452 655 336 756 332
day08/0048.jpg 592 195 635 194 680 186 720 186 628 297 701 290 608 193 700 184
day10/0036.jpg 592 493 643 492 707 489 753 490 629 621 719 623 617 490 724 488
day12/0233.jpg 636 354 692 360 760 366 808 368 674 503 771 508 665 357 786 360
day09/0111.jpg 581 409 633 408 700 408 756 403 623 545 717 550 603 406 724 404
day18/0009.jpg 601 365 638 366 689 368 728 364 627 467 700 471 617 360 708 363
day12/0009.jpg 602 386 634 385 684 386 716 388 618 474 696 480 620 385 697 386
day15/0143.jpg 574 207 624 213 677 215 724 213 612 333 692 336 598 208 700 210
day10/0006.jpg 644 328 689 329 739 323 780 324 682 440 756 436 666 328 758 323
day04/0019.jpg 581 352 642 351 716 344 776 339 632 505 744 504 610 348 742 340
day13/0069.jpg 687 507 737 510 800 509 856 512 724 648 822 648 716 508 824 505
day13/0024.jpg 664 463 717 471 791 472 844 476 699 615 806 624 693 465 816 468
day05/0043.jpg 654 464 719 469 780 468 833 462 695 610 800 619 683 461 808 460
day03/0190.jpg 625 350 678 345 739 345 791 339 676 477 777 472 649 342 761 337
day18/0090.jpg 599 290 638 294 688 292 724 295 629 387 698 392 622 288 707 289
day09/0074.jpg 591 395 646 403 711 396 760 395 640 533 731 531 620 398 736 392
day03/0095.jpg 595 491 646 492 717 481 774 488 636 630 743 628 620 491 745 481
day09/0123.jpg 632 494 677 492 728 483 776 480 671 599 756 593 654 490 748 481
day03/0233.jpg 677 405 738 404 801 400 862 396 719 542 819 546 714 399 833 391
day15/0106.jpg 574 280 616 282 676 282 717 282 602 396 684 397 595 279 693 278
day12/0236.jpg 625 373 684 373 750 372 800 375 671 515 760 520 655 372 776 368
day04/0110.jpg 591 454 656 461 735 450 799 447 635 627 762 629 625 452 766 450
day07/0056.jpg 670 475 713 475 764 469 807 470 701 587 786 583 691 471 788 465
day06/0008.jpg 640 240 692 247 766 241 821 245 680 383 782 388 668 243 794 238
day05/0091.jpg 644 391 705 392 790 383 851 378 700 555 825 554 671 391 811 376
day10/0146.jpg 628 443 679 443 749 440 803 447 645 576 759 584 652 442 766 438
day03/0075.jpg 603 312 665 315 733 309 797 305 655 466 759 468 635 312 762 302
day05/0044.jpg 634 472 693 474 761 467 816 462 680 618 784 624 663 468 782 460
day10/0072.jpg 599 444 644 446 707 448 759 448 626 568 715 581 623 444 732 448
day03/0067.jpg 587 305 644 305 717 300 773 299 632 453 748 454 614 303 742 292
day12/0020.jpg 598 391 636 396 684 392 715 394 627 484 696 487 621 389 698 390
day10/0131.jpg 632 452 672 448 722 444 761 443 661 544 745 540 660 448 743 441
day09/0164.jpg 631 416 683 415 729 412 774 410 672 524 744 520 657 413 750 411
day12/0288.jpg 658 459 709 455 773 452 816 450 700 587 791 588 686 451 792 443
day10/0062.jpg 588 436 644 443 711 442 753 444 624 563 704 578 624 440 727 440
day03/0205.jpg 641 409 689 410 762 401 816 399 681 552 784 548 662 405 782 398
day18/0071.jpg 620 254 652 256 708 255 742 256 647 356 719 356 638 251 721 249
day19/0001.jpg 596 307 637 306 688 302 730 300 632 416 704 410 616 304 707 297
day18/0098.jpg 602 290 640 289 690 289 726 293 630 386 705 386 627 289 705 290
day11/0002.jpg 646 262 690 260 736 261 783 260 682 376 756 367 669 260 763 258
day03/0005.jpg 607 275 669 275 725 273 775 274 655 412 756 415 643 274 756 269
day07/0067.jpg 638 531 691 531 741 526 790 526 684 647 766 649 663 525 765 520
day15/0004.jpg 612 331 652 336 708 341 750 338 642 448 716 450 634 330 729 336
day13/0076.jpg 688 510 734 515 810 516 850 516 727 650 820 653 711 508 822 511
day18/0053.jpg 616 289 652 290 704 288 738 288 650 392 715 390 635 286 718 284
day10/0099.jpg 691 387 732 384 778 376 818 372 730 482 806 479 711 384 797 372
day01/0099.jpg 621 459 687 454 774 450 842 444 689 631 818 620 658 458 803 440
day09/0113.jpg 593 401 645 399 707 397 762 395 634 540 726 542 617 396 734 395
day15/0113.jpg 579 279 620 287 670 283 711 283 608 396 683 400 597 280 695 280
day18/0011.jpg 596 363 637 366 691 366 730 366 626 470 700 470 617 362 709 364
day07/0050.jpg 662 476 707 475 762 467 805 465 698 584 779 585 688 469 783 461
day13/0074.jpg 688 508 738 513 808 513 851 515 729 648 825 652 715 511 830 512
day18/0069.jpg 618 256 654 258 709 258 741 258 650 354 714 355 637 255 723 256
day04/0065.jpg 551 375 612 380 687 371 745 364 615 536 717 530 583 375 713 363
day03/0207.jpg 641 411 694 413 767 404 823 405 689 558 785 555 669 412 787 401
day15/0086.jpg 568 221 609 225 666 224 712 226 604 340 677 341 589 222 686 220
day03/0145.jpg 644 415 691 417 750 416 806 416 688 533 769 538 669 416 775 412
day03/0152.jpg 636 412 686 412 741 407 793 410 680 529 768 530 660 410 764 404
day05/0055.jpg 645 477 704 476 774 470 825 469 690 617 790 625 680 475 804 470
day05/0008.jpg 628 440 683 441 758 434 813 435 678 592 780 592 658 436 785 430
day08/0025.jpg 608 146 645 146 699 145 743 137 647 258 721 253 625 145 720 138
day15/0012.jpg 594 333 637 340 687 342 732 337 619 450 697 455 612 333 708 335
day01/0082.jpg 570 350 632 358 706 349 779 345 621 529 739 529 591 352 734 341
day09/0160.jpg 643 395 694 398 747 391 789 391 676 502 749 508 669 390 766 391
day04/0098.jpg 571 397 641 396 720 388 783 384 634 567 747 563 616 394 760 383
day11/0048.jpg 634 319 675 319 732 316 774 320 666 433 743 442 658 314 754 313
day15/0102.jpg 572 273 622 278 674 278 716 275 602 390 682 396 600 274 697 273
day09/0169.jpg 650 409 691 413 744 407 785 410 683 522 757 521 671 406 764 406
day16/0040.jpg 630 442 677 440 750 436 795 436 673 566 760 577 654 436 770 426
day06/0075.jpg 591 366 643 369 693 363 738 366 636 485 709 489 620 366 716 358
day08/0060.jpg 590 179 631 182 676 179 720 179 616 282 690 284 608 175 700 176
day05/0033.jpg 587 455 645 453 723 446 785 442 641 616 748 618 615 447 756 443
day15/0062.jpg 550 334 594 330 657 326 698 326 587 453 678 450 571 329 676 324
day12/0214.jpg 624 425 680 422 749 417 794 417 678 565 770 562 655 423 773 416
day09/0153.jpg 610 396 658 394 709 394 758 391 652 507 724 506 635 394 730 391
day01/0002.jpg 737 266 800 272 876 270 935 266 775 428 887 438 775 266 905 265
day15/0036.jpg 547 337 595 339 651 337 702 332 590 461 675 458 570 337 679 332
day04/0076.jpg 553 378 613 377 686 374 749 361 616 533 717 529 581 375 711 362
day12/0097.jpg 648 531 695 532 759 529 812 525 690 664 783 666 670 529 779 518
day15/0116.jpg 570 281 615 288 672 284 710 284 601 397 683 398 590 280 689 280
day03/0184.jpg 638 348 690 350 750 350 803 347 683 479 774 484 666 348 773 345
day08/0019.jpg 624 212 666 210 722 208 763 207 658 324 737 325 646 208 745 206
day13/0023.jpg 662 466 719 471 791 474 845 483 697 620 802 624 693 466 815 475
day09/0121.jpg 648 484 687 482 741 476 782 471 680 581 779 572 669 480 762 471
day09/0174.jpg 645 411 692 412 741 410 785 408 681 524 750 524 667 409 759 409
day09/0128.jpg 637 497 678 492 731 481 771 478 675 595 746 604 654 492 749 481
day15/0161.jpg 577 192 623 192 682 187 726 187 612 308 686 308 598 188 699 183
day05/0083.jpg 681 400 745 398 836 395 888 389 728 563 861 562 720 394 860 389
day09/0175.jpg 643 404 687 408 737 408 779 406 674 520 754 520 663 404 754 405
day15/0141.jpg 576 208 621 211 677 211 723 210 610 329 687 337 600 210 700 209
day18/0004.jpg 602 366 637 368 691 368 733 368 629 473 701 475 621 362 708 363
day01/0093.jpg 642 456 713 456 796 447 864 440 709 633 822 631 683 452 831 437
day03/0015.jpg 593 284 646 284 712 279 762 279 644 419 727 417 617 283 737 273
day12/0286.jpg 641 462 698 464 756 456 806 452 691 598 788 597 670 459 778 452
day17/0042.jpg 617 382 671 387 728 380 777 387 655 507 738 504 645 379 755 379
day07/0068.jpg 642 522 686 523 745 521 789 523 674 639 764 642 667 520 765 517
day15/0025.jpg 556 339 601 337 660 340 708 334 594 463 683 462 579 337 687 336
day12/0025.jpg 650 510 701 506 769 501 822 500 691 650 795 653 676 506 795 497
day15/0120.jpg 566 289 606 286 662 288 708 288 597 401 678 401 582 284 683 285
day03/0213.jpg 645 406 694 407 770 399 823 394 690 549 797 545 671 402 790 395
day18/0051.jpg 620 284 657 285 707 286 746 287 646 387 724 392 637 283 725 283
day18/0015.jpg 608 365 650 371 696 371 734 371 636 472 710 475 631 366 714 366
day10/0068.jpg 591 441 643 444 708 444 753 445 624 570 715 578 622 441 730 444
day09/0137.jpg 642 495 685 491 737 484 780 482 685 600 762 596 670 491 760 482
day18/0049.jpg 577 212 620 216 670 216 713 212 612 323 683 329 600 215 691 208
day05/0021.jpg 568 450 625 450 703 439 768 437 615 614 733 611 596 445 726 433
day17/0073.jpg 642 364 686 364 753 359 795 358 685 483 766 487 666 362 770 356
day06/0005.jpg 631 234 689 237 755 235 812 241 680 378 782 376 658 235 780 229
day15/0038.jpg 548 340 595 340 649 335 701 334 588 463 676 462 566 337 671 332
day04/0053.jpg 581 418 641 418 712 410 768 404 640 566 735 564 607 416 731 405
day12/0250.jpg 629 408 681 416 745 412 801 414 662 556 758 565 651 412 768 413
day19/0015.jpg 595 300 632 299 686 297 725 293 626 404 704 404 613 298 704 292
day18/0096.jpg 600 286 641 291 687 290 725 294 629 388 699 390 620 286 705 287
day12/0188.jpg 624 317 685 316 756 315 815 318 654 470 779 472 656 312 784 313
day15/0060.jpg 547 229 591 235 651 231 694 229 580 346 658 352 570 229 670 231
day04/0014.jpg 586 345 645 346 722 341 779 334 645 503 741 495 623 345 755 337
day19/0047.jpg 577 350 617 350 669 347 709 346 607 457 683 456 595 350 687 345
day10/0027.jpg 581 494 625 495 688 494 742 489 617 630 705 633 603 491 708 489
day15/0013.jpg 591 333 636 341 687 342 734 341 620 450 691 456 616 339 714 340
day18/0063.jpg 615 259 655 258 701 259 739 257 642 357 719 359 639 256 717 252
day15/0021.jpg 567 333 615 337 674 333 718 333 594 460 686 458 598 333 700 331
day04/0062.jpg 566 380 625 378 701 375 758 368 616 536 721 535 595 377 728 370
day01/0038.jpg 625 344 673 341 729 338 777 337 669 462 745 461 650 341 746 334
day15/0154.jpg 606 227 656 233 706 236 750 237 637 344 714 353 635 231 732 235
day04/0106.jpg 594 448 659 450 740 445 801 442 643 623 765 617 633 442 777 441
day09/0152.jpg 612 392 662 395 710 391 752 389 650 507 726 505 635 386 732 386
day18/0032.jpg 594 303 633 303 682 301 722 300 628 402 696 403 614 301 700 300
day12/0149.jpg 696 479 741 480 805 476 854 471 746 606 830 607 716 477 826 469
day16/0004.jpg 644 349 699 349 767 345 815 346 687 487 794 494 672 343 791 340
day13/0029.jpg 662 462 718 469 788 469 841 478 699 613 794 620 691 465 811 472
day10/0063.jpg 580 431 626 438 693 442 745 439 609 566 702 570 604 432 712 433
day15/0054.jpg 552 233 600 237 654 237 697 237 585 351 666 355 579 234 675 233
day03/0196.jpg 631 342 683 340 744 337 792 333 675 469 775 466 652 338 764 326
day07/0027.jpg 662 416 703 416 764 411 806 412 704 530 777 529 682 416 781 406
day04/0167.jpg 665 262 709 266 764 262 809 263 695 381 779 381 691 262 785 258
day18/0029.jpg 599 302 637 305 689 303 722 301 633 402 701 406 620 304 704 300
day18/0018.jpg 599 364 642 370 695 369 733 366 628 470 706 475 622 363 713 365
day09/0180.jpg 644 404 688 405 740 408 786 404 676 517 755 517 665 403 763 404
day05/0005.jpg 593 437 650 437 726 429 791 421 648 592 763 598 624 433 759 420
day04/0125.jpg 585 426 639 433 700 433 742 432 614 559 706 568 617 427 727 432
day15/0018.jpg 590 334 637 337 691 338 737 338 620 445 702 453 616 332 716 334
day09/0161.jpg 630 411 672 410 724 403 764 398 662 519 739 520 650 406 743 399
day03/0077.jpg 583 316 646 315 716 307 782 308 642 461 744 458 612 316 741 302
day09/0156.jpg 609 393 654 390 708 388 754 385 649 500 721 504 633 388 730 383
day08/0012.jpg 620 205 662 204 720 204 766 199 654 320 732 319 637 204 736 198
day09/0032.jpg 662 368 725 368 796 362 854 358 709 520 811 520 696 364 825 361
day09/0014.jpg 616 391 673 391 737 390 789 385 655 534 749 530 648 389 763 387
day04/0078.jpg 575 370 633 370 707 365 767 358 625 532 732 526 605 370 743 357
day09/0081.jpg 562 226 606 225 676 220 735 215 593 369 698 366 587 225 704 216
day05/0015.jpg 619 445 675 441 752 441 803 436 669 598 770 600 649 438 777 433
day18/0076.jpg 616 255 652 256 701 255 733 252 642 351 713 354 636 252 717 250
day12/0172.jpg 666 547 710 541 774 537 820 534 702 670 798 665 693 542 796 530
day01/0096.jpg 600 446 658 447 737 437 809 429 670 624 778 620 629 446 770 425
day10/0013.jpg 632 329 679 330 730 328 769 325 667 434 739 434 652 327 748 320
day09/0134.jpg 643 496 679 493 733 484 776 482 679 603 756 602 660 494 750 479
day10/0060.jpg 622 461 667 459 730 461 783 456 658 587 750 592 641 459 755 454
day18/0036.jpg 600 298 638 300 688 297 720 299 629 399 695 400 620 299 702 297
day15/0150.jpg 625 227 671 234 725 236 768 237 653 342 721 354 653 229 748 233
day18/0055.jpg 612 291 654 294 700 290 739 288 642 391 714 393 634 287 717 283
day01/0040.jpg 631 341 690 343 737 340 781 341 676 454 762 458 662 338 759 335
day04/0032.jpg 616 393 671 392 748 389 800 384 662 541 768 541 647 391 777 383
day09/0061.jpg 584 395 644 395 707 393 763 387 623 533 725 533 612 393 729 390
day12/0275.jpg 637 446 683 447 746 442 791 442 675 575 766 574 655 443 762 440
day10/0134.jpg 626 454 672 448 720 446 756 441 660 544 740 545 645 450 735 440
day08/0023.jpg 616 148 658 142 714 142 754 138 653 253 729 250 642 142 737 136
day04/0077.jpg 581 379 645 375 718 374 774 364 636 540 749 530 620 377 749 364
day12/0279.jpg 633 447 689 446 744 443 789 445 678 577 762 575 655 441 762 441
day03/0218.jpg 648 409 706 408 779 403 838 403 706 549 804 549 676 403 800 395
day12/0206.jpg 612 429 668 428 737 422 788 420 655 570 758 570 642 425 758 417
day15/0097.jpg 573 212 617 216 675 216 715 218 600 327 682 335 595 212 698 211
day11/0016.jpg 654 488 697 487 746 481 782 489 689 594 764 583 670 486 758 478
day12/0235.jpg 631 371 681 370 750 373 802 370 666 512 766 515 661 370 779 369
day10/0011.jpg 641 325 684 326 738 319 776 319 675 431 761 433 664 324 754 316
day10/0091.jpg 695 384 729 380 778 371 818 368 727 479 808 474 714 382 799 369
day12/0118.jpg 622 485 660 483 713 478 755 475 658 589 736 593 643 483 733 472
day17/0057.jpg 619 378 669 380 737 381 775 385 655 504 749 511 648 379 756 379
day15/0157.jpg 629 150 679 150 741 150 801 148 671 285 756 290 657 149 767 150
day09/0149.jpg 610 395 658 394 708 390 753 385 643 507 726 504 630 391 729 387
day10/0009.jpg 639 327 687 328 737 324 781 321 671 433 754 433 662 327 757 320
day09/0045.jpg 640 383 705 382 773 375 837 382 683 533 797 536 669 382 801 379
day05/0023.jpg 631 437 694 441 770 437 822 433 675 603 786 607 667 437 799 431
day10/0058.jpg 621 460 673 459 733 459 783 458 658 589 752 593 647 457 754 456
day19/0027.jpg 596 205 641 212 693 210 736 209 628 319 703 321 619 206 718 208
day12/0125.jpg 673 496 728 500 790 500 837 496 712 633 808 637 703 494 809 491
day10/0051.jpg 624 463 668 467 734 463 783 462 651 587 751 599 647 459 754 459
day09/0040.jpg 658 370 717 369 782 366 841 364 702 512 800 511 687 364 808 365
day10/0155.jpg 625 444 682 447 751 447 808 447 658 590 769 593 654 444 779 446
day04/0026.jpg 591 384 643 383 716 375 775 369 648 533 742 533 612 379 746 367
day09/0158.jpg 621 388 668 391 720 390 765 387 654 502 735 503 647 387 741 385
day10/0023.jpg 583 501 637 505 697 506 749 504 620 637 711 644 607 505 715 500
day12/0208.jpg 627 422 681 424 740 422 801 419 673 566 777 562 658 419 776 412
day13/0071.jpg 690 507 735 512 808 511 849 516 722 640 816 650 716 507 828 505
day04/0177.jpg 669 264 724 267 775 266 816 267 708 379 787 379 699 262 792 258
day04/0057.jpg 581 407 644 410 704 402 768 395 646 564 744 554 612 407 734 398
day12/0292.jpg 659 451 705 447 774 449 829 446 695 581 797 581 681 445 792 440
day15/0130.jpg 562 386 604 383 655 384 697 380 600 495 668 493 582 379 675 377
day13/0054.jpg 676 512 731 520 798 516 845 511 716 660 818 665 704 507 820 511
day03/0051.jpg 635 270 693 269 752 268 812 271 680 403 772 404 660 270 781 263
day03/0243.jpg 666 371 735 375 800 368 854 366 721 512 815 516 700 370 825 362
day04/0174.jpg 673 264 712 266 772 264 816 265 704 377 789 378 693 262 791 260
day05/0066.jpg 662 453 737 460 820 454 884 447 718 633 840 640 703 452 850 445
day09/0072.jpg 596 392 649 398 713 392 765 386 642 531 729 530 628 392 741 388
day12/0138.jpg 679 493 736 499 800 492 849 491 720 627 814 629 716 494 829 487
day04/0118.jpg 580 457 645 454 721 447 793 446 627 624 755 620 609 455 747 444
day01/0037.jpg 624 343 670 342 735 338 775 337 666 456 754 454 646 337 750 332
day09/0021.jpg 627 352 695 354 775 348 841 344 687 518 803 519 666 351 810 344
day10/0127.jpg 627 450 668 447 712 444 755 443 648 531 746 532 645 446 733 441
day07/0030.jpg 664 414 712 412 769 409 820 403 699 528 792 532 692 409 790 402
day18/0050.jpg 633 283 675 287 723 287 758 288 658 383 736 384 659 283 742 280
day12/0242.jpg 628 414 679 419 750 419 807 418 671 566 764 569 658 412 776 413
day12/0098.jpg 649 532 697 531 758 529 811 523 692 665 782 669 670 531 776 525
day18/0031.jpg 602 302 637 301 687 302 725 303 633 406 698 403 621 304 705 300
day10/0158.jpg 633 421 685 422 755 426 809 427 651 549 779 561 659 419 779 419
day15/0049.jpg 563 233 607 236 664 240 706 237 599 350 670 357 587 232 687 236
day01/0108.jpg 548 483 603 485 672 475 732 470 598 636 697 640 575 483 698 467
day10/0081.jpg 716 312 755 304 801 290 844 285 754 397 846 381 739 304 826 285
day18/0077.jpg 624 251 664 255 712 255 743 254 648 354 726 354 646 252 725 252
day12/0176.jpg 676 543 726 539 785 533 829 530 712 670 812 671 707 539 812 529
day09/0145.jpg 608 397 654 396 708 392 750 390 645 503 722 506 633 389 729 387
day15/0148.jpg 576 210 621 218 683 217 720 215 607 336 688 340 602 212 704 211
day09/0139.jpg 636 495 677 493 733 483 772 480 682 602 758 595 658 491 750 481
day11/0058.jpg 662 307 704 304 761 303 796 307 691 412 777 416 686 302 775 303
day08/0053.jpg 588 195 632 191 679 186 725 183 624 295 696 295 608 190 698 181
day16/0010.jpg 644 345 703 341 776 341 830 342 688 487 802 487 670 342 797 333
day03/0029.jpg 625 362 686 371 745 370 802 375 660 491 755 504 658 366 770 367
day07/0052.jpg 662 473 702 472 756 470 797 465 700 588 779 587 683 471 779 464
day15/0124.jpg 570 387 611 390 665 386 707 388 596 494 678 499 590 384 686 383
day18/0054.jpg 616 287 654 291 704 291 746 293 645 391 719 396 637 288 725 283
day12/0272.jpg 637 447 686 446 743 448 795 448 678 579 763 579 663 445 770 441
day11/0042.jpg 637 318 685 321 744 320 792 322 670 435 751 447 666 320 769 316
day05/0089.jpg 666 399 741 401 816 397 879 394 712 555 848 562 704 397 848 395
day06/0059.jpg 612 291 654 292 722 295 762 295 640 414 732 415 637 291 738 291
day11/0034.jpg 633 316 684 317 743 310 783 300 683 433 768 432 658 312 762 300
day12/0133.jpg 677 500 730 500 791 494 844 491 720 633 807 633 701 496 812 492
day03/0017.jpg 592 283 650 282 714 275 775 274 643 416 739 415 616 279 738 270
day04/0001.jpg 572 345 633 341 704 334 761 330 623 495 731 496 608 338 739 329
day03/0084.jpg 593 473 648 473 712 467 766 468 637 613 737 611 620 473 736 462
day12/0226.jpg 631 374 679 375 750 378 803 379 668 524 757 525 659 375 779 375
day18/0062.jpg 621 256 662 262 708 260 747 255 652 358 721 358 645 258 729 255
day13/0077.jpg 693 511 737 516 804 515 857 518 725 645 821 654 712 512 825 512
day09/0026.jpg 650 362 712 364 780 362 833 358 698 515 795 512 675 362 802 358
day18/0046.jpg 595 241 636 247 693 248 727 247 615 352 695 358 620 240 712 243
day15/0105.jpg 575 278 617 280 670 282 717 283 606 391 688 395 597 278 697 278
day03/0093.jpg 593 491 647 493 712 483 765 479 633 627 735 631 616 487 733 479
day06/0034.jpg 608 235 665 239 732 232 787 233 656 375 753 375 638 234 755 227
day18/0025.jpg 594 302 638 306 681 304 720 300 626 412 697 408 611 302 700 300
day15/0094.jpg 572 219 615 225 670 226 714 223 601 337 688 341 595 220 689 220
day12/0230.jpg 626 379 678 376 748 373 798 378 663 518 766 522 654 376 775 376
day05/0038.jpg 604 450 663 450 750 446 804 445 660 616 763 619 640 451 779 445
day01/0069.jpg 620 360 687 354 775 352 834 350 679 534 799 532 658 358 804 348
day09/0151.jpg 620 392 663 396 719 392 762 389 656 508 726 506 646 390 742 387
day15/0082.jpg 529 191 579 195 640 191 689 183 571 325 658 325 551 189 664 182
day12/0135.jpg 683 495 737 502 797 497 850 495 725 629 817 634 708 495 819 491
day19/0057.jpg 583 333 621 337 675 337 716 333 610 443 687 442 605 335 697 331
day09/0007.jpg 617 378 675 382 740 375 787 375 662 516 745 519 647 375 762 370
day04/0116.jpg 570 451 633 447 715 442 778 434 634 621 747 616 601 447 741 437
day01/0071.jpg 587 350 659 352 742 347 807 341 656 531 778 529 622 351 769 339
day12/0132.jpg 684 494 734 496 795 493 839 489 717 633 808 632 710 490 818 487
day13/0020.jpg 668 495 720 501 779 504 838 508 700 630 790 638 699 497 811 500
day15/0041.jpg 556 175 600 178 664 176 712 176 591 304 682 308 577 175 687 173
day10/0046.jpg 618 470 666 470 729 465 779 466 650 594 741 597 641 470 750 466
day10/0095.jpg 710 388 750 385 798 379 837 375 737 469 833 468 733 385 817 376
day18/0042.jpg 591 239 633 239 683 243 725 245 620 346 690 350 616 236 704 237
day12/0156.jpg 691 484 739 483 800 477 847 475 734 608 830 607 718 482 822 471
day10/0001.jpg 620 292 662 291 716 286 764 288 654 397 740 400 641 288 733 280
day12/0219.jpg 625 426 679 424 745 420 797 416 670 562 762 564 649 422 767 415
day04/0010.jpg 556 350 614 351 691 340 746 335 610 501 718 503 579 349 718 335
day12/0142.jpg 704 499 750 500 812 497 860 493 744 629 833 629 725 499 833 491
day01/0033.jpg 641 338 691 338 746 339 783 339 677 457 768 461 670 338 766 333
day06/0017.jpg 637 246 699 248 761 242 817 246 679 383 790 386 670 244 787 240
day15/0134.jpg 566 383 604 385 656 386 695 382 594 495 666 500 587 385 675 381
day04/0039.jpg 610 388 672 387 748 383 804 377 669 542 751 550 650 383 771 376
day03/0242.jpg 665 354 715 357 785 351 837 344 706 498 815 495 688 347 806 344
day10/0096.jpg 707 392 750 383 795 377 834 375 741 480 822 475 732 385 817 375
day09/0017.jpg 608 393 661 395 729 391 777 384 650 529 739 534 636 388 751 387
day08/0021.jpg 620 147 658 146 715 143 757 139 658 254 731 254 641 143 732 139
day13/0005.jpg 646 504 693 502 762 502 807 498 691 634 779 642 670 498 782 498
day04/0087.jpg 587 391 660 393 741 386 804 382 650 566 758 562 631 385 775 383
day07/0079.jpg 645 519 692 521 748 516 787 519 689 639 777 645 674 517 772 514
