day04/0054.jpg 584 470 616 465 660 463 696 456 630 558 687 548 601 467 674 456
day02/0185.jpg 589 376 626 371 690 368 732 369 636 488 714 483 609 369 709 365
day02/0495.jpg 598 460 632 459 680 456 718 454 634 555 698 552 617 454 700 451
day02/0252.jpg 671 432 704 434 750 437 784 447 691 523 751 528 688 431 767 439
day02/0493.jpg 601 463 633 464 682 463 724 466 625 559 695 560 616 460 702 459
day02/0459.jpg 763 447 802 451 851 453 886 462 783 544 850 550 787 445 872 453
day02/0714.jpg 619 462 658 459 702 458 740 460 656 560 717 555 641 457 724 454
day02/0746.jpg 552 409 584 400 628 396 665 395 594 493 659 484 568 400 647 391
day03/0072.jpg 583 421 637 411 699 409 751 408 637 550 728 544 611 416 728 401
day02/0499.jpg 596 466 633 461 680 454 717 454 632 561 706 555 618 459 695 451
day02/0716.jpg 604 457 639 455 688 456 721 453 636 552 699 550 622 453 700 453
day05/0389.jpg 654 388 698 379 745 375 790 369 698 492 768 482 674 376 765 366
day02/0326.jpg 687 408 724 405 776 400 820 399 730 511 796 505 707 405 795 395
day03/0014.jpg 627 302 662 297 716 294 751 289 664 395 740 392 649 295 737 285
day05/0258.jpg 644 408 687 404 736 398 779 394 688 512 761 497 666 400 762 391
day05/0107.jpg 699 470 745 464 800 457 848 446 750 587 828 579 721 464 819 447
day02/0102.jpg 687 441 725 441 771 429 810 431 728 537 795 529 706 436 789 427
day02/0239.jpg 557 420 596 411 636 407 670 401 608 502 666 493 573 413 650 400
day05/0289.jpg 635 339 683 334 743 326 788 331 672 445 768 441 658 332 764 321
day03/0017.jpg 623 300 662 293 704 291 750 287 655 399 729 394 639 291 724 286
day06/0017.jpg 565 345 626 350 696 358 757 358 596 514 709 516 587 341 729 350
day04/0116.jpg 688 354 724 356 775 361 805 363 712 454 783 455 706 354 791 359
day02/0545.jpg 583 416 625 414 670 401 716 394 636 525 701 512 602 409 692 397
day02/0340.jpg 695 422 734 423 790 422 829 427 730 521 795 525 720 418 807 419
day06/0015.jpg 492 328 548 320 612 316 674 310 533 471 641 462 513 320 642 308
day02/0268.jpg 536 257 595 261 666 251 728 251 578 411 692 401 573 256 704 246
day05/0326.jpg 606 342 669 345 732 350 795 348 642 488 741 495 636 335 762 342
day03/0109.jpg 673 358 715 362 760 371 794 383 686 460 759 475 693 357 779 372
day03/0106.jpg 555 308 595 306 651 298 694 300 593 419 678 408 575 304 675 291
day02/0334.jpg 700 412 735 414 782 416 829 418 732 518 795 516 716 413 805 413
day05/0250.jpg 749 320 788 327 833 340 877 355 750 425 825 447 766 319 856 344
day02/0229.jpg 697 412 735 407 781 407 823 404 740 504 808 500 718 404 804 398
day05/0048.jpg 613 426 656 421 716 417 765 408 662 545 746 537 638 422 742 408
day02/0180.jpg 603 369 644 367 699 368 742 368 642 482 718 479 625 363 725 361
day05/0115.jpg 693 482 738 478 789 461 839 454 751 591 825 582 716 475 816 454
day03/0064.jpg 587 420 635 412 696 403 749 401 633 545 727 540 605 408 723 396
day02/0502.jpg 593 465 631 461 677 457 717 455 631 558 694 557 612 459 693 454
day05/0039.jpg 601 377 658 371 710 369 755 364 654 494 733 484 622 370 731 358
day03/0071.jpg 575 422 621 418 691 410 736 405 624 556 727 545 594 420 709 405
day02/0113.jpg 644 454 679 445 729 438 768 429 698 545 758 533 662 445 748 429
day05/0192.jpg 587 421 638 416 691 408 749 404 638 546 724 541 614 416 729 400
day05/0408.jpg 580 375 623 365 670 356 714 338 638 477 705 458 596 368 687 339
day03/0008.jpg 630 298 661 295 712 287 750 291 662 395 735 393 644 295 733 284
day02/0237.jpg 566 418 604 412 644 406 676 403 614 502 670 495 581 411 663 400
day01/0012.jpg 704 358 739 353 792 345 833 343 743 462 819 454 722 351 814 341
day05/0053.jpg 579 406 625 393 672 384 723 378 622 508 708 499 595 399 695 377
day02/0335.jpg 700 417 733 420 783 420 827 420 730 520 800 525 719 414 806 416
day05/0127.jpg 576 275 637 272 693 266 753 259 627 417 725 409 603 269 725 255
day03/0122.jpg 581 306 624 295 691 280 747 275 638 441 733 424 595 298 721 275
day05/0125.jpg 571 274 618 268 687 262 744 258 626 405 723 397 595 271 717 254
day02/0323.jpg 688 408 730 408 777 402 819 399 731 513 800 507 708 404 799 396
day02/0725.jpg 590 459 625 458 674 453 714 453 636 556 699 549 611 456 691 451
day05/0215.jpg 591 333 640 325 694 320 743 316 641 448 727 442 615 323 726 314
day05/0055.jpg 607 420 655 421 712 419 768 416 645 537 737 542 629 416 742 407
day05/0394.jpg 575 361 614 350 660 337 704 329 629 460 704 441 593 353 683 329
day05/0266.jpg 647 404 691 400 740 395 783 390 691 504 760 500 667 398 759 390
day05/0237.jpg 587 462 619 457 660 444 699 435 635 551 695 534 602 456 679 434
day03/0020.jpg 616 299 654 295 704 289 743 291 654 395 729 392 637 291 718 284
day05/0189.jpg 582 422 637 416 695 405 750 400 636 550 718 538 605 414 722 396
day05/0201.jpg 577 321 625 315 675 309 725 308 618 436 704 434 595 315 700 304
day02/0114.jpg 647 450 679 449 728 437 770 432 696 551 761 534 666 449 748 432
day02/0737.jpg 547 412 583 407 625 401 659 400 602 500 655 491 563 406 641 395
day02/0750.jpg 637 346 683 337 739 331 793 330 682 463 773 455 662 338 766 326
day05/0193.jpg 587 425 638 416 691 409 749 405 638 547 726 540 607 418 718 403
day05/0033.jpg 598 410 643 410 698 401 750 400 647 528 725 521 620 405 722 396
day02/0207.jpg 654 424 688 416 733 403 774 399 700 515 770 495 674 414 752 398
day06/0016.jpg 571 345 638 353 701 358 758 361 604 511 716 514 603 344 737 357
day05/0287.jpg 626 420 665 412 705 408 743 404 668 503 734 495 646 412 728 401
day04/0115.jpg 688 356 725 356 771 359 808 363 711 453 786 455 705 352 792 358
day02/0292.jpg 574 243 612 241 665 241 704 247 606 336 688 336 594 240 680 241
day01/0008.jpg 705 356 740 352 792 343 832 341 742 460 816 452 719 350 810 338
day05/0234.jpg 580 464 615 455 658 444 691 432 632 545 693 532 594 456 671 434
day02/0109.jpg 651 449 684 442 739 432 776 428 700 547 767 530 670 444 760 429
day07/0007.jpg 556 360 611 358 671 353 722 348 599 498 699 491 581 357 699 347
day05/0197.jpg 553 436 598 428 648 421 696 420 603 540 682 529 576 426 676 412
day04/0067.jpg 585 359 623 352 670 338 705 332 642 449 711 428 600 353 683 332
day04/0046.jpg 460 352 511 345 575 337 622 333 519 466 604 459 490 344 604 332
day02/0745.jpg 551 404 584 398 628 392 662 392 602 490 661 481 564 398 641 388
day05/0030.jpg 604 408 649 402 703 400 748 396 644 526 725 515 624 400 724 396
day02/0527.jpg 583 414 624 407 672 397 711 391 636 512 705 496 604 405 691 390
day03/0076.jpg 592 420 642 411 698 409 753 406 636 545 729 539 612 410 732 399
day07/0002.jpg 560 359 610 354 669 346 727 345 605 493 700 487 580 351 697 339
day02/0578.jpg 609 479 636 468 683 453 715 446 657 560 719 544 623 468 700 448
day05/0075.jpg 601 402 655 396 712 388 764 384 652 524 744 518 628 392 738 379
day03/0070.jpg 590 420 638 416 699 409 754 408 632 551 725 540 610 415 726 403
day03/0021.jpg 642 370 691 372 744 368 792 372 676 495 766 489 672 370 767 364
day02/0719.jpg 592 460 632 456 672 453 712 452 632 548 700 543 614 454 696 446
day05/0280.jpg 635 415 667 408 712 404 746 404 672 498 739 490 651 406 729 402
day02/0218.jpg 691 408 727 405 777 404 813 406 722 502 797 502 710 400 795 400
day05/0154.jpg 581 305 624 294 672 286 718 283 628 393 710 379 596 294 696 280
day02/0688.jpg 565 337 612 336 676 331 730 327 620 469 704 461 588 335 704 327
day05/0313.jpg 704 409 748 404 800 398 842 399 750 516 830 507 724 400 820 392
day03/0130.jpg 588 304 643 294 710 283 758 276 648 440 744 425 612 299 736 276
day02/0721.jpg 596 462 632 460 682 456 716 454 634 556 700 549 616 456 698 451
day03/0103.jpg 760 328 794 336 842 346 872 360 764 425 834 447 778 331 861 349
day02/0250.jpg 557 420 595 413 636 406 667 400 607 504 669 493 575 412 652 400
day02/0321.jpg 692 408 729 406 782 400 825 400 731 510 803 505 708 406 800 395
day02/0339.jpg 696 420 735 420 784 421 826 424 730 521 798 524 722 418 808 419
day02/0182.jpg 599 378 644 372 696 371 744 371 644 488 712 483 620 368 715 366
day03/0116.jpg 550 312 601 295 661 283 719 270 615 447 712 425 570 299 690 270
day05/0123.jpg 568 276 625 271 687 262 746 254 625 400 721 395 599 269 723 256
day02/0238.jpg 568 420 603 412 646 404 679 404 612 502 673 495 583 412 664 400
day05/0022.jpg 616 391 662 391 715 387 765 391 650 504 734 501 640 387 740 385
day05/0195.jpg 509 424 557 412 600 400 647 394 555 516 642 497 528 411 620 393
day02/0241.jpg 561 420 600 412 641 407 673 403 608 506 670 496 576 414 653 400
day05/0023.jpg 602 396 647 392 702 389 752 388 641 511 729 506 623 391 724 384
day05/0267.jpg 642 405 687 401 732 395 778 391 687 507 757 500 659 397 754 387
day05/0295.jpg 625 437 662 425 702 412 740 402 677 520 742 499 641 428 719 401
day05/0136.jpg 580 277 628 271 697 260 748 258 633 410 730 404 602 268 726 252
day03/0107.jpg 651 350 690 352 737 360 778 368 670 450 745 463 668 348 759 358
day05/0126.jpg 572 277 632 275 687 266 756 261 629 412 728 402 603 272 720 260
day02/0723.jpg 595 461 630 458 679 452 716 453 636 551 703 549 617 454 699 446
day03/0035.jpg 687 379 731 379 795 379 842 381 716 506 815 504 708 377 819 375
day02/0494.jpg 600 456 631 457 680 455 720 454 630 551 696 549 619 453 702 450
day02/0006.jpg 581 540 620 534 676 525 719 517 638 645 710 631 601 533 695 517
day02/0003.jpg 586 536 629 529 681 521 726 517 641 641 716 627 608 531 702 513
day05/0153.jpg 617 337 667 333 712 327 761 322 675 445 746 436 641 331 738 319
day02/0224.jpg 694 402 734 400 783 401 825 405 733 495 800 494 714 394 799 395
day05/0135.jpg 577 272 628 269 691 262 750 255 632 402 728 395 605 266 725 252
day02/0188.jpg 590 375 630 376 683 374 730 370 626 493 709 487 614 371 708 366
day05/0396.jpg 570 366 612 355 658 341 704 329 630 464 704 442 593 357 683 331
day05/0214.jpg 588 333 637 324 691 316 739 314 639 448 718 441 603 323 712 312
day02/0541.jpg 581 418 620 416 670 398 710 391 637 517 703 505 600 411 690 391
day04/0125.jpg 585 370 618 355 667 344 700 332 639 454 707 429 600 359 682 333
day07/0018.jpg 568 376 625 372 684 365 742 354 628 517 725 504 597 371 720 358
day02/0099.jpg 679 424 717 419 762 411 802 409 716 513 792 505 697 418 782 406
day04/0065.jpg 576 362 612 352 662 339 705 328 638 454 704 431 594 354 680 329
day05/0065.jpg 606 413 659 409 720 406 773 399 649 537 742 530 631 407 747 398
day03/0047.jpg 583 529 619 521 667 514 700 508 620 616 694 605 603 518 684 504
day03/0045.jpg 582 527 619 520 668 512 704 505 625 619 695 608 601 517 687 504
day02/0103.jpg 684 445 722 440 769 433 807 431 729 534 797 530 703 438 789 426
day05/0264.jpg 647 392 691 388 737 383 781 382 683 491 759 483 666 383 757 378
day02/0329.jpg 687 409 722 407 775 401 814 399 728 511 802 504 704 404 788 395
day02/0571.jpg 609 468 640 461 684 449 725 443 657 554 719 536 623 461 705 445
day03/0059.jpg 552 529 576 525 624 520 659 516 581 622 642 616 563 527 635 516
day02/0589.jpg 540 304 585 295 639 276 684 270 595 407 675 387 560 295 659 271
day05/0254.jpg 607 410 640 396 688 380 728 373 656 496 730 476 618 398 704 375
day03/0013.jpg 624 300 664 296 714 294 756 293 660 399 740 391 647 296 733 289
day04/0062.jpg 576 354 615 352 662 335 700 325 632 445 700 428 595 353 682 326
day04/0108.jpg 623 364 658 359 701 351 737 344 666 454 731 444 637 359 719 340
day01/0018.jpg 697 362 740 355 784 349 835 350 733 467 816 457 711 356 806 344
day05/0405.jpg 574 376 620 368 666 350 708 341 635 473 712 451 593 366 684 343
day03/0090.jpg 713 452 745 456 795 460 836 465 728 550 807 557 729 451 815 457
day01/0019.jpg 692 366 734 356 788 351 834 347 743 464 818 458 713 356 809 341
day02/0529.jpg 582 416 623 408 668 396 710 392 635 514 704 500 599 410 691 392
day02/0333.jpg 668 414 711 415 753 409 796 408 704 512 776 505 688 412 773 404
day02/0214.jpg 691 406 729 405 777 397 815 404 725 496 797 496 710 400 795 394
day05/0243.jpg 726 232 788 218 851 211 917 204 779 364 891 350 752 217 883 202
day02/0208.jpg 652 423 688 414 739 408 771 401 703 514 769 500 671 416 751 402
day05/0281.jpg 627 417 667 411 703 408 743 408 668 501 734 492 648 411 724 402
day03/0009.jpg 606 310 637 303 688 301 729 288 643 406 716 399 619 305 707 289
day02/0454.jpg 753 467 788 468 836 464 875 464 783 560 855 562 769 467 854 460
day05/0223.jpg 487 340 531 333 585 317 637 315 533 460 622 445 500 328 608 313
day02/0257.jpg 640 446 680 446 723 444 757 447 669 536 739 537 660 444 740 443
day07/0011.jpg 564 365 620 354 681 344 737 340 628 497 715 484 591 354 708 338
day03/0027.jpg 652 372 694 367 754 361 804 357 693 495 788 490 670 365 780 356
day02/0112.jpg 649 452 686 446 732 434 770 430 696 547 762 532 668 444 752 429
day02/0327.jpg 688 410 724 407 777 404 816 399 728 512 798 508 704 407 792 399
day03/0087.jpg 588 373 636 366 706 357 754 354 643 506 734 496 606 366 725 348
day05/0062.jpg 612 404 664 402 720 392 778 388 659 530 752 524 635 400 747 390
day02/0244.jpg 562 420 597 414 642 410 674 405 612 504 676 496 578 416 652 403
day02/0255.jpg 646 440 684 440 732 444 761 448 680 532 741 536 669 436 748 440
day05/0330.jpg 573 250 625 236 683 224 746 212 640 380 733 361 595 236 715 212
day03/0007.jpg 628 304 668 296 716 289 761 288 668 394 737 388 651 296 739 287
day05/0317.jpg 596 319 647 321 705 319 766 324 628 458 727 457 615 316 735 321
day05/0056.jpg 609 426 662 425 711 420 764 414 656 548 741 541 638 420 744 411
day05/0248.jpg 732 229 788 220 848 212 910 206 781 366 890 358 753 219 879 203
day03/0057.jpg 573 533 601 525 645 518 688 512 616 624 685 610 583 527 667 511
day02/0593.jpg 656 444 692 445 736 449 772 454 675 537 748 547 676 440 759 446
day03/0101.jpg 683 377 730 376 771 371 820 364 723 482 796 480 704 374 799 364
day05/0198.jpg 554 436 600 427 651 421 699 417 599 540 684 534 577 432 679 416
day05/0146.jpg 606 346 649 332 697 320 742 316 657 444 730 432 623 336 718 316
day03/0050.jpg 586 524 618 519 662 514 700 507 623 618 698 609 600 521 684 508
day05/0194.jpg 588 421 643 414 700 406 749 402 636 549 732 536 612 413 726 399
day02/0713.jpg 598 456 634 458 680 454 720 456 635 547 697 547 616 449 697 446
day03/0088.jpg 524 380 573 368 641 349 688 337 592 499 683 480 551 368 668 343
day05/0109.jpg 692 479 737 472 790 458 847 446 756 591 829 579 715 468 822 448
day05/0270.jpg 629 396 666 390 708 392 736 397 659 474 721 479 645 392 720 391
day05/0151.jpg 600 345 647 332 695 323 740 317 656 443 734 431 624 336 717 316
day05/0407.jpg 574 373 615 363 666 352 709 338 639 472 712 454 596 367 689 338
day05/0046.jpg 613 423 659 418 716 412 766 409 660 540 745 532 635 418 739 405
day05/0257.jpg 644 408 693 402 741 400 782 394 692 512 765 505 671 401 767 392
day05/0050.jpg 616 427 660 425 719 416 764 409 657 544 748 534 640 420 741 407
day04/0074.jpg 591 369 623 352 677 341 715 333 649 456 713 437 607 358 697 334
day02/0228.jpg 696 412 734 402 782 404 816 405 748 508 804 504 713 404 801 403
day04/0069.jpg 587 367 618 354 670 338 706 329 640 454 710 436 605 358 685 333
day03/0039.jpg 692 375 734 373 807 373 845 375 731 502 823 504 717 370 825 369
day05/0251.jpg 595 400 636 385 677 367 714 360 651 481 724 461 612 387 697 361
day02/0074.jpg 460 556 501 551 564 537 605 526 520 670 597 651 485 550 582 526
day01/0040.jpg 587 545 625 533 672 516 712 504 648 637 718 616 607 536 690 508
day05/0273.jpg 623 414 658 406 701 403 732 404 662 498 722 489 640 408 716 401
day02/0345.jpg 750 468 787 479 849 483 888 484 774 586 850 592 771 467 866 481
day03/0031.jpg 665 375 706 366 772 361 812 362 704 491 800 488 680 366 788 361
day05/0400.jpg 572 372 612 360 660 348 700 334 629 470 709 443 587 363 677 337
day05/0332.jpg 581 245 628 236 695 224 750 212 640 383 737 366 602 237 723 212
day05/0288.jpg 628 420 666 412 703 410 737 405 667 504 733 492 648 412 725 404
day02/0100.jpg 688 438 723 435 768 429 808 425 730 533 790 528 705 434 787 423
day05/0188.jpg 591 423 639 415 695 406 743 401 634 551 720 534 606 414 718 399
day05/0073.jpg 616 408 670 407 725 398 779 396 665 535 748 535 641 404 754 396
day02/0263.jpg 553 262 604 259 687 256 738 256 599 412 703 408 583 254 714 252
day02/0740.jpg 557 404 590 397 632 395 667 395 605 495 662 485 570 396 646 391
day05/0108.jpg 702 474 744 466 797 458 845 450 749 584 833 575 721 466 819 450
day05/0026.jpg 601 402 651 398 700 394 746 391 645 519 725 511 622 395 725 390
day02/0686.jpg 566 337 613 333 679 329 724 327 610 465 707 453 589 333 704 324
day03/0118.jpg 583 311 630 298 705 283 747 274 634 441 732 426 602 298 729 275
day05/0037.jpg 608 412 657 403 715 403 762 401 654 522 734 520 639 404 738 396
day02/0230.jpg 700 410 734 407 781 403 820 408 745 508 801 506 717 406 800 400
day02/0711.jpg 633 465 668 461 712 464 746 462 670 558 729 558 653 458 729 458
day05/0077.jpg 608 406 654 398 714 391 764 383 662 528 743 522 630 396 745 383
day02/0538.jpg 582 421 615 416 672 402 706 393 630 520 700 508 600 416 687 395
day05/0076.jpg 605 406 662 399 714 391 764 383 655 529 745 520 633 398 743 381
day05/0227.jpg 489 332 539 322 591 311 641 302 541 448 633 430 504 325 611 300
day02/0724.jpg 599 459 633 458 681 456 719 454 638 552 699 551 616 455 696 450
day02/0526.jpg 588 416 619 405 677 395 712 390 639 512 704 495 604 404 693 391
day05/0307.jpg 553 349 607 352 663 351 712 345 591 475 676 473 580 347 693 345
day03/0012.jpg 625 303 664 299 714 295 754 291 663 401 735 391 646 296 733 288
day05/0331.jpg 580 245 633 235 691 225 747 216 644 385 733 366 603 241 723 216
day05/0069.jpg 616 411 667 409 728 404 775 397 660 535 754 536 639 404 754 396
day02/0205.jpg 637 433 666 421 716 406 752 396 695 518 753 499 652 426 733 399
day05/0149.jpg 604 345 647 334 695 323 736 314 662 445 725 432 620 336 715 317
day02/0591.jpg 661 438 700 439 744 442 779 450 680 529 751 537 684 436 759 443
day02/0189.jpg 583 379 623 375 682 369 723 369 629 488 705 481 601 372 700 367
day02/0210.jpg 656 426 695 420 737 409 774 404 708 517 772 504 678 418 758 401
day05/0106.jpg 702 471 744 465 802 453 850 447 752 583 839 574 722 463 825 449
day02/0734.jpg 554 413 591 407 637 401 666 399 596 497 664 492 573 408 649 395
day01/0013.jpg 700 360 738 354 791 347 839 343 741 465 817 458 720 352 812 341
day05/0212.jpg 587 339 637 328 691 325 738 319 634 454 719 447 610 331 716 319
day02/0258.jpg 643 449 681 447 722 445 758 450 679 533 738 535 663 444 739 443
day02/0575.jpg 605 475 633 466 678 455 716 441 658 554 714 541 619 465 692 445
day02/0739.jpg 566 406 605 400 650 396 683 398 604 492 669 486 583 397 664 395
day02/0236.jpg 574 412 608 410 650 401 686 401 616 500 679 492 588 408 666 398
day05/0296.jpg 521 250 571 239 635 234 687 231 571 370 661 360 544 239 666 226
day02/0256.jpg 645 445 682 445 726 447 765 454 678 537 742 538 665 441 743 442
day05/0255.jpg 604 410 644 397 691 383 733 374 658 501 734 475 623 400 711 375
day02/0405.jpg 566 198 626 184 701 174 755 169 633 338 751 326 592 187 725 165
day05/0101.jpg 704 450 749 443 795 435 844 430 747 558 828 550 725 442 824 430
day02/0349.jpg 749 466 779 478 838 487 883 485 771 587 847 591 763 472 863 481
day05/0219.jpg 591 335 640 324 695 318 741 315 640 450 714 441 614 322 722 311
day05/0072.jpg 620 409 675 408 733 408 783 400 663 534 751 537 646 401 761 393
day05/0246.jpg 730 232 786 218 854 208 912 203 779 365 884 355 758 218 889 199
day03/0030.jpg 650 370 696 366 765 358 805 354 695 495 792 486 672 364 787 354
day03/0022.jpg 633 372 679 361 743 354 789 350 682 491 770 480 654 365 764 350
day02/0531.jpg 584 416 617 408 675 396 717 392 636 515 708 501 604 408 693 387
day05/0335.jpg 580 240 629 229 698 220 750 208 638 370 730 358 600 231 723 210
day05/0290.jpg 629 420 664 405 707 395 739 387 681 495 744 478 650 412 726 387
day03/0069.jpg 588 420 628 415 696 411 750 409 629 556 725 544 604 415 718 403
day05/0156.jpg 667 300 712 301 766 309 806 316 691 405 772 421 689 296 790 311
day05/0068.jpg 614 410 667 412 726 405 783 398 661 541 747 534 644 404 755 398
day02/0227.jpg 695 409 735 402 782 403 820 407 733 512 799 509 717 403 804 402
day02/0179.jpg 614 365 654 367 702 366 750 368 644 471 720 476 637 363 729 368
day05/0074.jpg 592 406 646 397 702 386 758 376 652 525 735 516 620 395 732 379
day03/0089.jpg 524 378 570 366 633 351 685 350 573 504 675 486 544 367 659 345
day05/0314.jpg 687 428 737 416 784 406 829 398 748 532 827 514 714 420 811 399
day05/0240.jpg 587 464 625 454 658 447 699 437 637 546 694 534 600 460 678 437
day02/0184.jpg 598 379 635 375 691 369 735 372 634 491 720 481 618 372 712 369
day05/0111.jpg 691 482 737 473 794 460 838 451 748 591 831 581 712 473 813 454
day04/0117.jpg 675 355 713 357 763 356 799 359 702 454 773 454 693 353 775 356
day05/0291.jpg 630 429 669 421 708 407 744 397 680 511 748 491 645 420 725 400
day05/0292.jpg 631 433 660 422 705 407 744 399 682 512 743 493 646 423 724 400
day05/0040.jpg 609 384 656 375 712 367 759 366 654 498 740 489 629 374 734 367
day05/0066.jpg 613 412 662 410 725 408 778 400 660 542 754 533 635 409 749 400
day05/0152.jpg 600 346 645 334 693 325 737 313 655 445 725 435 620 337 720 316
day05/0121.jpg 581 217 631 212 691 205 740 199 623 319 732 313 604 211 716 199
day05/0226.jpg 491 337 535 329 589 320 641 314 545 457 629 448 512 331 620 315
day04/0120.jpg 673 358 708 359 754 357 789 358 698 455 769 456 690 354 775 354
day04/0122.jpg 583 362 621 350 662 338 697 328 636 445 704 422 602 352 679 328
day01/0004.jpg 623 360 670 355 731 345 775 343 668 481 750 474 647 353 753 341
day05/0105.jpg 702 468 748 466 797 454 848 446 755 580 835 571 719 461 821 445
day05/0225.jpg 490 340 537 330 588 320 641 312 534 458 622 445 509 332 615 316
day03/0024.jpg 641 375 691 366 754 357 799 353 680 496 782 483 668 369 777 354
day07/0003.jpg 557 359 608 354 668 350 726 347 596 495 696 487 578 354 692 342
day02/0245.jpg 558 424 593 412 635 408 671 404 608 505 668 497 575 413 650 404
day04/0042.jpg 458 345 510 339 573 332 620 331 512 462 608 454 489 337 591 327
day05/0279.jpg 630 414 667 408 704 405 737 404 670 500 728 493 645 411 724 403
day04/0072.jpg 586 367 616 355 673 345 708 333 643 454 711 435 604 359 689 333
day04/0068.jpg 585 366 617 354 666 340 704 333 640 447 708 430 600 355 683 333
day03/0124.jpg 568 310 620 297 683 286 733 275 630 442 728 425 587 304 708 278
day02/0733.jpg 532 412 569 408 612 402 642 395 579 500 637 493 549 407 625 394
day05/0222.jpg 495 337 545 326 593 319 644 312 545 453 630 444 520 328 623 310
day05/0300.jpg 563 345 613 345 666 345 713 345 591 470 679 470 583 340 691 339
day05/0213.jpg 591 334 637 325 692 319 741 315 640 451 718 443 611 329 716 314
day05/0321.jpg 615 333 670 337 729 342 790 345 644 483 755 487 642 330 769 339
day03/0003.jpg 629 300 668 297 716 293 753 291 663 399 733 400 652 298 737 288
day02/0530.jpg 587 416 621 409 674 400 712 393 633 519 704 501 604 408 691 392
day02/0585.jpg 605 473 632 466 683 453 716 441 654 558 711 541 617 467 696 445
day02/0186.jpg 587 380 630 374 687 367 727 369 637 487 710 485 612 371 709 366
day02/0219.jpg 695 408 728 404 778 404 820 404 734 508 796 506 708 401 793 400
day02/0110.jpg 654 449 686 443 737 437 775 433 700 546 761 533 670 443 754 431
day02/0116.jpg 649 440 682 431 731 418 767 415 698 525 762 517 669 431 750 416
day05/0323.jpg 612 340 670 343 730 345 795 346 647 486 753 487 644 336 774 344
day05/0118.jpg 693 473 734 464 787 451 830 441 744 583 819 574 714 465 809 443
day02/0728.jpg 592 465 629 458 679 454 714 454 637 551 699 549 612 458 691 452
day05/0228.jpg 600 432 634 425 675 419 711 416 637 512 704 504 616 425 693 412
day02/0222.jpg 713 395 748 398 797 399 831 400 737 487 805 496 732 392 813 400
day05/0134.jpg 577 280 634 275 695 266 746 258 633 416 725 403 595 276 718 260
day02/0402.jpg 567 199 625 183 697 173 758 169 637 337 748 323 591 186 733 169
day02/0576.jpg 605 475 633 466 677 451 718 443 652 558 716 545 620 466 698 443
day05/0218.jpg 588 334 638 325 692 318 744 317 638 445 727 442 614 325 716 313
day05/0338.jpg 528 230 569 212 629 191 683 178 591 341 682 308 547 217 655 180
day03/0010.jpg 628 306 661 298 712 291 752 290 658 398 736 396 646 298 735 291
day02/0556.jpg 667 424 704 413 755 404 804 396 720 519 799 500 684 416 773 395
day05/0041.jpg 614 425 662 427 720 419 760 412 663 548 748 541 635 427 740 414
day04/0058.jpg 588 473 620 469 663 462 697 462 625 557 687 549 602 467 680 458
day05/0328.jpg 614 344 677 345 735 347 798 350 646 489 748 495 641 340 770 346
day05/0322.jpg 611 337 673 340 732 340 794 345 649 483 736 488 642 334 773 338
day02/0496.jpg 594 464 630 462 683 455 720 455 633 555 699 553 617 460 704 454
day02/0336.jpg 695 420 732 418 787 420 827 424 725 520 800 522 717 416 805 417
day02/0348.jpg 750 462 783 481 843 482 883 483 771 581 849 590 768 468 859 479
day02/0217.jpg 695 406 729 407 779 405 816 408 727 503 800 502 718 404 797 402
day05/0130.jpg 579 283 634 275 695 267 748 258 627 415 725 406 604 275 723 258
day05/0141.jpg 620 365 660 362 709 354 745 357 657 455 736 453 641 362 731 354
day05/0319.jpg 613 332 669 339 731 341 791 344 642 484 748 483 635 331 760 341
day02/0587.jpg 414 302 450 287 500 269 537 261 466 390 542 361 430 291 518 262
day05/0242.jpg 732 227 787 216 849 206 909 204 782 364 891 354 758 220 887 201
day05/0277.jpg 624 416 662 409 702 404 737 404 668 497 727 491 641 410 716 400
day03/0002.jpg 629 302 662 297 714 291 754 291 666 400 737 396 645 297 737 287
day04/0112.jpg 686 354 723 356 768 354 804 358 706 451 779 453 708 350 788 354
day02/0605.jpg 599 448 634 440 677 429 710 425 646 525 709 513 615 440 692 422
day05/0348.jpg 617 228 676 225 740 222 800 217 659 374 764 372 641 226 767 217
day04/0071.jpg 583 367 625 354 669 343 708 331 650 449 712 435 603 358 687 335
day05/0143.jpg 603 338 649 328 700 318 738 311 656 442 731 427 623 329 721 312
day05/0269.jpg 720 286 762 283 813 285 850 294 742 370 814 383 739 279 828 287
day02/0409.jpg 487 308 537 300 613 290 667 282 541 453 650 430 516 302 647 284
day03/0091.jpg 719 462 756 467 804 478 840 482 727 558 800 573 740 462 822 477
day04/0041.jpg 471 344 516 341 575 333 620 329 521 454 604 454 494 338 606 327
day05/0064.jpg 612 407 657 401 722 396 769 389 660 535 749 526 633 402 740 389
day02/0748.jpg 606 408 641 416 686 420 716 429 629 502 688 512 625 406 700 420
day02/0579.jpg 607 475 635 467 679 454 714 443 649 557 715 541 624 470 697 445
day02/0264.jpg 549 262 614 264 683 255 737 258 594 414 706 414 578 258 713 256
day05/0341.jpg 619 230 683 230 743 225 798 217 662 382 759 378 638 223 772 220
day01/0016.jpg 700 362 739 353 790 347 832 347 740 459 819 456 716 355 810 340
day03/0015.jpg 620 303 655 300 711 288 748 294 658 394 730 395 640 298 733 287
day01/0014.jpg 697 361 741 356 789 347 837 345 743 461 812 458 716 352 812 343
day04/0066.jpg 583 365 616 353 668 338 705 330 643 453 708 433 601 358 683 333
day05/0049.jpg 613 426 659 423 718 415 766 409 662 544 753 534 636 420 740 406
day05/0148.jpg 608 343 652 333 699 322 741 317 660 442 738 426 625 337 717 319
day02/0742.jpg 549 406 581 400 629 392 662 391 599 491 658 484 563 400 641 388
day02/0503.jpg 595 464 628 461 672 459 716 458 635 562 698 555 612 457 695 454
day02/0720.jpg 596 463 629 458 678 454 713 452 634 550 701 549 612 456 696 452
day04/0109.jpg 616 348 650 342 698 335 728 328 660 434 720 424 631 344 712 329
day02/0342.jpg 702 420 737 423 790 428 832 427 729 521 798 528 721 417 808 422
day03/0068.jpg 579 425 627 417 697 409 743 406 623 554 721 537 604 415 725 404
day02/0592.jpg 660 439 693 448 741 447 774 454 682 537 741 544 677 441 758 445
day03/0032.jpg 659 378 710 366 767 362 816 365 700 495 795 491 678 369 788 358
day05/0035.jpg 600 416 644 405 699 403 745 401 645 529 730 524 620 408 722 398
day05/0252.jpg 601 407 633 393 677 381 712 370 652 491 716 473 611 399 696 372
day02/0225.jpg 686 408 727 400 779 400 812 402 728 502 790 504 708 400 795 396
day03/0073.jpg 585 420 630 413 692 408 747 405 623 552 731 547 601 416 716 401
day03/0113.jpg 527 322 576 300 632 288 693 274 579 445 687 423 542 311 655 276
day05/0304.jpg 556 344 605 350 666 350 716 348 591 473 685 473 576 341 687 340
day04/0044.jpg 468 348 512 345 578 334 620 333 521 466 601 456 495 341 603 332
day02/0108.jpg 647 449 676 443 726 433 766 423 694 540 759 525 661 441 745 425
day05/0294.jpg 627 434 665 425 701 409 743 400 677 519 747 499 642 426 722 404
day02/0722.jpg 591 460 633 460 679 454 712 454 637 554 701 551 613 454 695 452
day02/0101.jpg 687 441 717 438 769 429 806 429 730 533 790 532 704 435 791 427
day05/0241.jpg 726 231 779 213 851 202 903 201 770 362 888 342 746 214 877 196
day02/0242.jpg 562 423 599 415 641 410 675 408 610 505 673 500 579 415 655 404
day05/0060.jpg 609 431 654 426 711 418 762 410 661 550 745 541 626 422 736 408
day02/0338.jpg 699 419 736 420 785 420 827 423 727 522 793 522 720 417 804 420
day02/0504.jpg 592 466 629 464 672 458 712 459 629 562 696 554 608 462 691 454
day05/0129.jpg 578 282 633 274 696 266 757 260 628 418 728 405 605 270 729 258
day02/0267.jpg 538 246 592 249 674 238 728 241 585 391 690 391 562 239 700 233
day05/0271.jpg 623 412 661 406 697 400 729 401 656 493 719 487 641 406 718 400
day05/0401.jpg 572 378 616 364 660 349 704 337 632 472 708 450 587 365 681 339
day05/0308.jpg 554 348 611 352 662 350 718 348 597 477 688 475 581 345 692 343
day06/0019.jpg 567 345 636 354 702 361 760 361 602 512 710 517 603 345 738 358
day05/0116.jpg 693 459 729 457 782 445 825 437 738 574 816 563 708 456 807 438
day03/0018.jpg 617 302 656 299 713 291 751 292 655 396 725 395 638 295 729 287
day02/0732.jpg 523 403 558 391 605 383 635 379 575 482 631 470 543 394 618 383
day02/0489.jpg 571 458 605 450 646 437 680 426 624 538 679 523 589 450 666 428
day02/0200.jpg 655 412 689 403 735 391 767 383 706 495 771 480 670 404 753 384
day04/0055.jpg 582 475 613 468 662 462 694 460 622 556 687 548 597 469 675 458
day03/0119.jpg 553 306 603 298 661 283 716 271 612 438 712 414 567 301 693 275
day05/0133.jpg 575 282 630 274 691 269 750 265 629 415 732 410 600 273 721 262
day02/0570.jpg 620 448 656 443 703 436 740 435 657 533 729 527 638 441 720 433
day05/0268.jpg 644 405 684 400 736 392 778 389 685 506 759 500 662 398 759 389
day05/0119.jpg 691 477 729 469 785 456 829 446 741 589 825 572 705 468 804 449
day04/0051.jpg 588 472 622 466 663 461 701 460 633 553 690 546 604 468 679 458
day05/0200.jpg 560 434 602 427 650 424 699 420 603 542 682 533 578 430 675 419
day02/0005.jpg 587 537 625 532 682 522 719 517 639 648 713 633 608 531 700 517
day03/0077.jpg 587 416 640 409 706 405 749 401 633 546 728 540 616 408 729 399
day05/0391.jpg 601 358 646 349 686 343 729 338 653 448 726 437 625 349 712 336
day05/0339.jpg 634 229 688 229 762 232 820 226 675 381 777 375 659 225 792 223
day03/0006.jpg 635 301 674 295 723 291 760 291 668 394 738 392 654 294 741 284
day02/0730.jpg 583 380 612 375 659 374 688 375 622 467 678 457 596 374 671 370
day01/0005.jpg 712 354 750 347 801 341 842 342 755 458 829 454 733 350 824 337
day05/0058.jpg 612 426 656 423 713 416 759 410 657 543 741 542 637 422 741 412
day05/0159.jpg 675 304 714 307 766 311 807 319 695 404 773 419 692 303 788 312
day05/0139.jpg 583 283 639 279 696 267 754 263 633 418 731 408 607 275 731 261
day02/0234.jpg 573 419 608 414 653 409 683 408 611 507 675 506 587 414 667 405
day05/0329.jpg 571 247 630 237 680 220 741 209 633 373 726 359 587 239 711 213
day02/0198.jpg 604 424 633 415 682 396 716 390 655 508 717 489 619 416 699 392
day01/0003.jpg 615 368 666 368 730 358 773 356 666 489 755 483 642 366 752 353
day01/0001.jpg 582 399 627 400 687 386 733 382 627 525 718 516 599 396 706 379
day05/0024.jpg 604 400 652 395 701 389 749 392 649 515 731 506 628 395 725 387
day05/0276.jpg 625 416 662 411 704 404 737 404 666 495 725 489 644 409 720 400
day03/0036.jpg 678 378 725 375 790 372 838 375 714 505 805 505 700 370 814 366
day05/0205.jpg 582 332 631 326 687 319 737 316 631 455 713 443 606 324 714 313
day01/0006.jpg 704 356 741 350 793 342 837 338 743 457 824 451 724 346 816 333
day05/0301.jpg 555 338 608 345 661 343 712 342 588 469 666 471 579 341 691 341
day02/0216.jpg 689 402 726 397 777 396 813 399 729 489 790 497 708 397 795 395
day05/0063.jpg 608 400 668 400 725 392 775 388 654 530 748 522 637 401 749 388
day03/0080.jpg 587 414 635 405 695 399 741 395 631 533 724 526 607 409 713 394
day03/0056.jpg 568 530 595 527 641 514 678 504 602 619 676 607 579 527 663 505
day02/0226.jpg 695 412 731 405 779 401 817 408 729 505 800 507 713 404 797 403
day01/0009.jpg 700 360 741 349 795 348 837 343 739 462 816 453 720 350 817 338
day05/0256.jpg 650 406 693 402 737 399 783 397 687 508 764 504 665 400 757 394
day05/0061.jpg 604 406 662 399 722 392 770 385 658 535 745 525 633 397 746 383
day05/0158.jpg 671 302 709 302 762 308 803 317 687 407 769 417 688 301 784 310
day02/0187.jpg 597 379 635 375 688 370 733 370 638 488 712 484 618 375 713 370
day02/0572.jpg 602 472 633 461 679 450 714 440 651 550 715 535 617 465 697 444
day05/0316.jpg 560 334 600 328 649 321 691 321 597 430 675 427 576 330 675 319
day05/0160.jpg 673 303 714 304 765 310 805 320 693 408 772 416 694 303 789 313
day07/0013.jpg 547 367 597 361 658 352 714 343 603 502 697 488 571 362 690 344
day05/0209.jpg 581 340 632 328 685 325 739 320 635 451 716 449 604 331 712 317
day03/0046.jpg 585 523 619 520 664 508 700 500 622 612 695 605 601 518 684 503
day03/0129.jpg 575 307 625 292 691 279 745 273 630 441 734 425 600 296 720 270
day02/0317.jpg 696 400 735 401 787 396 825 393 736 504 805 497 718 400 808 391
day02/0536.jpg 586 419 623 411 678 403 716 395 637 520 706 509 601 414 692 395
day05/0128.jpg 572 276 624 274 693 265 748 258 625 409 725 405 601 272 721 256
day02/0192.jpg 586 380 625 377 682 373 727 373 632 487 701 482 607 375 703 366
