day05/0420.jpg 600 225 652 227 718 230 768 227 640 355 720 356 624 220 743 223
day03/0081.jpg 656 287 697 284 755 282 798 279 698 388 767 384 678 282 776 276
day05/0429.jpg 560 230 609 231 678 227 728 224 601 355 689 355 581 226 698 219
day10/0030.jpg 487 236 541 244 620 257 675 264 515 388 608 392 517 237 648 254
day03/0046.jpg 665 512 712 508 778 508 819 510 704 621 788 620 689 507 796 504
day10/0082.jpg 487 244 548 245 623 252 684 264 512 387 620 396 513 241 650 255
day08/0084.jpg 644 236 709 248 790 260 847 264 689 399 787 406 683 236 820 251
day02/0041.jpg 641 243 688 244 762 252 811 253 671 367 757 373 666 238 785 245
day05/0395.jpg 547 241 610 251 699 257 768 255 597 420 708 427 569 244 731 250
day04/0020.jpg 698 509 740 513 796 532 831 544 709 606 788 626 723 507 815 532
day05/0037.jpg 690 268 760 282 847 302 905 311 709 446 825 466 729 273 885 302
day10/0159.jpg 608 267 660 272 728 270 775 260 652 396 729 393 638 267 751 261
day06/0027.jpg 679 260 749 268 840 273 899 273 724 440 844 446 716 259 872 264
day03/0073.jpg 692 278 736 276 794 275 832 278 731 379 806 378 713 275 811 273
day09/0033.jpg 684 171 728 171 786 177 826 172 717 280 787 286 708 168 811 171
day02/0049.jpg 648 255 697 258 767 264 815 263 681 388 766 388 677 252 792 258
day01/0124.jpg 582 345 647 345 733 350 796 352 635 510 748 513 615 337 762 344
day02/0030.jpg 662 264 716 271 784 285 835 291 688 393 776 409 694 260 812 280
day10/0049.jpg 416 231 472 236 550 245 612 254 449 376 551 385 446 227 580 241
day11/0126.jpg 640 353 688 357 757 362 799 364 667 476 760 479 668 352 778 360
day10/0088.jpg 556 245 611 250 689 265 737 276 569 378 677 394 585 244 712 268
day02/0026.jpg 616 266 665 268 732 270 785 270 641 392 748 391 636 260 760 264
day09/0025.jpg 694 180 740 181 800 186 840 185 726 290 799 293 718 178 819 181
day05/0005.jpg 640 232 694 234 768 238 814 238 676 364 764 367 669 230 791 232
day10/0025.jpg 452 243 509 246 587 252 644 255 490 384 582 394 483 240 612 248
day05/0008.jpg 655 222 705 224 776 231 823 232 688 352 772 358 684 218 800 227
day05/0010.jpg 663 220 718 226 785 236 835 236 704 354 786 360 695 217 810 232
day03/0045.jpg 694 507 744 508 808 512 846 512 725 623 816 624 722 501 827 504
day05/0397.jpg 556 223 622 228 712 233 774 235 594 393 722 400 593 220 744 229
day05/0417.jpg 619 220 672 223 738 230 784 228 648 350 737 353 648 218 764 224
day05/0335.jpg 628 244 698 248 788 262 856 264 665 420 776 437 663 238 828 257
day08/0070.jpg 613 204 668 210 746 224 801 225 630 350 740 366 644 200 771 217
day05/0305.jpg 655 236 727 245 827 256 893 256 692 429 820 442 700 236 866 256
day11/0139.jpg 598 360 644 359 710 360 758 358 633 480 721 480 620 357 735 356
day09/0036.jpg 645 166 683 164 740 160 787 159 683 269 750 270 664 160 762 154
day03/0076.jpg 704 282 744 283 801 287 843 284 740 389 813 389 722 278 819 281
day02/0023.jpg 606 264 657 265 728 266 780 268 642 391 735 396 631 261 752 261
day10/0048.jpg 412 236 466 236 545 244 607 252 441 380 546 384 439 230 576 242
day10/0099.jpg 568 257 620 260 699 274 753 281 587 390 694 405 600 253 728 273
day10/0154.jpg 561 261 605 265 676 268 723 265 600 387 683 391 585 260 696 261
day05/0020.jpg 680 199 736 204 804 212 850 219 711 328 802 336 711 193 828 209
day03/0088.jpg 683 282 724 286 782 293 820 296 713 391 776 396 704 281 800 290
day08/0072.jpg 590 218 643 222 727 232 780 237 623 366 721 377 620 217 753 229
day10/0051.jpg 461 228 522 236 596 250 648 258 485 377 587 391 492 228 624 248
day10/0120.jpg 732 172 778 174 848 164 897 156 783 299 853 294 758 168 874 156
day10/0029.jpg 532 219 593 230 665 252 715 263 556 367 655 387 567 219 694 252
day02/0065.jpg 679 276 728 276 797 278 842 279 712 397 810 402 708 270 820 271
day08/0071.jpg 633 203 691 212 763 230 816 240 655 352 756 367 668 204 792 231
day10/0050.jpg 480 225 536 237 610 252 668 263 498 377 602 389 515 226 641 253
day10/0089.jpg 558 248 611 257 687 274 736 289 564 382 682 404 586 252 713 278
day10/0037.jpg 451 256 502 260 580 260 638 268 482 395 588 403 475 252 604 263
day08/0016.jpg 700 226 761 230 839 236 890 237 738 376 848 376 736 224 868 231
day05/0044.jpg 605 312 664 318 770 324 828 328 644 480 768 488 646 316 800 320
day08/0109.jpg 648 243 710 237 805 243 874 240 703 406 823 408 683 236 840 238
day05/0331.jpg 609 230 682 238 776 245 849 246 656 416 784 426 649 228 809 239
day05/0039.jpg 540 308 592 296 678 279 755 270 600 461 727 440 567 300 714 272
day01/0129.jpg 612 336 674 339 767 347 821 352 655 500 775 510 648 333 796 348
day05/0285.jpg 583 266 648 268 744 274 811 271 634 443 769 448 612 267 775 267
day08/0062.jpg 637 188 698 197 772 208 823 219 669 340 767 354 668 186 803 209
day11/0130.jpg 599 364 647 364 716 365 763 362 630 481 733 483 625 359 735 360
day10/0153.jpg 583 258 630 260 700 260 747 258 624 385 714 386 608 253 722 254
day03/0083.jpg 661 282 703 279 765 278 808 278 696 387 778 387 680 275 781 273
day08/0077.jpg 574 218 626 220 705 227 764 230 608 368 714 370 597 213 730 220
day03/0016.jpg 659 360 714 364 791 368 840 370 701 501 808 502 692 356 819 364
day05/0284.jpg 648 246 719 256 813 267 873 267 695 428 813 444 692 243 852 264
day03/0038.jpg 632 535 672 537 735 536 779 535 667 656 746 655 655 532 755 532
day09/0050.jpg 745 180 789 187 855 193 898 193 773 302 858 304 775 180 878 185
day11/0133.jpg 603 360 650 364 721 364 764 361 632 484 732 480 629 357 740 355
day02/0007.jpg 601 419 669 415 764 411 831 406 663 593 780 581 632 413 792 402
day05/0298.jpg 544 260 601 261 701 248 777 238 620 443 736 437 570 260 735 238
day05/0432.jpg 612 227 665 231 736 236 783 231 648 364 736 363 642 224 760 228
day09/0008.jpg 676 192 719 192 788 197 832 197 715 309 792 313 704 191 808 191
day02/0072.jpg 665 276 708 274 777 277 817 273 705 396 780 396 686 272 799 271
day10/0062.jpg 454 224 505 231 572 240 623 248 472 354 575 371 477 220 602 236
day05/0408.jpg 540 184 597 194 687 197 740 189 593 349 687 347 572 191 712 187
day02/0075.jpg 666 287 716 290 783 287 832 287 708 412 796 410 692 282 807 281
day02/0021.jpg 578 255 627 253 698 252 752 251 619 382 719 375 601 248 720 247
day10/0079.jpg 432 216 471 220 544 228 588 235 451 330 541 341 452 212 561 227
day06/0019.jpg 494 260 549 264 641 272 701 275 537 426 646 432 520 260 665 264
day05/0018.jpg 597 240 644 240 716 233 771 229 636 364 734 364 618 233 739 227
day06/0032.jpg 659 276 720 288 819 296 888 304 691 460 817 476 689 279 852 296
day04/0009.jpg 631 515 673 508 731 505 771 507 666 611 746 608 651 508 753 504
day02/0008.jpg 681 392 759 396 850 407 912 414 717 576 856 576 727 391 880 403
day03/0044.jpg 678 512 719 515 783 520 828 516 700 632 797 631 699 509 807 513
day04/0048.jpg 664 404 738 421 832 451 879 472 692 586 816 623 713 406 860 449
day02/0010.jpg 664 405 727 410 826 413 892 416 702 587 824 592 696 404 858 411
day05/0001.jpg 634 235 692 237 764 240 824 242 672 366 776 369 672 231 794 234
day02/0028.jpg 622 265 671 268 748 277 799 279 648 400 745 400 645 261 768 271
day08/0081.jpg 588 247 643 245 728 244 788 247 636 396 754 393 613 244 756 240
day06/0026.jpg 692 259 764 262 855 273 920 276 742 439 862 448 734 254 887 264
day08/0066.jpg 565 214 623 215 698 219 755 223 599 361 704 366 586 212 720 214
day10/0032.jpg 491 220 548 227 624 241 678 250 516 365 616 374 522 219 653 237
day07/0018.jpg 621 240 694 246 793 263 850 273 664 419 784 435 667 236 828 260
day09/0004.jpg 674 163 717 163 786 170 829 176 704 272 792 276 699 160 805 170
day07/0020.jpg 569 256 633 257 728 267 792 268 616 428 740 434 604 252 764 261
day05/0062.jpg 668 250 728 258 804 265 851 268 702 395 799 404 700 251 828 257
day11/0043.jpg 655 200 720 219 808 235 868 244 685 379 794 397 695 207 841 232
day09/0035.jpg 667 167 716 173 774 174 816 172 709 276 781 280 695 166 796 167
day10/0148.jpg 634 287 687 286 748 280 794 275 670 404 752 404 661 281 778 274
day06/0037.jpg 640 280 704 291 805 296 880 295 680 467 800 472 671 280 835 288
day05/0288.jpg 600 247 662 252 756 261 826 259 640 433 763 438 628 248 795 255
day08/0118.jpg 719 213 791 221 884 241 939 241 765 388 876 404 765 212 912 237
day10/0036.jpg 528 232 585 242 660 260 715 270 555 380 648 397 560 234 689 259
day10/0145.jpg 618 270 668 280 740 280 793 271 660 402 740 403 648 266 760 267
day08/0019.jpg 687 204 748 204 825 210 877 215 727 344 832 353 720 196 854 204
day06/0025.jpg 620 274 679 268 772 268 841 261 672 448 772 447 650 268 803 256
day05/0089.jpg 618 192 665 197 736 194 787 188 663 320 748 316 642 189 760 187
day07/0008.jpg 610 243 677 248 773 264 836 269 642 417 768 427 640 240 804 257
day06/0007.jpg 524 272 580 269 656 264 718 265 571 419 673 415 553 260 686 258
day10/0158.jpg 612 276 661 282 726 280 778 271 651 402 739 398 636 275 749 269
day03/0049.jpg 643 517 687 517 748 513 792 510 685 629 773 623 664 512 768 506
day02/0074.jpg 694 279 739 284 806 288 851 290 727 403 808 406 720 276 830 281
day07/0009.jpg 605 238 668 247 763 257 830 258 648 414 761 424 637 236 795 252
day04/0008.jpg 620 528 656 517 716 512 760 516 654 620 733 614 636 523 735 510
day03/0047.jpg 684 515 732 520 795 520 841 516 724 636 812 633 712 513 825 518
day05/0294.jpg 579 227 640 232 734 233 804 236 626 404 740 409 609 225 770 225
day03/0115.jpg 612 476 660 472 730 472 784 473 653 601 741 605 639 465 756 468
day02/0053.jpg 622 258 671 262 744 265 795 268 660 384 744 392 648 257 766 260
day10/0083.jpg 490 243 547 241 620 244 676 254 524 376 621 384 517 237 651 245
day05/0336.jpg 611 247 684 248 778 256 839 261 661 421 776 440 647 242 812 254
day11/0142.jpg 643 342 688 348 755 353 801 357 676 467 766 474 673 340 775 348
day08/0096.jpg 588 238 647 237 726 241 792 240 634 382 735 385 621 228 760 234
day09/0042.jpg 720 194 766 204 835 212 877 212 747 320 835 312 748 198 857 204
day02/0006.jpg 604 419 660 417 756 408 830 403 660 593 775 580 628 412 782 398
day05/0065.jpg 606 252 660 258 727 260 792 255 652 396 743 396 628 252 760 250
day05/0413.jpg 588 183 648 193 726 203 781 208 619 341 721 355 618 184 754 201
day08/0061.jpg 622 207 675 205 752 216 801 222 660 345 752 353 654 206 775 216
day08/0106.jpg 704 237 768 243 854 253 921 256 741 414 859 424 739 236 893 250
day04/0027.jpg 652 547 695 547 752 549 787 553 680 651 754 654 672 543 775 546
day11/0131.jpg 622 364 672 362 737 364 784 368 661 483 752 484 648 359 762 365
day02/0046.jpg 632 252 680 255 753 255 799 256 663 376 752 383 660 248 776 252
day10/0073.jpg 469 216 520 225 579 236 628 249 488 336 579 352 496 213 609 237
day09/0018.jpg 677 191 728 196 796 202 845 204 702 315 802 312 703 191 816 197
day10/0040.jpg 484 235 540 239 616 247 673 252 528 379 624 385 513 234 646 244
day10/0034.jpg 510 230 564 243 640 255 693 264 540 376 644 395 538 230 665 252
day02/0060.jpg 645 264 699 267 762 272 815 276 680 394 758 397 675 261 787 267
day09/0024.jpg 698 164 744 164 800 173 841 176 735 274 808 279 725 160 824 168
day09/0053.jpg 729 186 768 192 836 192 875 191 756 303 837 307 744 186 852 187
day01/0123.jpg 558 357 616 357 705 360 772 356 611 520 720 520 592 347 740 348
day08/0095.jpg 638 243 703 250 782 258 832 267 682 398 773 412 676 239 814 260
day01/0153.jpg 638 318 698 339 784 365 860 380 636 497 748 528 665 326 817 368
day09/0027.jpg 691 176 736 180 796 183 837 180 725 287 794 288 714 174 816 177
day05/0003.jpg 628 240 678 239 753 244 803 244 666 373 756 373 653 237 772 237
day02/0066.jpg 672 288 722 288 793 292 844 295 710 413 803 414 700 287 815 290
day03/0080.jpg 680 280 721 284 776 288 816 285 709 388 781 390 701 280 798 281
day05/0279.jpg 606 248 676 256 772 261 840 263 655 428 778 436 645 244 808 257
day06/0023.jpg 618 282 682 278 778 276 843 272 678 465 807 453 654 276 810 268
day06/0008.jpg 562 254 620 258 701 267 760 275 604 409 706 420 596 252 732 264
day02/0015.jpg 600 416 665 415 759 407 838 408 661 598 785 592 627 412 790 403
day07/0016.jpg 550 240 604 239 700 238 769 244 592 408 708 408 579 237 727 232
day03/0106.jpg 652 468 711 472 773 480 822 480 689 601 780 613 678 466 800 475
day10/0068.jpg 476 216 528 224 595 244 630 255 494 344 582 356 507 216 616 244
day02/0071.jpg 677 283 721 283 793 284 840 287 709 405 800 408 698 280 812 277
day10/0047.jpg 488 216 551 227 627 247 676 266 512 362 608 389 524 218 650 252
day06/0016.jpg 540 255 601 258 688 264 748 269 580 416 694 421 576 249 719 260
day07/0004.jpg 647 244 714 256 806 271 864 285 688 419 804 437 684 247 835 269
day02/0037.jpg 611 258 660 257 729 260 779 264 635 389 744 391 636 249 756 256
day09/0044.jpg 702 195 747 196 806 201 859 197 737 316 813 312 724 190 833 193
day09/0040.jpg 657 177 703 177 760 180 803 175 690 287 764 284 680 175 780 173
day10/0095.jpg 562 248 621 259 696 274 746 288 586 382 698 403 591 248 724 279
day08/0091.jpg 575 230 632 228 716 232 778 234 623 376 721 384 608 224 747 224
day06/0018.jpg 502 242 560 248 644 252 708 257 534 404 655 408 535 236 672 249
day01/0132.jpg 643 335 714 341 793 350 841 356 675 504 796 514 682 333 821 348
day10/0066.jpg 437 218 487 221 554 232 604 239 461 343 551 351 460 215 578 230
day06/0036.jpg 624 279 687 276 790 280 861 280 677 462 795 466 655 275 827 273
day05/0295.jpg 675 220 747 236 831 252 885 267 712 408 814 423 721 223 866 253
day06/0005.jpg 639 259 704 272 779 292 824 300 669 424 760 446 679 261 807 289
day06/0022.jpg 628 296 685 291 784 294 849 288 676 467 795 476 654 288 812 286
day03/0074.jpg 693 284 734 280 792 284 826 284 735 385 806 385 714 276 808 280
day01/0120.jpg 542 363 599 359 688 357 753 347 598 520 712 517 575 355 720 344
day03/0059.jpg 689 508 735 512 802 518 842 516 716 628 802 634 716 506 822 512
day08/0069.jpg 572 216 624 216 705 221 760 222 609 360 703 366 598 209 728 216
day10/0123.jpg 698 176 743 175 816 166 860 152 748 297 827 288 724 168 835 153
day05/0074.jpg 656 272 709 278 786 285 840 279 684 414 778 419 684 274 809 279
day05/0004.jpg 649 232 702 235 772 240 823 243 687 363 770 366 681 229 801 237
day03/0089.jpg 658 265 696 263 755 264 793 265 692 360 760 365 677 259 771 259
day05/0169.jpg 654 217 729 219 822 223 889 224 706 391 833 392 697 212 860 213
day10/0152.jpg 632 301 684 302 755 299 798 297 674 424 750 418 661 298 780 292
day11/0135.jpg 586 370 628 366 695 364 742 356 625 484 704 480 606 363 717 354
day06/0040.jpg 681 266 751 273 850 296 911 304 711 446 826 466 724 265 884 294
day05/0046.jpg 545 320 597 324 693 312 749 309 604 483 712 477 568 320 718 308
day09/0030.jpg 659 182 698 184 764 184 805 180 698 291 771 291 679 179 784 179
day10/0023.jpg 502 240 561 247 643 260 692 268 528 383 635 397 538 238 669 261
day05/0403.jpg 467 247 522 247 611 234 678 227 523 407 630 400 494 237 638 224
day07/0019.jpg 587 256 656 256 754 264 813 265 636 429 743 435 623 250 785 259
day11/0136.jpg 604 361 642 361 707 362 756 357 638 479 720 480 620 359 730 354
day10/0033.jpg 457 242 503 245 581 256 637 261 483 384 577 393 480 242 613 250
day08/0098.jpg 612 244 672 248 752 255 812 259 659 400 753 405 642 240 784 252
day03/0105.jpg 613 454 660 453 731 456 785 456 648 583 735 584 635 451 750 450
day11/0137.jpg 609 364 655 363 723 360 776 362 650 484 739 484 636 362 744 356
day10/0065.jpg 414 221 459 226 535 233 580 240 442 351 533 356 439 220 556 232
day03/0018.jpg 666 361 721 364 797 370 846 370 699 499 805 504 695 356 824 367
day10/0093.jpg 547 246 604 252 679 263 734 276 573 380 671 397 581 246 704 264
day03/0056.jpg 682 504 726 510 792 515 836 513 715 621 800 626 711 505 814 512
day04/0029.jpg 660 547 704 550 765 558 800 564 696 656 768 660 686 545 784 559
day05/0017.jpg 605 227 654 222 725 217 779 214 648 343 732 341 630 220 748 213
day03/0015.jpg 576 385 621 382 703 371 758 365 633 516 724 504 597 382 722 364
day06/0029.jpg 617 279 685 280 784 283 850 284 681 464 788 469 652 277 816 278
day05/0011.jpg 623 236 672 237 745 234 794 236 664 360 752 364 647 230 767 232
day09/0055.jpg 754 184 799 184 864 190 906 192 780 303 859 307 776 179 886 188
day06/0030.jpg 712 283 786 299 875 310 928 320 747 474 852 494 751 285 908 317
day02/0044.jpg 648 252 697 256 768 265 817 268 679 378 767 388 678 252 792 260
day03/0078.jpg 708 281 745 283 804 290 840 290 744 386 814 390 728 283 820 284
day10/0096.jpg 525 255 569 259 653 263 703 272 550 380 653 398 547 254 678 263
day05/0426.jpg 565 233 615 229 688 228 735 225 606 356 701 352 587 225 706 218
day10/0043.jpg 474 227 532 240 610 259 662 270 495 384 601 404 506 232 634 259
day05/0281.jpg 610 241 683 249 777 259 845 259 662 426 775 436 654 241 810 251
day10/0085.jpg 529 243 584 244 666 254 720 268 556 371 664 392 556 240 696 257
day10/0021.jpg 479 230 540 233 620 240 676 247 521 373 616 384 512 225 648 234
day03/0023.jpg 631 547 671 546 740 549 786 549 675 662 739 664 651 544 757 542
day03/0039.jpg 657 534 703 537 765 547 804 545 689 656 768 657 678 532 787 540
day03/0014.jpg 676 366 727 369 808 377 854 382 701 504 804 512 706 363 831 378
day05/0402.jpg 516 263 584 264 673 260 740 262 570 434 672 436 543 255 706 257
day05/0071.jpg 600 249 656 253 729 253 787 249 651 392 740 392 625 248 751 242
day03/0053.jpg 687 505 730 510 798 515 840 514 722 623 805 629 713 505 819 509
day03/0077.jpg 702 287 745 286 800 287 840 288 744 390 805 389 722 283 816 284
day10/0130.jpg 630 183 676 180 744 168 793 160 695 303 768 289 652 177 762 156
day10/0035.jpg 536 237 596 246 670 264 717 276 569 381 656 400 572 236 702 264
day07/0017.jpg 576 260 636 258 736 265 803 274 615 429 733 434 605 253 773 265
day08/0120.jpg 697 214 773 225 860 237 920 236 742 395 860 402 741 212 897 230
day01/0146.jpg 645 321 713 340 808 366 876 387 656 503 780 536 677 332 839 374
day08/0112.jpg 628 231 683 231 780 232 844 230 677 396 778 398 658 227 810 228
day08/0117.jpg 692 204 756 212 844 221 911 224 739 375 840 384 729 200 880 216
day05/0007.jpg 649 237 702 240 777 243 826 249 692 371 774 372 684 235 800 240
day07/0011.jpg 614 252 687 254 785 266 845 283 660 420 781 436 661 247 819 268
day05/0092.jpg 662 193 713 205 781 209 829 207 692 327 777 334 692 195 808 206
day08/0097.jpg 558 241 612 240 695 238 750 234 605 386 704 387 584 236 720 229
day05/0317.jpg 600 253 680 257 776 253 841 250 668 439 796 440 647 253 813 247
day08/0103.jpg 692 235 759 239 856 250 917 244 744 416 858 420 728 232 891 241
day08/0090.jpg 565 242 616 244 702 240 760 240 616 394 713 392 590 241 730 234
day05/0424.jpg 592 221 645 224 714 224 767 223 629 350 721 354 617 216 736 216
day10/0149.jpg 611 290 662 300 731 302 777 298 645 414 735 420 635 289 752 291
day02/0080.jpg 701 288 751 292 816 298 863 304 736 415 820 420 730 288 844 297
day03/0042.jpg 652 514 694 510 760 512 800 509 687 623 771 624 671 508 777 504
day06/0004.jpg 599 256 666 266 751 284 805 292 634 427 738 441 639 257 777 282
day08/0104.jpg 612 228 672 220 762 212 833 204 667 385 789 377 644 216 794 199
day05/0286.jpg 648 232 723 245 808 259 873 260 696 424 812 435 687 233 841 254
day10/0056.jpg 438 223 492 228 573 239 625 248 468 368 568 378 467 220 599 237
day10/0144.jpg 625 293 676 299 745 301 792 295 667 417 744 419 652 295 767 292
day07/0010.jpg 580 255 651 257 735 260 810 274 634 422 749 428 613 252 771 260
day02/0005.jpg 601 418 666 416 761 406 840 402 661 593 788 584 636 409 791 397
day10/0090.jpg 579 236 632 243 704 266 758 284 593 374 701 396 615 235 740 267
day01/0060.jpg 525 206 588 200 677 193 734 187 591 359 692 350 554 198 702 187
day09/0056.jpg 734 188 781 192 844 193 884 194 768 300 847 308 760 186 864 191
day10/0155.jpg 583 269 627 271 696 275 751 267 632 401 705 395 604 266 722 268
day04/0023.jpg 636 554 674 552 737 552 775 553 668 655 752 657 651 549 752 549
day05/0377.jpg 582 169 653 184 741 200 810 212 616 354 723 376 621 175 780 204
day05/0081.jpg 616 199 663 205 725 209 783 205 651 332 737 332 635 201 755 204
day03/0116.jpg 612 463 660 466 729 468 781 463 652 591 739 596 637 460 754 462
day03/0087.jpg 687 280 736 284 788 292 828 298 719 390 786 396 714 280 811 290
day11/0132.jpg 619 365 665 371 736 371 780 375 656 482 744 487 643 364 760 365
day10/0070.jpg 474 208 521 217 582 232 632 244 488 324 580 344 500 207 611 232
day10/0127.jpg 711 177 758 175 829 168 874 164 746 291 839 292 736 169 850 160
day08/0080.jpg 556 212 612 212 687 214 752 219 593 349 700 351 587 208 716 206
day05/0306.jpg 648 228 721 239 818 249 883 247 692 426 815 437 687 231 852 244
day02/0024.jpg 575 267 620 267 694 263 754 262 618 398 714 386 597 263 711 252
day10/0057.jpg 476 216 525 219 605 236 657 252 497 360 594 379 508 211 632 240
day05/0031.jpg 588 256 653 256 753 260 819 256 644 424 770 428 622 252 782 248
day09/0003.jpg 711 156 756 164 824 184 858 199 714 262 815 288 740 157 843 187
day11/0141.jpg 604 360 658 360 726 357 768 358 646 480 740 481 633 356 747 355
day11/0138.jpg 594 360 634 364 700 360 752 360 630 479 717 480 616 356 724 353
day10/0094.jpg 602 243 655 251 728 278 774 294 605 365 714 401 635 243 760 282
day01/0151.jpg 638 315 702 338 794 358 872 380 633 497 756 532 675 320 835 368
day07/0006.jpg 625 242 692 248 789 258 842 270 673 417 784 432 667 232 825 252
day09/0058.jpg 735 188 780 200 846 204 888 203 754 310 845 312 760 194 866 201
day09/0001.jpg 680 165 724 163 788 175 834 186 700 268 792 280 702 162 813 178
day05/0326.jpg 664 248 737 259 827 275 888 280 696 439 818 457 704 248 860 276
day06/0031.jpg 666 264 728 276 821 288 891 295 693 444 814 464 695 268 859 286
day01/0069.jpg 722 223 788 227 870 238 928 237 758 393 855 396 756 220 896 233
day05/0047.jpg 576 293 634 294 718 294 785 292 622 446 728 446 606 290 746 285
day09/0019.jpg 697 191 743 192 808 200 852 204 717 305 808 315 722 185 835 196
day05/0409.jpg 574 190 632 200 720 208 769 202 614 358 712 359 604 193 745 202
day05/0280.jpg 608 251 677 254 775 261 839 263 660 429 790 437 645 246 806 258
day09/0046.jpg 704 191 746 190 820 195 863 194 739 310 823 311 731 189 841 189
day03/0112.jpg 607 473 656 473 725 472 777 474 650 600 751 603 633 472 749 470
day10/0022.jpg 519 239 574 250 653 263 701 278 545 383 647 406 554 239 682 264
day09/0005.jpg 630 184 674 173 732 170 780 163 668 279 756 273 649 173 755 162
day03/0082.jpg 666 288 708 286 765 286 804 283 701 394 786 387 682 283 782 279
day09/0015.jpg 666 179 713 179 779 182 828 184 695 292 786 300 688 174 800 177
day09/0021.jpg 683 316 740 322 797 333 845 343 701 446 800 463 711 316 825 337
day10/0132.jpg 638 181 684 179 752 165 795 149 698 304 787 287 662 177 776 155
day03/0005.jpg 603 383 665 379 735 378 790 374 652 517 754 511 633 381 760 368
day05/0073.jpg 629 266 682 278 758 275 812 270 665 408 764 413 662 269 784 271
day05/0068.jpg 665 264 720 271 798 279 845 271 706 412 804 417 695 266 825 272
day05/0418.jpg 611 218 663 225 732 225 778 228 641 345 734 355 638 217 755 223
day03/0107.jpg 633 457 687 459 756 462 806 466 667 585 769 591 658 454 777 458
day08/0085.jpg 561 243 613 241 700 239 768 233 616 390 721 389 587 237 726 228
day02/0043.jpg 641 256 692 262 757 267 812 270 667 387 758 387 666 256 785 263
day03/0104.jpg 639 466 691 470 761 474 812 473 682 597 776 604 666 466 784 467
day01/0070.jpg 683 196 743 201 833 207 894 207 726 366 843 373 715 196 862 201
day06/0017.jpg 520 280 576 282 660 288 723 288 555 439 672 445 547 276 693 283
day05/0422.jpg 558 239 608 238 677 232 731 228 602 366 702 361 582 234 700 229
day08/0050.jpg 638 200 704 200 794 200 857 200 691 364 811 367 672 196 824 193
day05/0427.jpg 572 218 622 218 692 219 744 213 612 346 706 346 600 213 716 212
day01/0119.jpg 542 183 608 193 701 201 764 200 583 360 700 368 576 184 730 193
day01/0122.jpg 643 344 708 354 798 366 849 374 673 516 792 527 676 344 825 365
day08/0042.jpg 684 198 754 202 842 209 905 212 728 367 842 377 722 196 877 206
day07/0012.jpg 641 248 707 256 802 267 856 280 671 422 792 440 678 250 836 270
day02/0059.jpg 655 263 703 266 774 270 816 270 680 385 774 397 683 260 797 266
day08/0115.jpg 650 220 714 217 806 222 868 216 700 383 819 388 682 216 834 212
day04/0049.jpg 514 450 572 444 658 430 731 427 555 612 695 603 540 444 688 421
day10/0039.jpg 444 236 498 235 573 238 632 240 482 372 588 379 470 231 600 232
day05/0024.jpg 546 271 609 266 697 252 764 243 611 430 730 419 574 262 724 242
day05/0022.jpg 596 256 661 256 757 256 826 253 642 428 760 429 624 249 786 248
day02/0029.jpg 657 264 712 271 788 284 831 292 682 396 780 412 688 265 807 284
day05/0034.jpg 566 291 628 288 714 278 788 273 631 461 755 444 586 288 745 271
day11/0046.jpg 608 209 674 220 760 231 828 236 643 383 762 397 641 208 792 225
day01/0137.jpg 599 325 657 330 748 335 810 335 637 492 760 493 629 320 779 328
day10/0064.jpg 455 217 504 224 579 239 618 246 473 345 565 362 485 217 600 235
day04/0004.jpg 615 527 657 516 714 508 752 509 656 611 737 605 634 518 731 507
day04/0037.jpg 671 544 713 550 777 557 809 564 694 652 766 664 698 542 795 556
day08/0006.jpg 613 164 660 163 740 162 792 161 648 300 754 298 636 158 761 156
day10/0026.jpg 504 244 562 249 642 267 696 279 528 392 631 405 540 245 670 268
day09/0049.jpg 708 190 749 192 820 194 860 193 739 311 820 308 728 188 840 193
day05/0076.jpg 613 237 672 244 745 245 800 244 656 379 748 384 642 239 770 241
day08/0020.jpg 662 216 714 216 796 218 852 216 699 364 810 362 686 213 825 212
day02/0058.jpg 661 252 712 255 780 263 826 264 687 378 781 388 689 250 802 258
day11/0039.jpg 553 230 611 226 705 224 766 220 597 380 730 376 583 225 735 217
day02/0077.jpg 663 291 710 288 776 291 824 289 704 412 788 411 685 287 797 284
day05/0301.jpg 599 237 670 249 771 246 843 244 645 429 786 442 634 240 805 238
day02/0051.jpg 654 244 705 246 777 253 820 255 690 371 778 378 684 242 797 248
day09/0057.jpg 732 181 776 184 835 186 880 188 755 296 841 300 753 180 854 184
day05/0313.jpg 660 239 729 252 827 268 891 269 691 434 823 447 697 243 864 264
day05/0124.jpg 652 250 736 260 845 271 914 277 712 449 848 467 701 257 883 274
day05/0128.jpg 580 252 644 248 752 244 828 241 636 436 782 437 606 246 782 240
day10/0136.jpg 633 182 679 177 748 163 793 148 700 301 784 284 657 175 768 152
day03/0052.jpg 667 512 711 516 779 516 820 512 700 624 799 628 692 509 798 507
day10/0063.jpg 430 209 480 220 552 227 598 238 452 344 548 358 451 210 572 224
day02/0031.jpg 647 268 704 276 772 288 820 296 673 402 770 412 680 268 799 285
day09/0051.jpg 741 199 783 207 851 210 892 209 760 314 852 317 760 200 871 205
day04/0012.jpg 607 537 644 524 700 514 744 513 648 624 726 612 625 528 719 511
day04/0018.jpg 618 520 654 512 712 506 755 507 650 612 735 604 633 513 728 503
day05/0311.jpg 645 238 728 244 825 257 886 263 691 429 818 437 690 238 860 256
day05/0023.jpg 684 250 755 262 844 282 904 292 712 432 839 459 724 255 879 282
day11/0042.jpg 598 201 668 208 754 216 818 220 642 368 759 378 636 200 785 209
day10/0140.jpg 630 270 679 272 753 273 799 266 661 391 760 395 654 268 775 260
day03/0024.jpg 633 542 679 544 742 547 785 542 669 663 748 664 658 539 763 540
day05/0307.jpg 652 238 724 252 820 260 880 260 688 430 816 444 695 244 857 258
day05/0421.jpg 622 220 672 228 741 234 786 231 648 353 744 361 650 220 766 228
day02/0050.jpg 639 264 688 266 760 271 805 270 668 393 760 396 663 262 780 267
day02/0022.jpg 600 266 652 263 724 263 776 263 642 392 736 398 625 259 747 258
day05/0078.jpg 616 228 670 233 745 233 799 233 656 368 759 375 644 226 771 227
day03/0084.jpg 725 263 767 274 820 288 856 291 739 374 815 388 748 268 842 286
day11/0051.jpg 596 210 663 221 753 228 816 230 635 384 747 390 631 209 784 220
day05/0094.jpg 670 203 722 214 796 221 841 218 693 332 796 340 700 205 821 215
day03/0051.jpg 653 509 698 508 763 507 806 504 690 622 772 622 676 505 782 497
day03/0043.jpg 676 512 718 517 786 518 824 515 709 629 802 632 701 512 806 512
day04/0030.jpg 629 557 672 552 729 554 767 552 665 658 741 660 648 551 745 547
day02/0057.jpg 656 259 709 262 780 267 820 269 688 385 776 390 689 256 798 264
day09/0032.jpg 704 163 745 166 810 172 841 172 731 272 801 282 727 161 824 168
day08/0067.jpg 576 210 625 216 704 216 760 224 603 358 720 361 600 214 731 216
day05/0111.jpg 602 224 675 230 786 230 870 230 644 430 798 440 628 224 823 220
day04/0021.jpg 647 554 690 552 744 556 784 555 680 658 752 663 664 550 762 552
day10/0157.jpg 578 272 623 278 696 284 740 276 616 397 704 402 601 272 713 274
day03/0019.jpg 620 377 676 376 751 372 799 371 663 514 771 508 648 372 777 368
day05/0125.jpg 588 261 660 260 764 259 843 261 636 454 784 460 616 260 797 256
day05/0327.jpg 535 258 596 257 684 248 757 239 588 433 716 428 563 255 719 236
day05/0433.jpg 595 227 648 228 720 228 767 229 635 360 730 357 626 224 745 227
day05/0082.jpg 636 197 679 200 753 200 803 198 661 322 762 326 654 193 773 199
day04/0003.jpg 676 506 719 506 778 516 817 534 699 603 780 624 702 506 799 524
day05/0321.jpg 555 274 618 277 719 270 788 265 608 455 736 452 584 272 749 264
day10/0143.jpg 652 288 700 294 768 292 806 284 680 416 776 412 672 284 789 282
day05/0430.jpg 589 213 640 217 712 218 759 215 631 348 716 345 615 213 733 212
day08/0092.jpg 576 244 634 246 716 248 782 249 618 396 732 399 604 244 747 241
day05/0038.jpg 646 256 713 268 803 271 865 284 673 428 805 441 680 258 833 275
day01/0152.jpg 644 322 699 337 789 364 858 385 632 493 766 536 664 326 818 368
day06/0013.jpg 619 261 679 275 753 292 808 305 623 423 736 445 655 266 780 295
day03/0103.jpg 639 484 692 488 763 486 810 484 680 621 782 616 661 484 779 480
day05/0378.jpg 593 164 661 181 753 204 819 210 625 350 736 374 636 169 792 201
day01/0121.jpg 571 360 632 364 717 360 782 360 618 525 738 520 597 357 749 354
day09/0045.jpg 740 193 784 204 845 210 889 205 767 319 844 320 763 194 867 206
day08/0058.jpg 653 200 718 207 809 208 866 210 697 366 820 373 684 200 838 204
day08/0082.jpg 591 227 656 226 740 228 800 228 641 376 753 380 627 220 766 220
day11/0125.jpg 612 354 656 356 728 355 773 359 646 473 740 477 636 353 744 352
day03/0109.jpg 653 464 708 472 775 476 818 478 687 600 780 606 682 464 799 470
day01/0157.jpg 636 318 699 341 784 365 868 389 631 496 764 536 675 328 827 368
day09/0010.jpg 641 206 688 199 753 196 800 195 679 310 780 300 664 200 776 192
day10/0084.jpg 596 216 649 231 727 248 776 267 584 360 705 399 628 216 756 253
day04/0024.jpg 636 556 676 554 736 553 772 555 669 658 744 659 656 550 752 548
day02/0033.jpg 648 265 704 271 775 282 819 286 671 401 772 407 678 264 796 278
day03/0012.jpg 620 368 678 368 759 366 808 363 664 504 781 505 652 364 783 358
day03/0032.jpg 652 543 700 553 760 556 799 552 685 671 768 674 678 547 782 551
day04/0042.jpg 487 451 552 448 641 432 716 426 536 622 679 609 515 444 665 423
day11/0129.jpg 622 363 672 361 739 366 783 368 651 480 754 484 652 359 764 363
day08/0011.jpg 633 235 688 232 767 224 826 220 687 376 785 369 656 232 790 216
day11/0143.jpg 586 361 631 357 698 356 742 352 616 477 711 472 608 357 719 348
day01/0141.jpg 646 316 717 339 807 366 886 376 648 504 785 538 690 320 850 365
day05/0009.jpg 621 240 676 237 746 238 796 240 664 363 764 366 649 234 772 233
day09/0041.jpg 628 192 671 192 736 193 781 188 665 304 752 305 653 188 756 185
day10/0156.jpg 565 260 608 264 682 266 730 263 600 386 691 389 589 256 700 258
day08/0015.jpg 694 224 751 224 836 230 882 228 736 369 842 370 728 217 859 226
day09/0054.jpg 742 182 784 186 854 192 891 192 768 300 852 304 765 183 870 187
day01/0134.jpg 530 347 583 340 664 322 726 312 584 489 705 476 556 336 694 309
day10/0046.jpg 490 219 558 235 626 254 678 270 508 375 614 399 530 222 656 256
day06/0020.jpg 600 258 662 266 741 284 794 292 616 416 738 440 633 261 772 286
day05/0428.jpg 612 220 664 224 734 229 777 229 647 351 733 354 640 217 756 224
day05/0061.jpg 644 274 700 277 776 283 824 280 679 415 784 422 673 273 799 280
day10/0042.jpg 400 228 462 236 540 244 600 252 432 377 542 390 429 228 564 239
day01/0145.jpg 649 310 720 336 815 362 887 377 655 500 792 539 696 319 860 365
day09/0012.jpg 653 200 704 197 769 196 817 196 689 309 784 307 677 194 790 192
day08/0107.jpg 613 247 674 249 765 246 836 240 661 417 794 412 644 245 798 240
day08/0102.jpg 611 247 665 245 753 237 817 226 662 406 777 396 634 244 781 227
day08/0087.jpg 565 234 622 229 702 227 763 224 604 377 721 375 588 231 728 219
day02/0035.jpg 577 268 628 265 700 260 756 262 614 393 720 388 602 262 721 254
day03/0057.jpg 692 508 735 514 800 518 843 520 716 628 805 634 720 508 823 514
day02/0061.jpg 668 285 720 286 789 284 832 282 712 405 805 409 699 284 811 280
day10/0072.jpg 433 212 474 216 542 228 589 232 450 330 542 339 455 212 567 224
day03/0079.jpg 697 272 740 276 794 278 833 276 728 376 801 378 713 269 812 272
day02/0040.jpg 620 271 672 275 744 280 792 281 649 400 751 407 651 269 772 276
day05/0014.jpg 656 226 708 226 781 234 824 240 688 353 786 364 690 222 806 232
day01/0125.jpg 672 344 733 356 815 374 868 380 697 514 813 537 708 348 849 375
day05/0030.jpg 561 300 616 295 711 281 776 276 616 459 751 449 584 295 731 275
day05/0316.jpg 610 236 682 246 784 249 856 244 655 425 786 436 649 236 817 239
day05/0079.jpg 645 223 706 233 775 241 830 241 682 370 779 378 679 225 806 235
day10/0100.jpg 548 254 598 263 675 274 732 284 559 390 683 404 576 255 706 270
day06/0033.jpg 608 298 659 302 758 301 833 301 648 470 778 488 632 300 788 298
day06/0028.jpg 682 274 752 279 841 285 907 281 722 450 849 455 715 275 874 279
day06/0015.jpg 550 262 607 267 692 271 759 277 579 422 703 433 581 261 723 270
day03/0020.jpg 624 376 678 374 752 371 804 374 669 506 776 509 646 371 776 368
day05/0016.jpg 662 230 716 235 781 241 829 245 678 360 782 367 690 228 808 239
day02/0070.jpg 666 295 715 293 780 291 830 291 698 415 795 412 687 290 803 284
day06/0009.jpg 608 266 675 281 749 295 800 300 635 432 743 445 645 270 776 293
day09/0037.jpg 701 189 745 192 801 198 841 194 731 297 802 300 728 187 819 192
day10/0097.jpg 534 258 594 261 667 270 719 278 566 388 675 400 570 255 695 264
day05/0290.jpg 591 233 661 243 750 245 817 241 640 415 761 423 623 233 784 240
day06/0011.jpg 624 275 685 289 763 304 820 312 635 441 747 464 658 279 792 304
day05/0066.jpg 633 259 683 263 756 265 810 264 666 400 767 402 654 259 786 262
day05/0033.jpg 683 244 754 260 848 278 904 291 710 425 833 450 725 250 879 281
day05/0032.jpg 682 231 752 247 837 263 898 280 712 400 834 432 718 232 871 265
day03/0054.jpg 670 503 716 504 775 503 814 502 698 612 790 615 690 500 795 500
day10/0087.jpg 558 232 614 241 691 256 741 268 568 359 679 387 592 232 718 258
day09/0059.jpg 751 191 797 197 865 202 902 204 771 306 857 312 779 190 879 203
day09/0038.jpg 692 174 733 178 789 183 831 181 720 286 793 291 716 174 812 181
day05/0416.jpg 592 212 643 217 713 216 763 217 625 345 723 342 620 210 733 212
day02/0067.jpg 658 292 703 293 774 292 820 291 694 411 795 412 679 290 793 286
day01/0127.jpg 678 339 747 355 826 370 875 383 701 511 809 530 715 340 853 375
day08/0093.jpg 645 223 714 234 787 245 836 254 675 375 787 398 683 224 816 242
day07/0013.jpg 579 241 641 246 741 252 804 251 634 417 748 429 614 237 774 243
day02/0079.jpg 677 286 725 284 791 291 837 290 709 408 796 409 700 282 812 283
day08/0113.jpg 660 212 733 218 818 220 886 221 712 386 830 391 695 214 854 216
day06/0035.jpg 615 276 672 283 770 283 846 280 657 458 795 462 645 275 803 275
day02/0052.jpg 617 259 665 261 737 261 786 261 652 383 744 388 641 254 761 258
day10/0027.jpg 492 219 548 229 623 240 679 251 522 366 624 379 521 220 654 238
day04/0011.jpg 687 499 731 508 787 519 826 533 704 600 787 621 712 502 808 523
day10/0044.jpg 486 223 547 241 619 258 676 279 512 381 614 402 520 230 647 261
day06/0039.jpg 712 271 779 294 866 316 923 325 719 458 833 486 754 279 902 320
day10/0142.jpg 618 272 667 277 741 275 788 266 663 404 745 401 650 268 766 267
day04/0016.jpg 672 508 714 508 772 518 809 529 695 600 772 617 693 504 793 521
day03/0117.jpg 610 472 658 475 732 472 780 471 646 604 742 605 633 470 754 472
day02/0054.jpg 659 254 711 255 774 260 819 265 695 374 778 376 685 252 795 258
day07/0003.jpg 611 252 685 258 780 267 840 281 651 424 784 441 647 249 807 266
day05/0319.jpg 608 270 679 271 778 277 839 270 654 454 791 450 648 266 814 268
day04/0046.jpg 568 446 641 453 743 458 808 464 595 629 763 637 608 444 772 454
day02/0027.jpg 552 286 604 283 672 273 725 264 597 408 700 395 575 279 695 264
day05/0419.jpg 556 225 603 224 669 220 720 214 595 350 684 348 577 220 692 212
day11/0144.jpg 593 356 637 357 703 354 749 354 630 478 712 473 616 355 721 349
day10/0086.jpg 559 237 616 245 692 262 744 284 562 360 685 386 594 239 721 271
day08/0075.jpg 633 208 691 220 766 235 816 248 657 358 758 381 667 213 795 237
day05/0314.jpg 554 239 620 237 712 237 795 229 606 420 744 418 588 233 745 225
day04/0014.jpg 624 514 662 507 718 500 762 503 658 601 729 593 639 508 738 498
day05/0132.jpg 695 231 779 247 873 267 943 276 731 434 866 462 738 233 914 260
day01/0159.jpg 662 311 729 335 829 364 895 377 666 500 789 537 712 317 869 366
day05/0309.jpg 559 249 625 258 719 252 801 245 617 437 742 441 589 250 754 243
day06/0038.jpg 635 270 694 271 790 279 861 277 677 441 807 450 662 268 823 270
day03/0108.jpg 597 468 650 469 714 464 770 462 636 593 727 596 623 462 740 459
day06/0012.jpg 633 232 689 245 770 266 823 278 643 398 749 426 669 236 797 268
day09/0028.jpg 679 159 720 160 784 158 820 161 704 268 783 272 699 154 799 154
day07/0015.jpg 631 240 692 251 788 262 850 272 666 421 790 440 669 237 825 254
day08/0101.jpg 666 222 732 233 819 233 895 241 700 399 829 412 697 223 858 231
day05/0425.jpg 557 231 612 229 678 226 732 220 604 357 688 353 583 226 703 216
day09/0007.jpg 680 196 730 198 797 198 843 203 713 308 800 313 710 194 820 198
day10/0080.jpg 477 204 520 212 585 232 629 243 489 325 584 345 504 203 613 231
day05/0012.jpg 598 237 644 229 712 222 770 219 647 355 730 350 621 228 736 216
day03/0121.jpg 645 459 693 468 766 471 813 473 679 596 771 600 672 461 789 467
day02/0063.jpg 685 283 734 288 801 285 842 289 717 405 807 412 712 282 822 284
day05/0052.jpg 565 314 620 319 712 313 780 316 612 477 726 481 584 312 737 307
day01/0126.jpg 588 359 653 362 740 365 800 366 627 520 750 529 622 357 772 364
day03/0085.jpg 709 259 752 261 808 270 845 281 729 362 812 379 730 257 826 273
day06/0003.jpg 605 253 673 265 752 277 804 285 644 428 745 441 647 255 781 273
day03/0111.jpg 651 453 704 460 766 466 813 465 679 586 773 595 679 452 793 462
day04/0001.jpg 662 502 704 502 763 508 801 520 685 595 769 608 687 500 783 508
day07/0005.jpg 588 243 657 245 750 250 811 258 633 410 760 424 624 239 782 246
day08/0068.jpg 595 210 656 217 732 225 786 228 625 355 735 371 625 209 758 220
day03/0003.jpg 637 366 695 370 778 369 829 369 682 509 787 511 673 362 802 363
day03/0090.jpg 666 280 706 279 764 283 804 288 695 384 770 391 684 276 781 283
day09/0020.jpg 655 200 700 201 766 196 814 196 687 316 779 314 675 197 789 194
day05/0134.jpg 674 250 761 260 864 272 924 278 716 449 854 466 723 251 897 271
day05/0002.jpg 636 237 695 239 766 241 820 244 675 367 770 375 673 237 793 238
day05/0049.jpg 653 276 720 291 805 307 856 312 685 437 793 457 691 274 831 300
day08/0086.jpg 598 245 658 249 741 253 798 252 637 399 749 401 629 245 768 246
day09/0017.jpg 665 194 713 193 779 199 824 198 689 307 792 311 687 191 803 191
day10/0151.jpg 637 265 684 272 755 268 796 256 675 395 764 385 663 264 778 255
day05/0325.jpg 619 250 693 258 787 266 854 273 664 440 782 445 655 250 825 263
day02/0032.jpg 643 258 698 263 770 273 819 283 664 390 771 403 676 259 792 275
day05/0320.jpg 529 272 591 278 684 266 755 254 592 453 714 446 558 274 712 254
day05/0040.jpg 640 271 713 277 808 287 866 293 683 441 808 458 677 271 836 287
day05/0431.jpg 552 234 601 234 668 229 719 222 593 358 687 354 577 229 691 220
day02/0038.jpg 655 254 706 262 775 275 818 286 678 386 776 404 681 253 798 274
day02/0045.jpg 664 251 712 258 785 266 826 269 686 380 778 391 691 253 805 262
day05/0075.jpg 691 237 741 248 819 262 864 257 708 382 813 400 719 236 842 254
day09/0060.jpg 734 182 782 189 849 195 890 197 758 295 841 305 758 183 866 193
day10/0091.jpg 506 239 550 241 620 239 675 243 525 361 636 363 532 238 651 234
day08/0048.jpg 646 197 710 198 803 200 870 198 688 367 813 368 680 194 837 198
day03/0110.jpg 644 463 693 468 763 472 808 474 678 591 769 600 675 463 791 467
day09/0026.jpg 716 161 762 170 825 175 858 177 745 269 824 285 745 158 841 175
day05/0063.jpg 639 262 695 266 769 271 820 270 666 404 772 410 672 263 797 268
day03/0091.jpg 712 261 757 267 808 281 845 291 730 364 804 387 735 259 825 283
day01/0148.jpg 642 320 717 342 804 366 883 383 650 502 779 537 683 325 839 366
day06/0001.jpg 596 259 659 264 743 272 804 278 628 431 730 450 630 256 775 271
day06/0024.jpg 681 282 750 287 845 291 909 294 719 459 860 472 717 280 880 291
day10/0017.jpg 581 175 641 169 726 166 792 166 625 329 755 325 605 165 753 155
day10/0060.jpg 437 225 503 230 579 241 632 253 464 369 575 383 470 223 604 242
day03/0008.jpg 604 371 666 370 739 365 788 358 659 509 760 501 634 364 764 358
day03/0010.jpg 639 374 691 378 770 379 821 379 672 514 789 517 673 374 798 378
day05/0045.jpg 584 308 657 310 744 314 803 309 634 474 758 475 620 306 775 308
day06/0002.jpg 550 266 611 272 696 277 757 279 581 433 693 445 583 264 727 275
day02/0078.jpg 688 288 735 293 804 297 849 297 715 411 812 417 716 287 825 290
day08/0073.jpg 619 208 676 219 754 234 811 238 643 358 748 375 653 208 780 225
day05/0398.jpg 500 255 558 252 641 252 712 243 554 422 674 417 526 254 675 243
day08/0083.jpg 554 233 607 233 690 227 752 220 604 381 716 375 584 229 713 216
day09/0022.jpg 699 169 735 169 795 164 837 163 724 272 807 268 714 164 811 158
day11/0140.jpg 605 366 650 364 718 365 766 365 636 481 729 482 628 363 737 358
day10/0137.jpg 623 200 675 194 741 181 795 169 692 319 780 300 648 192 761 167
day03/0086.jpg 651 263 691 257 751 256 792 256 687 359 766 354 670 258 766 252
day05/0282.jpg 612 249 683 253 775 258 844 262 655 425 792 434 647 245 811 258
day05/0296.jpg 608 245 675 252 768 262 834 259 650 429 768 440 641 247 800 257
day03/0007.jpg 650 375 706 378 784 383 831 384 688 515 792 519 685 372 810 379
day03/0055.jpg 692 501 738 508 806 512 843 515 721 617 814 627 720 500 824 510
day09/0039.jpg 655 170 695 170 758 166 799 168 686 277 772 276 678 166 775 162
day08/0076.jpg 620 212 677 224 758 237 806 249 642 362 750 383 653 216 783 239
day04/0007.jpg 623 528 662 522 720 517 758 520 653 617 734 617 644 525 737 516
day05/0330.jpg 641 254 721 262 807 277 864 282 685 434 795 453 690 253 844 272
day04/0002.jpg 661 505 707 507 769 513 803 523 687 603 769 614 685 501 787 515
day05/0278.jpg 670 245 741 259 832 272 891 278 704 436 829 450 712 250 860 271
day04/0058.jpg 540 449 606 454 699 453 777 452 582 629 724 626 570 445 733 444
day05/0090.jpg 673 197 733 214 792 220 837 218 700 328 783 341 704 204 816 216
day01/0139.jpg 627 333 689 339 775 349 835 353 664 496 783 512 660 331 810 345
day05/0021.jpg 615 266 688 275 783 275 851 279 659 445 777 455 653 268 815 273
day05/0072.jpg 626 251 680 256 756 254 810 251 672 395 764 397 651 249 779 249
day05/0312.jpg 594 224 662 226 763 231 831 229 634 408 771 417 629 220 796 221
day05/0299.jpg 637 240 712 250 810 254 880 253 669 420 817 439 670 240 840 247
day10/0052.jpg 398 229 453 233 532 235 587 244 433 375 537 381 428 228 558 233
day08/0063.jpg 559 206 613 208 693 209 750 208 591 352 709 355 582 206 716 203
day11/0050.jpg 661 224 722 233 809 254 863 262 674 392 799 415 696 225 844 255
day08/0017.jpg 650 240 704 239 783 241 837 232 693 381 807 382 669 238 804 230
day05/0411.jpg 566 190 622 202 707 205 760 204 603 348 706 356 591 195 730 205
day08/0099.jpg 575 241 633 241 715 244 774 245 613 388 725 390 604 238 741 238
day03/0009.jpg 641 370 695 373 775 377 823 375 679 505 790 512 669 367 800 369
day09/0013.jpg 692 183 737 188 804 194 846 197 715 300 808 311 717 181 827 190
day02/0069.jpg 664 295 708 293 779 294 823 290 695 415 793 415 687 289 800 287
day09/0011.jpg 636 195 681 185 744 176 789 173 682 291 769 283 657 184 766 172
