day02/0211.jpg 591 284 657 288 735 288 795 279 649 435 744 435 628 286 772 283
day01/0074.jpg 617 334 683 336 756 335 819 324 672 481 765 481 651 336 788 330
day06/0095.jpg 527 373 588 376 660 375 717 368 576 512 675 508 563 372 691 369
day05/0073.jpg 557 422 627 426 712 420 783 408 623 590 732 584 599 425 752 415
day06/0160.jpg 583 456 656 458 732 454 800 446 644 618 750 615 616 458 758 452
day02/0269.jpg 541 333 620 337 701 337 773 329 595 493 721 495 591 332 740 332
day06/0175.jpg 572 310 635 312 705 316 768 306 622 452 722 451 607 312 739 312
day06/0045.jpg 515 374 577 380 655 381 716 379 556 533 653 535 547 376 689 382
day01/0063.jpg 608 320 677 322 745 314 809 307 668 459 764 460 649 320 784 308
day02/0007.jpg 520 324 580 329 656 323 726 314 571 476 684 473 548 325 688 317
day05/0159.jpg 548 360 621 368 698 371 764 366 602 521 701 526 589 366 735 370
day06/0106.jpg 524 345 587 348 663 347 723 339 574 492 676 491 553 349 690 343
day07/0115.jpg 664 336 722 347 788 360 844 372 682 464 767 488 699 343 816 364
day07/0148.jpg 590 283 658 288 735 288 800 277 640 437 745 437 621 286 765 282
day06/0245.jpg 587 293 659 298 743 294 816 279 650 458 763 458 629 293 783 283
day04/0076.jpg 583 372 653 376 730 372 799 363 648 530 745 526 621 377 765 367
day01/0230.jpg 540 325 595 328 663 328 719 327 580 465 675 467 565 327 687 329
day06/0174.jpg 579 312 635 319 707 316 765 311 621 452 719 451 610 316 737 315
day05/0007.jpg 520 219 585 224 667 223 728 214 572 371 678 370 553 222 695 220
day03/0034.jpg 593 304 665 309 745 307 818 296 658 469 754 466 632 306 783 301
day03/0022.jpg 588 275 654 276 738 275 806 266 646 437 749 437 632 275 780 270
day05/0122.jpg 563 314 620 316 687 312 744 307 609 448 696 448 600 316 720 311
day05/0128.jpg 572 325 629 330 696 328 756 320 624 456 710 463 607 325 728 321
day06/0009.jpg 549 379 616 383 700 380 768 370 603 543 718 540 588 380 736 372
day06/0038.jpg 535 376 609 379 695 373 765 358 608 553 716 545 576 376 736 364
day02/0010.jpg 529 336 588 338 669 334 740 325 582 493 688 494 557 336 695 333
day07/0018.jpg 557 333 625 334 701 332 765 328 607 489 709 491 584 334 729 329
day07/0077.jpg 563 413 635 419 720 418 794 408 622 588 734 591 592 413 751 412
day05/0024.jpg 566 209 620 210 680 207 732 192 620 329 697 322 593 211 710 199
day04/0016.jpg 525 285 587 288 668 282 737 266 591 441 691 438 558 285 704 271
day07/0001.jpg 559 317 629 322 713 317 777 310 617 478 730 475 602 317 746 312
day06/0091.jpg 523 373 584 373 650 371 711 365 566 505 672 499 562 373 685 368
day04/0108.jpg 615 400 672 405 737 401 795 390 670 538 757 537 638 402 762 393
day05/0045.jpg 527 212 590 216 653 214 712 200 584 341 669 341 554 214 682 207
day04/0008.jpg 520 279 585 280 660 275 730 259 587 435 684 431 563 277 707 264
day05/0032.jpg 564 202 614 208 672 203 725 194 608 320 685 318 588 206 700 198
day05/0166.jpg 576 381 639 386 720 381 779 369 637 532 730 531 609 383 748 375
day02/0313.jpg 560 258 631 266 719 266 791 256 612 428 725 433 597 261 754 258
day02/0229.jpg 572 324 644 333 729 335 797 330 621 500 731 505 604 330 759 334
day06/0202.jpg 584 231 649 232 732 229 795 217 641 379 753 373 620 231 763 223
day06/0006.jpg 550 373 616 377 700 377 770 365 603 539 723 540 582 373 736 368
day04/0025.jpg 607 287 673 292 754 291 818 287 655 444 755 451 641 287 786 289
day01/0220.jpg 535 278 595 288 670 292 728 289 573 421 672 434 564 282 694 289
day06/0189.jpg 578 309 633 319 704 320 768 313 616 458 716 462 603 313 733 315
day07/0013.jpg 554 329 620 330 700 328 763 320 608 486 708 486 583 329 728 325
day07/0120.jpg 616 378 672 378 745 373 808 362 670 519 763 517 649 376 774 366
day07/0179.jpg 626 304 691 312 768 309 831 301 676 458 782 453 652 310 797 306
day05/0078.jpg 565 429 633 430 717 426 789 412 626 592 741 589 604 427 758 420
day01/0226.jpg 547 327 604 330 675 327 725 326 600 462 687 457 574 332 694 327
day07/0118.jpg 641 412 695 420 769 423 831 416 677 561 777 567 672 416 805 420
day05/0153.jpg 546 348 613 358 692 358 756 353 593 515 695 516 581 350 724 356
day06/0056.jpg 500 368 558 375 639 376 702 367 550 523 647 522 532 370 671 370
day06/0248.jpg 598 295 671 300 756 297 829 283 661 467 777 462 640 292 800 289
day02/0356.jpg 595 231 668 237 753 240 818 234 641 387 759 394 634 235 786 239
day06/0145.jpg 579 437 643 439 723 432 786 430 638 595 741 589 608 441 752 433
day07/0025.jpg 523 300 594 303 685 296 752 289 595 472 702 469 555 305 713 295
day06/0021.jpg 542 360 613 362 704 355 766 345 610 528 725 523 584 360 737 348
day06/0180.jpg 575 308 633 313 706 316 768 308 621 452 719 453 602 310 737 308
day02/0020.jpg 533 341 600 343 671 338 745 331 579 479 704 484 573 341 717 333
day06/0163.jpg 575 310 633 312 704 314 765 305 620 445 713 451 602 309 733 310
day06/0167.jpg 571 315 630 317 702 314 759 309 616 454 711 452 600 316 733 313
day05/0134.jpg 572 327 629 332 696 329 755 322 619 463 706 464 600 329 724 327
day06/0122.jpg 550 450 605 452 679 448 737 445 595 593 692 597 572 451 703 448
day02/0333.jpg 594 247 651 253 726 254 787 250 633 391 733 399 624 247 756 251
day05/0068.jpg 565 420 632 421 712 418 785 408 626 580 736 577 602 420 758 412
day05/0165.jpg 579 381 641 384 716 380 784 372 639 534 739 528 614 383 748 375
day05/0027.jpg 564 200 614 206 677 200 726 189 607 319 687 320 590 201 702 195
day06/0044.jpg 510 368 574 376 657 379 719 375 565 529 658 533 545 375 684 378
day07/0155.jpg 591 274 656 275 735 275 804 266 637 427 747 431 629 274 773 270
day01/0080.jpg 624 340 680 344 762 337 820 332 678 484 770 487 650 341 789 336
day02/0284.jpg 537 230 598 233 682 232 746 220 590 380 697 387 568 230 712 225
day05/0135.jpg 575 324 631 331 699 331 759 320 626 462 708 464 606 328 732 321
day04/0042.jpg 550 414 617 418 692 415 758 407 605 574 707 576 591 417 733 412
day02/0206.jpg 589 279 650 283 726 284 789 274 637 431 739 431 619 279 758 274
day02/0249.jpg 584 246 646 251 725 251 792 245 622 391 737 402 620 246 763 248
day03/0004.jpg 568 277 638 283 722 283 792 273 630 444 734 446 610 283 762 276
day01/0019.jpg 554 259 610 262 679 258 745 254 595 398 700 401 580 261 710 255
day05/0133.jpg 569 325 629 332 696 329 754 321 622 460 703 465 604 330 729 325
day01/0006.jpg 558 271 621 271 691 266 758 258 612 406 712 407 588 270 722 262
day07/0158.jpg 593 279 664 283 743 282 809 273 649 433 757 436 639 281 783 277
day05/0132.jpg 570 323 630 331 694 329 754 319 619 466 712 463 599 327 725 323
day04/0109.jpg 616 408 676 408 739 406 797 395 666 541 765 538 648 407 771 400
day02/0324.jpg 564 271 624 275 695 274 762 262 617 420 711 420 592 273 729 265
day02/0193.jpg 523 307 584 311 664 304 719 289 587 462 679 457 550 307 690 295
day06/0048.jpg 513 370 570 376 650 378 712 371 555 524 655 529 544 370 683 376
day02/0275.jpg 523 332 595 335 678 337 763 329 575 491 700 497 558 333 710 331
day04/0116.jpg 613 407 667 409 738 404 793 395 669 543 757 540 641 406 762 398
day06/0231.jpg 619 320 683 325 771 324 837 318 668 479 777 485 650 321 797 320
day06/0078.jpg 532 397 587 395 655 387 710 373 595 527 679 521 564 395 681 379
day06/0156.jpg 583 455 654 457 732 453 798 445 642 614 754 614 621 457 769 449
day03/0047.jpg 547 289 617 293 695 291 760 282 605 441 707 441 588 290 732 286
day02/0096.jpg 538 221 612 229 691 228 764 220 589 378 716 384 577 225 722 224
day04/0013.jpg 525 286 593 290 666 285 736 269 590 440 690 441 572 288 711 277
day01/0075.jpg 616 330 679 335 754 333 817 320 676 482 766 482 655 329 797 324
day02/0131.jpg 559 245 625 248 698 245 765 233 615 383 729 383 593 247 733 239
day05/0114.jpg 522 325 582 330 641 326 697 318 571 450 656 452 549 330 666 322
day02/0278.jpg 529 337 600 341 688 343 760 337 577 493 705 502 570 338 726 338
day03/0053.jpg 554 300 619 306 695 304 758 298 609 456 709 456 591 302 732 299
day06/0193.jpg 586 318 646 326 716 330 779 323 628 464 720 469 616 321 745 325
day04/0099.jpg 529 337 584 338 657 334 715 326 582 478 670 475 557 338 687 328
day02/0233.jpg 579 324 653 333 737 337 810 332 632 504 737 508 614 327 770 333
day02/0002.jpg 529 309 589 312 666 307 737 304 574 469 682 466 557 309 698 305
day03/0057.jpg 550 304 620 307 697 307 760 297 604 459 708 461 591 304 735 301
day05/0025.jpg 546 197 597 200 658 195 708 183 596 316 675 313 569 200 682 188
day03/0017.jpg 568 298 645 304 728 300 793 289 633 467 738 470 595 298 757 292
day02/0348.jpg 597 219 667 225 746 226 816 222 641 378 750 383 637 225 788 225
day01/0062.jpg 608 314 675 312 743 304 806 300 666 452 762 450 641 315 774 301
day04/0120.jpg 628 412 686 416 745 412 801 401 677 553 767 547 651 412 769 408
day07/0011.jpg 547 320 615 322 692 324 761 317 601 481 708 481 584 323 732 317
day05/0156.jpg 546 350 611 360 694 362 757 352 596 514 699 516 583 353 725 355
day04/0098.jpg 539 329 596 335 670 332 724 320 593 472 676 474 576 330 699 324
day02/0117.jpg 542 347 590 347 646 347 700 345 576 456 652 457 565 347 668 347
day06/0164.jpg 574 305 632 314 705 313 768 304 620 447 716 448 600 312 732 311
day02/0009.jpg 524 329 590 330 667 325 740 317 577 483 687 481 556 332 700 324
day04/0043.jpg 549 411 610 416 695 414 758 404 602 572 702 576 576 413 724 408
day06/0097.jpg 531 376 589 377 660 376 721 369 574 511 679 507 564 374 694 369
day05/0012.jpg 529 191 583 192 648 188 700 183 571 319 665 317 553 194 669 185
day03/0039.jpg 595 308 664 320 748 312 815 300 654 474 755 473 624 311 773 304
day03/0031.jpg 588 305 656 310 740 308 812 295 650 468 752 468 629 309 781 301
day06/0148.jpg 592 443 653 447 731 444 800 433 648 607 747 600 620 444 768 439
day05/0102.jpg 536 320 590 324 652 324 708 313 580 445 670 444 564 325 677 319
day07/0133.jpg 596 267 660 277 740 279 805 271 644 430 747 430 624 272 771 272
day01/0065.jpg 612 320 680 324 750 318 817 308 669 466 771 463 649 322 787 312
day02/0336.jpg 585 247 655 255 724 256 784 248 629 395 733 400 629 252 756 252
day06/0054.jpg 500 367 562 376 635 376 704 368 550 526 651 524 532 371 672 373
day02/0338.jpg 588 252 653 256 724 258 786 249 633 396 730 399 625 255 758 253
day06/0232.jpg 620 316 688 326 768 324 839 312 674 477 778 482 655 319 804 317
day03/0051.jpg 550 296 614 302 697 300 766 291 604 452 708 454 581 302 731 296
day01/0215.jpg 544 271 611 284 685 287 743 281 584 416 687 427 585 278 719 284
day04/0097.jpg 520 332 577 337 647 332 704 319 568 476 657 475 545 330 672 324
day06/0060.jpg 504 328 568 323 636 316 692 310 565 455 659 448 540 327 664 313
day05/0180.jpg 568 400 635 401 712 394 774 383 631 547 736 539 602 400 744 390
day04/0106.jpg 617 396 670 399 740 396 794 386 664 532 756 530 648 396 768 388
day05/0055.jpg 524 215 584 216 648 212 704 203 574 340 668 336 552 213 674 209
day04/0014.jpg 526 284 587 288 668 283 736 266 591 440 687 441 556 285 700 270
day04/0002.jpg 531 269 592 272 672 268 743 253 591 430 692 422 569 270 712 257
day06/0244.jpg 564 301 637 307 721 304 800 288 625 471 744 470 597 306 756 299
day02/0108.jpg 531 331 584 332 636 332 684 324 570 436 645 440 556 328 658 328
day02/0154.jpg 502 447 578 450 662 448 732 440 556 617 673 620 550 448 702 447
day06/0169.jpg 569 309 630 316 706 313 765 305 612 450 712 455 596 310 732 307
day07/0130.jpg 582 266 650 272 727 269 795 262 630 422 739 427 614 267 760 263
day02/0004.jpg 537 320 601 321 680 320 748 310 584 470 697 471 573 320 710 313
day01/0005.jpg 583 265 649 265 725 264 784 260 630 405 740 408 626 267 755 263
day04/0051.jpg 553 418 616 424 696 419 768 408 608 583 711 584 578 419 726 412
day02/0257.jpg 583 233 649 239 727 242 796 232 625 388 730 396 623 234 765 239
day07/0160.jpg 596 274 664 284 747 285 811 271 646 436 752 438 638 280 784 275
day07/0162.jpg 588 281 656 287 732 283 797 272 643 437 747 433 630 282 772 276
day07/0174.jpg 620 298 688 303 765 303 830 294 673 453 783 452 656 300 798 299
day07/0080.jpg 569 411 640 414 728 419 799 408 623 590 737 592 601 416 758 413
day04/0078.jpg 588 369 652 371 729 368 795 356 640 525 745 523 613 367 760 360
day07/0031.jpg 521 304 596 305 684 301 759 292 584 476 699 475 564 303 728 296
day01/0087.jpg 676 379 728 388 792 389 849 384 712 512 796 513 704 380 821 385
day07/0102.jpg 528 388 598 392 680 385 747 370 589 552 705 546 565 388 716 375
day02/0222.jpg 547 308 619 315 708 317 777 308 603 479 712 486 587 310 744 311
day01/0078.jpg 620 336 685 342 760 336 825 328 678 485 771 485 656 342 791 335
day02/0028.jpg 560 389 617 390 692 391 753 384 605 523 708 527 593 390 722 388
day07/0016.jpg 556 328 618 330 702 330 768 321 609 486 712 492 588 332 735 327
day02/0008.jpg 521 333 588 332 662 329 736 318 572 478 689 480 559 332 700 325
day01/0072.jpg 617 329 678 334 752 331 817 318 676 478 764 480 649 331 786 321
day01/0094.jpg 676 391 727 398 795 402 850 396 704 519 796 523 700 395 818 400
day06/0134.jpg 583 438 644 443 716 443 782 436 630 584 725 585 617 442 747 440
day05/0072.jpg 559 417 631 420 712 415 784 404 622 585 735 577 594 420 745 411
day04/0090.jpg 526 343 585 348 654 343 721 333 576 487 664 492 560 346 686 336
day06/0239.jpg 630 316 693 324 779 324 852 316 675 477 784 484 660 320 813 320
day07/0117.jpg 562 420 617 422 687 416 746 402 611 557 709 551 589 423 717 408
day07/0064.jpg 532 387 601 390 684 388 756 380 584 557 701 560 564 388 714 383
day02/0143.jpg 500 418 571 420 655 418 728 409 554 588 669 588 537 416 688 412
day05/0074.jpg 564 419 634 422 716 417 786 404 625 585 732 584 609 417 760 408
day05/0145.jpg 540 347 611 352 688 354 753 343 592 508 692 508 578 346 722 348
day02/0277.jpg 524 332 600 336 685 340 762 327 579 494 701 500 555 331 716 330
day07/0108.jpg 585 400 645 404 711 404 775 395 632 544 728 544 618 401 748 397
day04/0022.jpg 580 287 651 292 726 288 796 274 640 448 744 448 623 289 768 282
day05/0086.jpg 558 380 621 384 694 377 757 368 610 524 708 524 580 382 724 376
day01/0083.jpg 671 376 725 382 794 386 845 383 715 504 794 508 700 378 819 384
day05/0037.jpg 561 208 611 213 675 208 724 196 606 328 687 325 590 214 701 204
day06/0117.jpg 543 368 607 372 681 370 744 362 591 518 696 515 570 370 708 367
day07/0146.jpg 590 281 655 286 734 284 800 276 632 432 742 434 625 280 770 280
day02/0115.jpg 540 345 588 350 648 347 695 344 573 452 648 458 566 345 672 347
day05/0172.jpg 564 395 627 396 708 392 772 375 626 544 721 542 601 393 743 380
day02/0141.jpg 516 402 586 405 669 404 739 392 572 574 680 572 552 403 704 396
day06/0132.jpg 569 431 633 435 709 431 768 424 619 576 717 579 603 432 739 428
day02/0195.jpg 524 312 586 312 660 305 725 293 587 459 680 452 552 309 692 298
day06/0168.jpg 570 312 632 316 705 316 770 307 620 453 713 455 608 315 737 314
day06/0201.jpg 588 232 655 236 730 232 797 220 640 382 752 377 628 232 764 224
day06/0144.jpg 573 435 642 437 719 434 784 422 630 592 742 589 608 440 753 428
day01/0207.jpg 564 261 628 268 700 274 754 274 607 406 696 413 602 264 730 273
day02/0236.jpg 588 326 662 336 747 340 818 332 635 504 739 512 624 328 784 337
day07/0039.jpg 516 299 590 300 681 300 755 288 590 475 700 471 554 301 716 292
day06/0135.jpg 589 438 650 443 722 444 782 440 632 587 732 588 619 443 755 441
day06/0059.jpg 508 353 572 366 642 365 708 357 556 512 648 512 540 358 679 360
day02/0034.jpg 559 385 618 392 688 391 752 382 608 527 700 531 588 386 720 384
day06/0121.jpg 614 456 673 460 745 460 807 456 661 596 760 603 643 459 772 459
day02/0192.jpg 524 303 584 309 664 304 724 288 580 459 677 454 552 305 688 293
day04/0021.jpg 581 286 648 289 726 286 796 275 644 451 733 456 611 286 754 276
day06/0033.jpg 536 372 610 374 700 368 770 356 606 549 720 544 578 370 736 359
day07/0066.jpg 527 388 594 392 672 392 748 378 577 557 693 562 566 392 719 384
day05/0139.jpg 574 320 630 326 700 328 757 317 618 457 706 464 601 322 729 320
day02/0266.jpg 545 338 617 347 700 345 770 340 594 504 710 508 582 342 740 344
day05/0157.jpg 543 353 620 364 692 365 759 362 596 517 695 523 584 359 732 364
day05/0070.jpg 562 418 637 421 715 416 787 407 624 579 733 579 594 421 745 414
day04/0072.jpg 585 370 651 373 730 368 791 360 641 523 744 522 613 371 755 362
day05/0175.jpg 563 398 629 401 705 395 771 383 625 544 722 541 600 400 743 387
day06/0152.jpg 586 448 653 454 731 446 799 439 644 611 750 608 617 451 764 441
day06/0034.jpg 537 377 613 378 695 375 766 359 603 547 717 543 575 379 730 366
day06/0003.jpg 548 367 617 371 700 369 768 358 598 529 720 529 578 370 728 362
day06/0237.jpg 620 311 687 320 771 322 840 314 670 478 776 481 658 315 811 317
day06/0022.jpg 538 367 612 370 694 365 770 354 598 535 720 527 580 370 730 361
day06/0196.jpg 592 324 650 330 727 334 787 329 629 465 725 471 628 326 758 331
day04/0054.jpg 577 384 639 389 712 387 780 385 620 539 728 541 610 389 750 385
day01/0070.jpg 614 334 677 332 754 325 815 316 670 476 770 476 660 332 788 319
day06/0052.jpg 504 363 567 375 640 374 705 366 554 524 651 524 536 361 670 366
day05/0178.jpg 565 393 631 402 705 395 773 377 630 549 729 542 591 394 734 382
day05/0106.jpg 524 325 580 327 641 326 700 317 572 451 654 447 558 326 675 322
day06/0107.jpg 525 341 593 350 666 349 733 338 575 494 679 495 566 345 701 343
day04/0100.jpg 537 339 588 340 666 337 723 327 592 479 675 483 566 338 694 332
day05/0080.jpg 566 427 637 431 723 425 793 416 630 592 740 590 609 427 762 421
day02/0148.jpg 504 431 577 441 661 439 728 430 554 605 670 606 551 434 701 432
day02/0262.jpg 537 341 614 346 699 345 771 337 589 501 713 504 587 342 739 338
day06/0089.jpg 518 366 578 366 650 366 710 359 567 499 673 496 550 366 678 363
day06/0225.jpg 612 323 683 329 759 329 833 315 667 480 776 483 643 330 793 321
day07/0103.jpg 575 390 630 395 695 394 759 383 611 533 711 532 604 394 726 386
day06/0235.jpg 620 316 690 328 770 327 840 317 666 481 786 486 658 320 800 321
day06/0064.jpg 541 371 598 374 675 372 724 368 583 512 682 511 569 371 693 370
day05/0067.jpg 564 413 629 417 714 412 782 400 622 576 732 576 595 415 740 407
day06/0013.jpg 546 382 612 385 704 383 775 372 605 546 720 547 588 384 742 376
day02/0018.jpg 529 342 589 341 673 341 750 331 589 489 701 491 570 342 709 337
day05/0077.jpg 557 425 625 429 712 421 786 412 619 594 739 585 596 427 752 417
day04/0091.jpg 524 350 582 353 657 349 711 341 577 491 667 492 553 353 679 346
day06/0007.jpg 551 379 615 381 704 377 774 371 605 541 728 536 583 383 740 376
day06/0010.jpg 554 378 616 382 701 381 774 370 604 539 720 545 588 377 737 375
day06/0027.jpg 537 371 613 371 694 366 769 358 600 539 716 535 583 375 737 363
day05/0089.jpg 565 383 633 387 701 383 768 376 620 529 717 531 604 384 742 379
day02/0261.jpg 540 333 614 341 694 341 774 332 596 507 706 509 586 335 741 333
day06/0087.jpg 515 358 570 359 645 354 702 349 559 491 673 483 546 362 669 350
day05/0061.jpg 533 413 595 414 678 408 745 398 589 573 695 570 565 413 709 404
day06/0029.jpg 537 374 609 372 694 368 762 357 601 541 718 535 565 379 723 362
day04/0056.jpg 576 384 643 388 713 393 785 384 621 544 728 547 611 389 754 386
day06/0119.jpg 544 358 606 367 686 366 752 358 583 513 696 519 575 362 712 359
day06/0198.jpg 589 317 648 325 717 328 787 321 629 462 725 467 618 318 750 323
day02/0040.jpg 566 400 626 408 691 408 762 398 608 537 710 542 594 405 723 404
day01/0086.jpg 671 375 730 385 794 387 845 385 705 508 798 512 695 379 814 387
day05/0084.jpg 561 375 623 375 695 375 759 367 608 517 714 521 599 371 729 368
day02/0038.jpg 566 397 623 404 700 403 759 393 604 539 704 545 598 396 728 397
day05/0137.jpg 573 322 631 331 700 329 759 319 619 458 707 464 605 326 728 326
day04/0085.jpg 535 325 588 329 661 328 721 320 581 462 670 467 558 329 684 324
day06/0104.jpg 523 339 583 345 658 341 725 334 571 495 672 488 557 338 686 332
day06/0020.jpg 545 371 615 375 703 375 773 366 609 539 710 544 586 372 736 367
day01/0069.jpg 618 333 676 333 750 329 812 320 667 477 762 474 652 334 787 323
day04/0115.jpg 615 405 672 409 736 408 796 395 668 546 754 545 645 408 766 400
day02/0271.jpg 532 341 604 345 691 346 770 339 587 506 706 513 575 345 727 345
day06/0190.jpg 580 319 642 325 708 325 775 322 620 457 719 465 607 322 749 323
day04/0053.jpg 576 379 640 383 714 381 777 377 620 533 722 538 604 381 743 380
day06/0166.jpg 566 313 629 315 703 318 763 308 615 451 716 451 603 315 733 312
day06/0116.jpg 540 365 602 369 681 368 747 361 591 514 697 517 570 369 712 366
day07/0015.jpg 549 331 612 333 695 329 766 322 602 489 708 488 583 332 730 326
day05/0124.jpg 567 317 620 324 690 320 750 312 613 454 700 452 591 320 714 313
day06/0071.jpg 548 388 597 388 666 383 720 370 602 519 688 516 577 388 693 375
day05/0136.jpg 574 324 624 331 697 331 754 317 620 461 710 462 604 325 727 321
day07/0114.jpg 609 345 662 345 731 350 789 344 646 472 741 477 638 347 759 343
day06/0025.jpg 538 366 613 368 695 362 765 353 605 533 714 528 578 366 726 358
day05/0126.jpg 571 321 627 325 692 325 752 316 618 456 705 456 599 325 721 320
day04/0079.jpg 591 369 652 373 730 368 794 359 650 526 747 525 625 368 764 362
day06/0024.jpg 544 363 617 370 700 362 767 352 609 530 720 525 578 366 727 358
day06/0165.jpg 567 309 628 313 700 312 762 304 615 448 708 450 597 312 731 310
day05/0079.jpg 566 427 637 431 723 424 790 410 629 595 739 589 606 427 762 415
day04/0046.jpg 550 427 614 432 700 427 764 418 608 587 712 588 585 429 735 423
day06/0026.jpg 533 367 612 372 695 363 766 354 608 537 718 530 568 373 727 362
day05/0170.jpg 568 395 630 395 711 389 772 378 626 545 730 540 601 398 742 383
day06/0050.jpg 510 365 573 375 648 376 716 367 550 526 654 529 551 369 687 370
day05/0118.jpg 533 324 587 328 654 329 705 320 575 451 666 456 566 325 678 323
day04/0047.jpg 554 422 616 428 695 429 767 415 605 586 716 587 589 422 736 419
day07/0017.jpg 551 331 620 333 700 331 767 323 606 491 707 492 593 329 736 325
day06/0162.jpg 574 304 633 308 700 306 768 296 618 446 714 447 603 306 733 301
day06/0112.jpg 535 358 597 364 670 360 740 353 580 509 689 504 570 359 712 358
day04/0083.jpg 542 367 599 368 668 366 727 354 585 504 673 508 573 366 700 360
day04/0103.jpg 606 394 661 392 731 391 782 379 653 524 745 525 631 390 756 383
day05/0092.jpg 568 388 636 396 708 395 771 383 625 540 726 536 606 393 744 387
day02/0022.jpg 564 372 623 375 695 375 754 372 608 508 710 510 596 375 726 371
day06/0049.jpg 508 362 572 374 648 376 711 370 554 525 651 529 536 366 675 373
day07/0073.jpg 571 403 647 409 729 408 795 396 629 581 744 583 602 405 759 402
day02/0036.jpg 562 392 620 398 690 396 758 387 608 533 704 537 597 393 726 390
day03/0101.jpg 544 410 607 406 683 400 754 392 597 561 713 544 572 408 718 395
day06/0061.jpg 539 370 599 370 670 369 731 360 593 512 691 508 570 369 701 363
day04/0102.jpg 622 403 679 411 750 406 802 402 669 537 759 539 649 408 774 406
day05/0088.jpg 564 382 629 387 705 383 768 375 622 529 720 528 601 387 738 380
day06/0224.jpg 615 324 678 329 764 325 828 316 667 477 779 480 654 325 801 323
day05/0120.jpg 537 328 591 333 651 329 708 320 575 455 670 454 568 329 683 324
day04/0045.jpg 546 420 615 429 691 425 760 414 602 585 705 585 584 425 727 420
day06/0014.jpg 555 380 619 388 712 381 776 372 605 542 728 543 592 382 749 377
day05/0167.jpg 577 387 635 389 713 383 785 373 633 532 734 532 602 390 747 379
day05/0111.jpg 524 324 579 326 644 324 701 317 576 450 656 449 549 325 675 318
day07/0002.jpg 568 316 640 320 717 317 787 308 622 474 733 476 612 315 754 312
day06/0123.jpg 587 444 644 449 718 446 780 438 636 592 735 589 618 444 751 440
day05/0161.jpg 557 375 616 378 691 371 756 360 616 524 711 520 581 375 722 368
day01/0088.jpg 664 385 727 393 792 394 844 390 708 515 796 518 698 390 818 396
day02/0027.jpg 563 383 624 390 695 388 758 384 605 520 716 526 601 386 733 386
day04/0092.jpg 517 349 579 356 651 350 713 338 572 491 665 499 551 353 681 344
day07/0069.jpg 534 404 602 404 690 397 758 388 591 566 708 566 569 402 723 391
day05/0121.jpg 556 308 617 313 684 311 744 303 609 447 697 447 586 312 711 307
day05/0103.jpg 527 323 582 326 646 325 701 316 572 448 662 447 552 324 669 320
day07/0107.jpg 575 396 638 405 708 406 770 392 616 540 728 540 616 398 748 398
day05/0087.jpg 560 380 625 384 700 380 761 373 608 531 719 525 592 381 726 376
day05/0158.jpg 546 359 612 369 696 374 764 365 596 523 699 526 580 368 727 372
day07/0010.jpg 546 312 612 318 694 316 760 314 601 469 705 476 583 320 730 319
day04/0064.jpg 584 364 656 372 732 367 800 359 642 516 753 519 623 371 763 365
day02/0182.jpg 529 291 596 291 672 284 734 276 588 437 693 438 559 292 700 281
day02/0268.jpg 527 338 603 350 685 347 768 343 576 498 716 503 565 345 720 345
day06/0233.jpg 609 324 680 330 763 327 830 319 660 480 776 485 649 325 801 324
day06/0041.jpg 507 352 579 364 655 365 718 356 559 512 669 516 553 356 690 359
day01/0061.jpg 611 314 677 310 746 302 814 292 665 448 768 444 646 309 781 295
day06/0017.jpg 547 373 623 383 705 380 775 367 610 540 726 536 590 376 739 366
day02/0015.jpg 524 342 595 345 670 336 742 328 585 488 693 490 559 344 705 336
day06/0023.jpg 539 366 613 373 694 368 765 354 600 534 720 531 581 367 737 356
day07/0161.jpg 589 284 653 285 730 287 796 274 643 436 748 434 628 286 767 279
day07/0159.jpg 593 280 662 288 744 282 810 271 645 436 760 436 628 284 780 278
day07/0173.jpg 617 300 683 306 767 303 831 293 670 451 780 451 655 306 800 300
day05/0152.jpg 542 348 611 355 689 359 757 348 591 510 703 514 574 351 719 354
day05/0119.jpg 530 328 590 334 648 332 706 324 577 456 664 459 557 331 677 328
day05/0066.jpg 560 415 625 420 706 416 779 405 617 582 732 575 592 421 741 409
day01/0018.jpg 554 276 618 274 689 271 764 262 607 416 718 414 588 279 720 267
day07/0079.jpg 560 412 640 420 725 416 792 407 618 590 746 592 603 413 764 412
day02/0263.jpg 540 342 611 348 696 347 776 341 584 496 715 504 570 345 729 344
day02/0276.jpg 523 332 603 339 680 336 760 330 576 491 705 500 566 333 720 331
day02/0037.jpg 561 399 621 402 691 402 756 391 606 536 708 540 597 399 730 398
day02/0186.jpg 524 304 590 304 671 299 732 287 580 450 688 447 567 305 704 296
day06/0016.jpg 552 383 619 388 702 386 774 374 601 547 725 547 596 387 747 381
day07/0163.jpg 595 287 660 292 735 291 806 276 645 441 754 440 632 289 774 282
day04/0113.jpg 625 406 680 413 747 408 802 396 672 541 767 543 649 410 772 400
day07/0109.jpg 590 403 657 404 720 404 783 396 643 544 741 545 628 404 753 399
day06/0124.jpg 596 449 656 459 731 457 789 450 640 600 741 601 630 451 762 453
day05/0146.jpg 544 348 608 360 690 359 756 352 591 508 699 512 580 356 727 353
day07/0167.jpg 625 296 688 296 764 296 828 285 664 444 782 440 649 296 795 291
day06/0140.jpg 586 446 648 455 720 456 783 451 636 598 730 595 615 453 744 452
day06/0157.jpg 583 448 648 456 732 452 799 440 639 619 752 614 613 452 755 448
day02/0016.jpg 527 343 590 341 668 337 748 328 578 493 688 489 560 343 701 336
day06/0141.jpg 569 430 634 432 720 427 784 420 622 590 736 587 600 430 748 423
day06/0154.jpg 587 453 652 456 732 453 800 444 645 615 756 613 622 454 774 448
day05/0129.jpg 568 327 624 332 695 328 755 324 610 461 708 464 604 330 728 327
day04/0063.jpg 587 361 656 367 732 362 795 348 642 516 748 515 628 361 766 355
day02/0210.jpg 584 289 655 296 728 292 795 282 641 435 743 438 615 292 755 288
day04/0068.jpg 580 364 645 368 724 365 791 356 639 516 743 514 614 368 758 364
day05/0163.jpg 572 380 639 384 717 377 777 368 632 533 740 528 608 384 746 376
day07/0129.jpg 578 267 644 271 724 273 796 264 623 424 744 427 617 268 759 264
day06/0100.jpg 532 383 593 384 664 384 724 374 576 519 679 516 560 384 692 379
day04/0084.jpg 552 355 609 362 677 362 736 352 596 496 687 497 581 358 709 356
day01/0217.jpg 529 276 595 284 666 288 730 284 568 419 672 429 559 280 696 286
day05/0085.jpg 560 379 620 380 699 376 758 369 605 524 717 522 589 379 731 372
day03/0052.jpg 548 303 620 306 698 306 763 297 602 459 713 457 588 302 736 304
day02/0274.jpg 523 326 600 329 682 327 765 322 570 484 709 487 571 325 721 320
day02/0326.jpg 560 259 624 262 703 263 764 256 615 402 715 403 596 262 733 260
day03/0043.jpg 548 280 608 284 687 286 756 276 594 436 707 434 572 280 717 276
day04/0032.jpg 594 295 656 300 743 300 805 293 647 460 749 457 624 299 770 295
day06/0137.jpg 584 441 648 450 720 446 779 440 628 592 733 595 620 444 749 443
day02/0146.jpg 497 435 572 440 656 436 728 430 548 604 669 608 540 440 692 434
day06/0199.jpg 588 318 646 325 719 328 785 324 620 464 728 470 624 321 754 325
day06/0222.jpg 607 326 676 328 757 325 824 314 663 480 777 479 644 328 792 320
day04/0067.jpg 584 362 647 365 728 360 789 353 630 516 740 515 616 366 753 358
day06/0072.jpg 540 388 600 392 661 385 718 370 588 525 681 519 574 388 697 377
day04/0040.jpg 589 293 656 298 735 300 810 288 641 455 751 456 628 296 776 293
day02/0029.jpg 561 395 619 399 690 396 755 391 605 529 709 532 592 397 716 396
day06/0184.jpg 580 317 636 323 713 327 775 317 615 457 725 460 620 318 749 322
day07/0166.jpg 620 282 686 288 761 286 829 278 670 436 782 435 652 284 792 282
day05/0154.jpg 542 348 611 356 696 360 761 350 591 513 704 516 586 353 731 356
day04/0036.jpg 589 294 660 304 741 303 808 293 642 458 752 460 624 299 769 298
day02/0337.jpg 584 250 645 255 720 258 785 248 629 396 728 404 617 250 755 253
day05/0151.jpg 538 344 607 356 686 359 757 349 585 512 700 511 580 351 724 353
day02/0265.jpg 540 343 619 352 700 348 772 340 592 504 712 513 575 342 732 343
day02/0243.jpg 580 241 652 248 728 248 797 245 625 384 747 392 622 247 762 248
day02/0145.jpg 495 428 571 432 654 428 728 420 553 597 666 601 541 428 696 424
day03/0010.jpg 564 287 635 292 726 290 797 278 631 455 739 458 605 288 760 281
day04/0070.jpg 580 367 652 374 729 370 795 357 643 526 748 523 620 372 758 366
day02/0185.jpg 525 306 588 303 665 299 726 288 582 448 684 448 558 304 699 297
day03/0005.jpg 567 284 639 289 725 288 798 276 632 452 744 451 598 290 755 283
day01/0238.jpg 540 329 595 332 662 335 728 332 577 459 679 456 573 328 703 332
day02/0021.jpg 557 348 621 350 684 351 750 348 593 478 709 483 592 348 716 348
day06/0229.jpg 616 327 688 331 765 331 835 320 670 488 786 487 649 328 803 325
day06/0058.jpg 502 359 567 364 644 368 704 360 548 512 650 512 541 362 681 363
day01/0004.jpg 573 272 640 272 712 266 776 262 625 411 735 401 615 270 741 266
day02/0005.jpg 524 331 598 330 673 326 747 318 584 482 697 475 559 329 705 323
day05/0062.jpg 528 411 592 412 674 408 741 399 582 571 698 568 559 413 706 403
day07/0138.jpg 598 280 668 289 749 291 816 284 644 437 758 441 636 282 780 287
day01/0066.jpg 616 324 675 327 751 320 817 308 668 468 761 469 647 326 785 314
day04/0052.jpg 569 376 633 382 711 380 780 378 616 528 717 530 610 380 752 379
day07/0170.jpg 621 295 683 301 764 300 836 288 669 449 777 447 651 300 791 297
day04/0117.jpg 619 412 672 414 738 408 797 398 670 548 758 544 643 413 768 404
day06/0126.jpg 564 453 623 454 700 455 760 445 612 600 716 597 592 454 728 448
day06/0042.jpg 508 360 576 366 649 368 713 359 559 516 662 521 541 363 676 363
day04/0093.jpg 520 349 579 349 652 348 712 336 576 495 668 492 554 347 680 338
day07/0142.jpg 577 276 643 280 720 278 792 270 637 429 734 428 613 278 761 271
day06/0055.jpg 504 371 570 378 644 381 706 372 547 522 654 524 535 373 675 376
day02/0267.jpg 537 335 617 344 700 344 776 337 589 498 724 504 580 337 734 341
day06/0068.jpg 540 385 599 384 664 375 723 367 589 514 684 508 570 384 695 372
day06/0220.jpg 608 257 675 260 750 260 816 247 662 406 770 401 641 256 776 250
day05/0071.jpg 569 423 636 424 716 418 786 408 628 587 736 578 602 424 748 416
day04/0089.jpg 521 342 581 345 653 341 714 332 576 488 664 489 552 342 683 334
day01/0071.jpg 619 332 676 334 752 331 815 320 672 480 768 480 653 334 791 321
day07/0030.jpg 518 303 592 305 682 304 755 291 578 476 708 471 555 306 719 296
day02/0203.jpg 582 277 644 275 721 273 790 262 634 423 741 422 612 273 759 268
day02/0248.jpg 581 251 646 252 723 256 791 248 623 394 740 400 612 251 756 250
day02/0106.jpg 537 324 580 327 639 327 687 324 566 436 645 432 555 324 659 324
day05/0117.jpg 530 326 581 328 648 328 704 318 576 452 660 457 555 326 673 322
day03/0007.jpg 568 286 641 292 728 288 799 279 636 456 739 455 601 290 757 285
day05/0081.jpg 554 364 617 364 690 359 754 351 605 509 712 504 588 363 720 353
day04/0071.jpg 584 367 652 372 726 367 788 356 639 524 741 519 611 368 753 361
day02/0201.jpg 588 266 645 269 719 268 789 261 634 411 739 412 614 270 754 264
day01/0090.jpg 672 386 727 394 790 396 841 388 708 515 789 520 700 388 816 391
day06/0205.jpg 592 240 656 244 733 240 799 228 644 391 752 385 632 244 769 234
day01/0204.jpg 567 261 629 268 703 271 757 269 608 401 703 410 600 260 727 268
day05/0040.jpg 556 208 616 212 675 210 728 196 605 325 690 324 584 210 696 200
day05/0177.jpg 562 397 628 399 703 391 768 377 626 545 728 539 596 394 735 380
day05/0109.jpg 525 323 583 325 644 323 699 314 571 447 660 446 558 323 672 316
day02/0013.jpg 529 332 592 336 667 333 738 320 576 486 689 488 560 331 700 323
day02/0286.jpg 536 237 605 245 683 240 756 232 584 389 706 389 570 243 712 239
day06/0171.jpg 565 311 630 317 702 318 765 309 616 452 716 453 594 314 728 312
day01/0214.jpg 544 268 612 276 680 281 744 279 583 414 687 421 582 273 714 279
day06/0150.jpg 586 447 652 450 730 445 800 432 645 607 749 600 628 444 767 438
day04/0094.jpg 523 352 582 355 650 350 709 337 575 494 662 497 551 352 684 344
day03/0045.jpg 547 285 610 288 690 286 754 280 603 436 706 435 575 285 714 282
day07/0178.jpg 626 307 692 311 766 308 837 298 679 457 785 456 662 308 813 305
day07/0111.jpg 600 410 660 412 730 407 789 397 649 549 744 552 628 409 758 400
day06/0031.jpg 536 376 615 378 698 371 768 360 609 546 724 540 582 380 741 369
day05/0155.jpg 550 349 620 360 692 360 761 352 594 511 693 516 577 352 726 353
day05/0176.jpg 562 399 632 404 708 396 774 382 628 548 732 541 600 400 742 389
day01/0222.jpg 552 315 608 320 673 317 731 312 595 448 691 450 577 316 700 312
day05/0104.jpg 529 323 584 323 647 323 701 312 565 444 660 444 558 323 672 313
day06/0098.jpg 533 381 589 381 662 380 720 374 578 516 688 512 565 380 696 377
day06/0114.jpg 536 362 601 366 676 366 743 359 585 509 693 511 573 364 712 363
day06/0032.jpg 535 376 612 379 693 372 769 357 604 545 722 541 572 378 729 367
day05/0123.jpg 558 316 621 320 688 320 746 305 608 446 704 448 598 317 720 310
day07/0067.jpg 522 385 590 385 669 386 741 377 568 552 688 552 562 383 710 382
day05/0125.jpg 568 320 626 324 690 324 753 310 613 453 701 456 600 320 728 313
day04/0010.jpg 517 281 577 281 656 279 722 257 583 438 680 434 556 281 695 265
day01/0076.jpg 618 336 679 337 755 335 820 325 676 485 770 480 653 337 788 328
day01/0085.jpg 671 377 732 387 794 386 848 381 709 508 796 509 703 380 824 383
day01/0202.jpg 572 254 640 257 708 265 766 263 612 392 708 399 612 252 736 260
day05/0090.jpg 565 388 628 389 704 388 766 377 620 536 719 531 592 391 732 385
day01/0073.jpg 615 336 680 336 752 333 818 323 672 480 769 480 652 334 792 325
day06/0080.jpg 532 404 591 399 659 389 711 376 589 531 680 520 564 399 684 383
day06/0005.jpg 553 371 620 377 700 376 771 369 605 538 720 536 590 375 736 372
day07/0075.jpg 574 414 647 420 726 417 804 408 620 585 745 589 613 418 770 414
day06/0118.jpg 540 359 607 368 682 367 752 358 588 515 692 520 568 360 706 364
day02/0334.jpg 588 252 647 260 719 261 781 251 632 400 732 402 615 255 744 256
day07/0171.jpg 619 293 685 298 764 296 829 286 673 448 781 443 648 297 795 289
day04/0107.jpg 613 404 668 405 736 403 796 390 658 536 752 535 638 404 762 393
day05/0115.jpg 524 327 583 329 644 329 704 317 572 452 659 453 556 327 676 323
day05/0138.jpg 568 327 633 332 697 330 759 324 616 460 707 463 604 328 727 328
day01/0237.jpg 536 327 596 331 664 333 724 328 578 460 676 465 572 328 696 329
day06/0170.jpg 568 311 634 316 705 316 767 308 612 449 712 455 606 312 743 309
day07/0176.jpg 620 300 685 305 762 305 832 295 668 450 780 450 648 301 796 295
day04/0060.jpg 564 398 629 399 706 400 782 393 613 552 716 558 599 398 742 399
day06/0066.jpg 541 385 597 381 661 376 716 362 591 508 683 506 569 382 689 368
day06/0247.jpg 589 296 664 302 749 297 822 285 650 463 773 464 627 300 787 295
day02/0199.jpg 527 312 588 313 664 308 732 294 584 459 688 455 556 312 690 301
day03/0054.jpg 544 298 618 304 690 305 763 290 601 458 708 456 574 300 720 297
day06/0234.jpg 617 317 688 325 767 324 838 315 672 480 787 477 647 320 797 320
day06/0209.jpg 594 243 662 247 738 246 808 236 647 394 761 390 633 244 773 239
day02/0184.jpg 533 292 596 294 668 288 739 279 588 444 691 440 568 290 705 281
day06/0179.jpg 576 312 634 316 705 316 772 307 620 452 716 453 607 309 739 307
day06/0130.jpg 585 460 643 464 716 464 782 456 631 608 723 608 617 461 749 462
day02/0270.jpg 540 340 610 340 695 344 776 336 592 506 713 512 576 342 732 341
day06/0259.jpg 607 299 682 305 765 303 844 289 664 471 783 471 645 299 806 295
day05/0099.jpg 566 401 634 407 704 404 772 390 624 552 727 548 605 402 748 394
day05/0110.jpg 523 321 580 326 643 323 701 316 568 444 658 447 558 323 672 320
day05/0096.jpg 562 399 626 401 700 398 765 387 615 544 719 543 592 400 726 393
day06/0147.jpg 581 443 649 445 727 442 791 433 640 601 748 597 609 441 756 435
day01/0093.jpg 674 387 727 394 795 395 849 394 708 518 789 524 702 388 824 394
day07/0141.jpg 575 274 647 277 721 277 792 261 631 425 742 426 613 277 756 270
day07/0061.jpg 528 392 599 398 684 390 756 379 584 568 705 564 566 391 721 381
day07/0065.jpg 513 406 584 404 662 398 737 388 571 568 687 564 552 404 705 396
day06/0176.jpg 571 311 634 318 704 316 768 306 620 453 720 452 605 309 734 308
day07/0104.jpg 576 391 637 400 704 398 766 386 620 533 721 537 609 396 732 392
day03/0041.jpg 534 269 601 272 676 271 740 260 591 424 696 421 571 269 712 262
day05/0130.jpg 568 324 629 330 696 330 756 319 620 460 704 462 599 327 728 322
day06/0133.jpg 576 437 635 440 706 442 766 434 620 583 716 581 604 439 736 437
day02/0279.jpg 522 340 601 346 688 345 766 340 578 497 707 504 563 345 725 344
day04/0082.jpg 553 361 609 366 674 364 738 355 592 496 683 506 580 366 706 361
day01/0099.jpg 618 384 676 376 736 364 789 349 684 496 763 486 652 379 764 358
day04/0114.jpg 616 408 675 411 740 404 799 396 665 544 758 540 647 411 768 400
day06/0173.jpg 570 313 631 315 704 314 771 306 617 451 719 452 599 312 732 310
day07/0027.jpg 520 303 603 307 685 301 763 296 586 475 709 470 568 306 727 300
day06/0086.jpg 533 354 594 357 664 361 730 358 569 492 680 496 564 352 694 357
day04/0049.jpg 547 428 616 435 692 428 761 420 608 588 710 588 587 429 732 424
day01/0100.jpg 620 382 678 379 737 364 789 352 687 502 769 487 648 382 765 360
day05/0063.jpg 544 414 613 417 692 409 761 402 600 569 708 568 582 415 732 406
day06/0103.jpg 536 344 592 348 672 344 736 337 580 494 688 489 568 347 701 342
day06/0120.jpg 544 361 608 368 682 369 751 361 592 518 701 515 582 363 724 362
day02/0014.jpg 525 333 589 336 664 332 734 321 576 489 686 489 553 335 693 326
day06/0183.jpg 581 312 644 317 713 320 775 314 622 453 725 457 611 316 742 316
day06/0077.jpg 533 393 592 393 657 388 716 372 594 526 686 519 560 392 680 378
day01/0096.jpg 676 388 732 396 797 400 848 397 708 519 797 526 701 394 817 398
day06/0249.jpg 592 294 670 300 752 300 829 285 655 468 772 465 636 297 792 288
day02/0198.jpg 526 315 592 315 665 307 732 296 586 459 688 454 555 315 696 302
day07/0019.jpg 548 332 615 337 699 334 764 327 604 488 706 491 580 334 728 330
day05/0179.jpg 563 395 625 396 708 389 769 376 632 546 727 539 596 393 738 379
day06/0075.jpg 534 392 592 392 658 385 716 370 589 523 686 517 561 391 684 378
day05/0101.jpg 539 318 595 320 656 319 711 312 584 441 670 443 563 318 682 314
day06/0195.jpg 585 323 646 328 721 331 783 327 621 463 732 472 612 324 749 332
day07/0023.jpg 513 296 590 298 676 294 749 279 585 470 696 467 548 296 705 284
day04/0075.jpg 584 372 651 375 728 370 794 361 643 524 750 524 617 374 764 368
day06/0088.jpg 517 368 580 365 646 364 707 356 562 498 672 492 556 367 680 361
day01/0205.jpg 568 268 628 273 698 276 754 275 609 405 700 415 597 268 722 276
day04/0095.jpg 520 332 584 339 654 332 716 321 572 477 665 480 556 332 684 326
day06/0101.jpg 663 414 718 420 776 418 829 416 701 538 792 540 695 416 804 416
day05/0107.jpg 519 326 581 329 644 326 700 318 568 451 656 449 552 327 677 324
day02/0006.jpg 509 331 578 328 656 325 724 317 565 480 685 475 544 333 687 322
day05/0076.jpg 565 420 633 425 714 421 786 406 623 590 737 586 604 420 756 413
day07/0007.jpg 528 316 594 314 672 310 738 300 581 468 698 468 556 315 703 305
day06/0214.jpg 600 248 663 253 743 252 809 239 649 399 763 396 635 249 779 243
day02/0327.jpg 584 232 648 236 717 236 779 232 625 375 728 380 624 236 747 232
day07/0172.jpg 621 295 691 302 765 302 833 291 674 448 778 446 659 301 802 297
day04/0007.jpg 522 277 587 280 663 273 732 255 584 432 687 428 549 274 692 264
day04/0073.jpg 581 370 655 376 728 372 796 360 645 529 748 523 618 375 766 366
day05/0148.jpg 541 345 611 353 688 355 756 348 592 505 702 506 573 346 717 350
day02/0019.jpg 518 346 596 344 670 340 747 332 574 484 701 487 555 344 697 338
day04/0087.jpg 532 332 592 340 659 340 724 331 579 479 672 481 564 337 688 332
day06/0236.jpg 621 321 689 327 776 325 841 320 672 477 788 483 656 324 802 320
day05/0013.jpg 541 204 601 203 668 200 729 192 600 337 687 336 575 203 699 193
day02/0209.jpg 594 285 654 291 732 288 796 277 640 433 744 435 623 286 759 281
day06/0057.jpg 502 357 564 367 639 367 705 360 548 512 648 516 536 361 668 360
day05/0168.jpg 570 388 633 388 712 386 776 372 633 537 728 538 603 386 744 376
day07/0127.jpg 577 260 648 264 723 263 796 255 630 416 741 419 618 262 764 259
day02/0207.jpg 588 283 648 285 721 285 789 276 640 433 740 432 615 283 755 279
day06/0090.jpg 521 372 587 374 655 370 713 363 570 504 676 501 556 375 679 368
day05/0116.jpg 524 324 586 328 647 328 703 319 571 452 664 454 563 326 678 321
day04/0048.jpg 552 424 618 432 696 428 770 420 609 588 719 585 583 428 729 423
day07/0028.jpg 522 303 593 304 679 300 756 287 583 473 704 472 550 304 710 294
day06/0208.jpg 596 245 656 248 738 247 803 235 649 396 752 391 624 247 764 242
day04/0058.jpg 564 392 628 396 702 397 773 388 613 551 716 551 604 391 746 392
day06/0099.jpg 528 383 593 381 667 380 724 373 577 516 686 513 575 381 700 376
day07/0005.jpg 546 304 614 307 688 304 753 291 598 461 713 460 576 304 715 292
day06/0037.jpg 535 378 611 379 696 373 764 359 610 552 717 542 574 376 728 364
day02/0119.jpg 541 350 587 353 644 352 694 347 574 460 650 462 564 351 668 351
day02/0012.jpg 530 335 598 337 671 332 744 322 583 489 691 491 564 333 705 328
day02/0272.jpg 532 341 607 348 692 351 767 336 585 504 712 513 580 340 734 340
day04/0080.jpg 588 372 654 375 729 369 798 358 649 526 750 524 620 373 761 364
day07/0004.jpg 552 321 623 321 703 321 768 313 604 480 719 477 588 322 732 320
day06/0070.jpg 538 388 596 388 663 380 717 368 596 518 684 516 564 386 688 373
day05/0098.jpg 560 401 626 404 700 404 768 390 619 548 722 546 595 400 737 397
day06/0178.jpg 574 312 637 318 706 315 767 310 620 449 723 454 599 316 736 314
day03/0015.jpg 569 296 636 301 723 298 802 289 627 464 737 465 601 301 760 297
day07/0112.jpg 613 412 672 416 743 415 801 408 655 555 752 560 645 412 773 413
day03/0048.jpg 551 291 619 297 695 294 761 287 603 445 711 444 585 294 731 289
day07/0006.jpg 536 320 598 320 676 317 745 306 584 475 703 475 564 320 711 311
day02/0183.jpg 529 294 600 295 673 292 740 281 591 440 697 436 568 295 710 286
day05/0113.jpg 519 325 580 330 640 329 698 317 568 450 656 453 548 330 666 324
day01/0008.jpg 574 275 651 272 716 269 787 261 636 410 736 409 617 272 754 268
day02/0332.jpg 589 248 648 253 724 255 785 244 635 395 732 396 624 248 756 247
day06/0217.jpg 605 250 671 257 751 253 817 241 663 404 768 399 643 252 784 246
day06/0115.jpg 532 360 601 367 676 366 744 360 588 516 693 514 575 365 710 365
day06/0083.jpg 540 400 609 404 682 405 746 398 586 539 694 540 579 400 713 400
day07/0154.jpg 583 264 654 273 730 274 801 262 630 420 751 424 626 270 773 270
day04/0119.jpg 624 416 677 416 746 411 801 401 671 548 765 547 648 416 772 407
day06/0019.jpg 549 374 619 379 700 376 766 366 606 538 719 536 591 376 739 369
day07/0110.jpg 599 419 653 420 724 418 786 409 645 555 740 559 624 421 748 413
day06/0138.jpg 583 444 642 448 719 447 779 444 633 590 732 596 616 444 749 448
day06/0197.jpg 590 324 650 332 721 333 785 328 631 468 726 473 624 328 757 332
day04/0018.jpg 526 291 589 293 668 284 738 270 592 444 697 442 560 292 700 276
day06/0211.jpg 597 251 666 255 744 251 810 240 648 404 769 397 631 252 776 245
day06/0203.jpg 584 237 655 240 728 235 793 225 644 384 752 380 616 237 755 229
day02/0152.jpg 502 442 575 445 660 444 732 440 557 612 674 616 544 444 699 443
day01/0091.jpg 666 383 727 394 791 396 846 391 708 516 796 521 700 387 820 392
day07/0156.jpg 591 275 659 279 737 277 807 267 647 430 749 433 632 273 777 270
day02/0158.jpg 504 443 576 445 659 447 733 441 560 618 670 622 548 441 699 444
day06/0129.jpg 579 460 641 463 712 461 778 454 630 605 725 608 610 460 745 458
day02/0325.jpg 566 264 625 269 700 267 764 256 613 412 712 410 596 266 735 259
day06/0069.jpg 536 386 594 387 662 379 718 372 595 517 687 515 565 387 687 377
day02/0039.jpg 558 399 617 403 687 400 754 391 609 536 703 540 583 397 716 395
day02/0011.jpg 533 326 597 330 672 329 741 318 588 485 697 484 570 325 713 320
day02/0142.jpg 507 414 577 417 657 415 728 405 562 587 672 585 536 412 689 408
day05/0144.jpg 536 345 609 351 685 355 750 349 591 504 695 507 579 350 722 352
day02/0319.jpg 550 260 621 262 707 261 779 250 612 421 729 421 594 262 750 255
day04/0066.jpg 583 362 652 368 724 363 793 350 641 522 741 516 625 362 762 354
day06/0161.jpg 571 298 633 301 704 303 765 289 621 436 715 439 600 295 736 291
day01/0233.jpg 525 314 583 320 645 319 707 313 566 454 670 452 555 315 683 312
day05/0097.jpg 564 399 629 404 704 401 766 392 620 545 725 546 596 402 735 398
day05/0069.jpg 564 414 633 420 714 416 788 403 629 580 737 577 604 414 754 406
day07/0116.jpg 568 449 625 439 695 420 749 400 647 579 743 561 595 442 720 412
day02/0331.jpg 587 245 650 254 724 254 790 247 629 391 729 396 623 247 755 250
day07/0009.jpg 532 314 595 312 675 309 737 301 585 470 687 470 560 312 700 304
day04/0055.jpg 572 386 635 390 712 390 775 386 622 542 720 545 608 389 746 390
day06/0128.jpg 579 455 638 460 713 459 775 452 628 601 718 603 615 458 746 455
day07/0020.jpg 550 334 619 337 697 338 767 326 600 486 708 490 583 333 728 333
day06/0046.jpg 505 364 572 374 647 379 715 368 556 527 650 530 545 366 683 369
day05/0143.jpg 537 339 604 349 683 348 748 339 591 499 692 499 573 341 716 344
day05/0091.jpg 566 388 635 395 704 395 771 382 616 539 720 536 600 391 735 387
day07/0037.jpg 524 301 595 302 686 300 756 289 587 478 698 475 554 301 717 296
day06/0015.jpg 553 387 621 388 704 387 772 379 609 549 719 547 592 386 744 381
day05/0064.jpg 539 412 606 413 688 411 759 395 601 573 712 568 575 412 720 400
day06/0230.jpg 620 328 687 332 770 331 839 325 675 485 781 487 656 331 804 326
day05/0173.jpg 559 396 625 399 704 391 771 376 622 546 720 541 592 396 735 383
day06/0188.jpg 584 322 645 331 716 334 777 324 627 465 721 470 613 325 748 329
day05/0141.jpg 539 350 608 354 688 354 754 344 589 505 698 502 582 350 726 347
day06/0110.jpg 534 352 594 354 673 356 734 346 582 504 682 501 566 354 704 351
day04/0118.jpg 620 411 677 413 742 408 801 399 674 548 760 541 648 411 774 403
day07/0101.jpg 520 391 588 395 670 387 741 379 573 557 705 552 551 395 704 383
day05/0142.jpg 547 346 612 349 686 352 756 343 597 504 704 501 575 347 718 347
day01/0082.jpg 668 370 726 378 791 379 844 375 707 498 797 501 699 375 820 377
day02/0194.jpg 524 307 585 308 661 304 729 290 588 457 685 452 554 306 695 294
day06/0002.jpg 549 370 619 372 700 368 770 362 599 529 723 526 584 369 733 364
day06/0159.jpg 585 454 657 458 728 453 794 442 645 618 750 612 611 454 758 445
day05/0140.jpg 571 322 629 327 699 327 758 318 616 460 712 464 600 323 728 320
day07/0063.jpg 529 390 592 391 675 387 746 372 583 558 702 558 556 391 708 379
day02/0220.jpg 597 266 657 267 730 265 794 253 645 412 742 414 629 266 761 260
day06/0073.jpg 537 392 591 392 658 385 715 371 591 523 679 517 570 387 687 377
day02/0188.jpg 525 304 590 302 666 299 731 283 586 454 687 446 565 301 702 292
day06/0146.jpg 575 439 641 441 717 439 787 428 631 595 749 594 608 443 752 433
day06/0109.jpg 526 348 589 354 666 352 734 345 571 500 678 500 569 348 704 345
day06/0113.jpg 532 358 595 365 668 360 734 353 578 507 684 509 558 361 704 357
day04/0069.jpg 583 365 652 368 726 361 790 352 644 520 741 517 612 364 752 354
day06/0142.jpg 572 434 638 437 718 432 784 426 628 595 735 589 603 434 749 428
day06/0062.jpg 558 390 616 395 686 395 746 387 604 529 700 529 593 391 720 391
day06/0063.jpg 552 392 612 395 681 393 737 386 595 532 693 530 585 392 712 390
day06/0076.jpg 532 395 594 395 658 384 713 373 598 528 679 520 561 395 687 379
day05/0095.jpg 565 392 625 395 700 395 766 383 612 541 722 540 592 392 733 388
day06/0172.jpg 567 312 634 317 704 316 764 308 619 453 717 452 600 311 732 311
